1.000000000000000000e+00 0.000000000000000000e+00 0.000000000000000000e+00 0.000000000000000000e+00 0.000000000000000000e+00 1.000000000000000000e+00 0.000000000000000000e+00 0.000000000000000000e+00 0.000000000000000000e+00 0.000000000000000000e+00 1.000000000000000000e+00 0.000000000000000000e+00
9.999932666830991801e-01 3.363131224552826527e-03 -1.468310876624876219e-03 2.896974915222209623e-01 -3.364139632292328669e-03 9.999941067537518880e-01 -6.848520280953046286e-04 -2.751842553710873813e-04 1.465998976267425665e-03 6.897870195821489189e-04 9.999986875195733260e-01 -1.022244196717866926e-02
9.999562502020905574e-01 9.273061027966831085e-03 -1.228015042973344770e-03 5.922541195120777369e-01 -9.278225955310559145e-03 9.999478427905783562e-01 -4.269217913281673007e-03 1.507590121860095771e-02 1.188362274884025363e-03 4.280424936905962222e-03 9.999901328300510039e-01 -1.505683750251483877e-02
9.997912436928352298e-01 2.025048167276755420e-02 -2.717908599410819807e-03 1.213144939331049610e+00 -2.026368039382625899e-02 9.997825655272870593e-01 -4.919850055930465905e-03 -1.191432001934421281e-02 2.617688298997240554e-03 4.973897837399077725e-03 9.999842038993778104e-01 -5.506190102231386246e-02
9.995591163940353852e-01 2.951316330813095676e-02 -3.247464414400333746e-03 1.547617273613856703e+00 -2.951878086838434154e-02 9.995627875050995259e-01 -1.695703712221037149e-03 -4.252921910241280051e-02 3.195999001800629673e-03 1.790817294680305000e-03 9.999932892593818012e-01 -5.030528185014639109e-02
9.993385830718634066e-01 3.630301857016327710e-02 -2.118307488224120683e-03 1.897085848897547944e+00 -3.629886577287972510e-02 9.993390431561659515e-01 1.967019908707924418e-03 -5.976708681214387003e-02 2.188316138666138513e-03 -1.888826729261589834e-03 9.999958217943033523e-01 -4.950842121493997938e-02
9.988323812037793736e-01 4.796653683571572985e-02 -5.752008586213485167e-03 2.596706702858835314e+00 -4.789775594451180923e-02 9.987854372610992515e-01 1.155228508281844028e-02 -1.174161691628530513e-01 6.299145518872532531e-03 -1.126328811416325328e-02 9.999167260860223339e-01 -5.127872542538514100e-02
9.984926128945970092e-01 5.273469017294659528e-02 -1.521691319827080634e-02 2.919106645529317312e+00 -5.246433647765493674e-02 9.984668025078802245e-01 1.765043023977074313e-02 -1.302725394326383346e-01 1.612437263523093176e-02 -1.682547895463714846e-02 9.997284170538853765e-01 -8.930327740661629654e-02
9.983198754805152619e-01 5.690615954571984214e-02 -1.091399222674789560e-02 3.264725189065721178e+00 -5.662397909288759135e-02 9.980919006327471088e-01 2.462281224796971507e-02 -1.356924848773420622e-01 1.229435692733310548e-02 -2.396344918970592236e-02 9.996372351461683126e-01 -8.068500589177576843e-02
9.983948025807896087e-01 5.576843465341099065e-02 -9.884324760666529652e-03 3.626231239457402999e+00 -5.547661654439688811e-02 9.980762664603836098e-01 2.767871646748433154e-02 -1.337279205189815245e-01 1.140890864421516618e-02 -2.708593776869588562e-02 9.995680010778347224e-01 -1.234510605128449345e-01
9.987540832337072905e-01 4.983799622211074198e-02 -2.540739373071123231e-03 3.983664709213292632e+00 -4.971090004569497789e-02 9.980844851149661690e-01 3.682644415959391432e-02 -1.425607312229575097e-01 4.371228733882627851e-03 -3.665425903435563099e-02 9.993184465694598950e-01 -1.141089219269036392e-01
9.991296567646255067e-01 4.165569346262128214e-02 -2.175356419005495048e-03 4.330272945374791682e+00 -4.154364286752848523e-02 9.984191606257311058e-01 3.785902049321756418e-02 -9.624027684761587986e-02 3.748961282385830304e-03 -3.773569792065264300e-02 9.992807225158225615e-01 -1.258155688097723768e-01
9.996620443343583462e-01 2.594214843177276505e-02 -1.673933091600767181e-03 4.685474321169940559e+00 -2.585665561381879710e-02 9.988968849622786861e-01 3.919753274282243571e-02 -6.751218505879455489e-02 2.688954763408855139e-03 -3.914100340308272752e-02 9.992300792984968316e-01 -1.401586041599712507e-01
9.999453312257307047e-01 1.042519618815220331e-02 8.061292093905937780e-04 5.053261003569812004e+00 -1.044652474269035236e-02 9.993713093091909361e-01 3.388002730863323014e-02 -6.592401218546510566e-02 -4.524164719086049393e-04 -3.388659637779976169e-02 9.994255819745980762e-01 -1.513603460535502265e-01
9.999904467783855555e-01 -4.363199034753614813e-03 2.623854949761878744e-04 5.428427550221953446e+00 4.354871453848926932e-03 9.996503261372212679e-01 2.608180492925395513e-02 -5.412878647861149584e-02 -3.760938517185753662e-04 -2.608041310888938383e-02 9.996597774270425951e-01 -1.364043780894223512e-01
9.997759856631375230e-01 -2.116427421957264160e-02 2.280089043564966747e-04 5.820370251564414232e+00 2.116171942743836493e-02 9.997429567414152229e-01 8.136465867139879710e-03 -4.947799184877137851e-02 -4.001526909950758556e-04 -8.129818121673300368e-03 9.999668724188478519e-01 -2.197959399782088430e-01
9.993271061765301999e-01 -3.660588405500558862e-02 -2.311733850023668484e-03 6.234135702831475001e+00 3.660319481026104438e-02 9.993291639184316288e-01 -1.195103246763952248e-03 -7.255771586199917522e-02 2.353930866430892048e-03 1.109682224708905202e-03 9.999966138016849193e-01 -2.009791818565898613e-01
9.991418263466967931e-01 -4.140566209478723642e-02 1.087194131427729254e-03 6.622222068463354816e+00 4.141579573099147399e-02 9.990687974602905363e-01 -1.209420543970743736e-02 -1.054104350962921655e-01 -5.854131497499226542e-04 1.212885352130858851e-02 9.999262713838970029e-01 -2.316966952902229093e-01
9.997214992937069056e-01 -2.359874534993084208e-02 -1.518810453207696573e-04 7.022698326045411221e+00 2.359536366128444154e-02 9.996533928215738385e-01 -1.167703018784673787e-02 -1.676551134324253955e-01 4.273916641066448406e-04 1.167019443819441830e-02 9.999318096241064380e-01 -1.988131270310132537e-01
9.999871358347862671e-01 2.719965828326158502e-03 -4.281349183791599393e-03 7.386126307919305134e+00 -2.753656237074820438e-03 9.999651373564313328e-01 -7.882984781257399917e-03 -1.277720998494317473e-01 4.259758475410776492e-03 7.894672737121839409e-03 9.999597634905641463e-01 -2.390440412176152718e-01
9.998367631690809887e-01 1.763578038039424409e-02 -3.927628540182251209e-03 7.759850718403835224e+00 -1.763349509344357482e-02 9.998443282513284069e-01 6.157226967889037816e-04 -7.395072668906202407e-02 3.937875869635061414e-03 -5.463643695749824088e-04 9.999920972785789619e-01 -2.553947637828615780e-01
9.997272378151782490e-01 2.291948834156931972e-02 -4.488543705329911884e-03 8.150885556148237399e+00 -2.288424844816520573e-02 9.997080733879887271e-01 7.751075785881480183e-03 -3.884488487650650246e-02 4.664884071082281772e-03 -7.646244636192186563e-03 9.999598860952207957e-01 -2.719744576734760000e-01
9.996590827159975712e-01 2.580287487581070169e-02 -3.991239350562416494e-03 8.546586444387392234e+00 -2.575859670201540233e-02 9.996101358713662677e-01 1.077362330748244702e-02 -1.879457631635907469e-02 4.267673763672928319e-03 -1.066714166831324480e-02 9.999339973464623776e-01 -3.243448446771384774e-01
9.997231618146222853e-01 2.352743247081322611e-02 2.442390344003452472e-04 8.949125673847923679e+00 -2.352869463351597509e-02 9.996619463825074936e-01 1.106315884273385841e-02 -3.257520572239581969e-03 1.613125407506761058e-05 -1.106584276357328034e-02 9.999387715573961888e-01 -2.956841996828679098e-01
9.999030091825471533e-01 1.392582028317062778e-02 -2.091820449766266751e-04 9.363305574509485751e+00 -1.392325780619972989e-02 9.998593946392180243e-01 9.345257821944234072e-03 1.599437096569113204e-02 3.392930137880135967e-04 -9.341438922208136764e-03 9.999563102451594077e-01 -3.214645785535706346e-01
9.999635269713044172e-01 7.984733801090033653e-03 3.031295636379532227e-03 9.775295374741386212e+00 -7.994006850920424082e-03 9.999633672506222926e-01 3.059413549112695394e-03 2.315435049818360957e-02 -3.006755988909082071e-03 -3.083534161118910068e-03 9.999907255747426671e-01 -3.145157337887725668e-01
9.999998046053099054e-01 5.848655123975063201e-04 -2.207298676122253027e-04 1.022161867105573663e+01 -5.849767176819915988e-04 9.999997018531009418e-01 -5.040793082661686100e-04 -1.633059894803037121e-02 2.204349831993816485e-04 5.042083316051985085e-04 9.999998485911767432e-01 -3.383117068857995346e-01
9.999819972967742832e-01 3.120323110269660090e-03 -5.125296678408906847e-03 1.066604947261508762e+01 -3.143970546547686720e-03 9.999844209095941627e-01 -4.612308240563264480e-03 -6.996670228703065486e-02 5.110824938953879848e-03 4.628338988346060445e-03 9.999762286907886155e-01 -2.924682725419143203e-01
9.999196991264225343e-01 1.058096421148134979e-02 -6.974130431812564264e-03 1.109803326521414313e+01 -1.065043058619575232e-02 9.998932798553276102e-01 -9.999861423247213832e-03 -7.577302074537607679e-02 6.867577975764764704e-03 1.007333591770236819e-02 9.999256793763403595e-01 -3.545340761927899265e-01
9.998588127587053620e-01 1.286541006173226587e-02 -1.080905975076403187e-02 1.155269407872083853e+01 -1.303409172063760973e-02 9.997920590124244056e-01 -1.568283101722576373e-02 -9.644240985389282428e-02 1.060504605223923195e-02 1.582150307778406456e-02 9.998185900645124580e-01 -4.368102330287327306e-01
9.998540613108696240e-01 1.681802293703304682e-02 -3.001696961573593198e-03 1.198558311866297821e+01 -1.687105709986331040e-02 9.996843496799702189e-01 -1.861634865563280977e-02 -9.315746785528120077e-02 2.687659296272803394e-03 1.866427361094880749e-02 9.998221948817113125e-01 -3.898516727948889149e-01
9.998235439544094216e-01 1.876278615009233791e-02 -9.158658914483855688e-04 1.243780664110024325e+01 -1.877963648573299088e-02 9.995212803974637961e-01 -2.458729928394505146e-02 -1.380768056287913770e-01 4.541012100198754545e-04 2.460016033485273521e-02 9.996972671281995071e-01 -3.922803291498293543e-01
9.996499358104428135e-01 2.554799661466169644e-02 -6.877914157267855585e-03 1.290115509853480802e+01 -2.571855438087916959e-02 9.993318113663605118e-01 -2.597088276872046297e-02 -2.355077247609678737e-01 6.209814388149775474e-03 2.613868130197265910e-02 9.996390386259725869e-01 -4.219676531801332953e-01
9.988738192005131022e-01 4.684213974100574773e-02 -7.543690096021861934e-03 1.337838233786207098e+01 -4.697729622387036841e-02 9.987177984218995608e-01 -1.886512005816017717e-02 -2.723200823554250971e-01 6.650334974680851587e-03 1.919825668643256045e-02 9.997935786875841169e-01 -4.329424591095260011e-01
9.970714002513180185e-01 7.613135176712090835e-02 -7.255348302246131774e-03 1.381888730043585412e+01 -7.619026559765601503e-02 9.970593955005221387e-01 -8.222242534248514617e-03 -3.525456063357313430e-01 6.608042753693811090e-03 8.750949790980747101e-03 9.999398755168837916e-01 -4.250784463088499998e-01
9.950725281996439797e-01 9.857100554187704644e-02 -1.069675132140210545e-02 1.425268402504810794e+01 -9.845058654040679536e-02 9.950782901283600212e-01 1.125515548845034547e-02 -3.879682842214016714e-01 1.175353700885580811e-02 -1.014659458550347393e-02 9.998794432260815768e-01 -4.508599293373370953e-01
9.940181137311659976e-01 1.088480716763941120e-01 -8.949126586725447696e-03 1.472469798519553841e+01 -1.085770344647458280e-01 9.937315576661304162e-01 2.661989641767241108e-02 -4.365729214663114366e-01 1.179055389606705265e-02 -2.548898959897749270e-02 9.996055693362493333e-01 -4.361002577144666992e-01
9.947371302114369485e-01 1.023698884336832621e-01 -4.295080999244685858e-03 1.516485970040846176e+01 -1.021236131100242833e-01 9.939940574295808018e-01 3.932659965002387181e-02 -4.410565057455506643e-01 8.295144608076995829e-03 -3.868099968659576005e-02 9.992171790152412081e-01 -4.762778665373256781e-01
9.959722018137728838e-01 8.942996880791673209e-02 -6.453982742480162023e-03 1.564609912026301508e+01 -8.905306854121378124e-02 9.950146131132723282e-01 4.489399374569833651e-02 -4.612243283019398232e-01 1.043667560188924620e-02 -4.413842283158702501e-02 9.989709082011952734e-01 -5.066067517230883333e-01
9.973285646311851327e-01 7.296836214100212159e-02 -3.369317016793831228e-03 1.611694558105301667e+01 -7.273954720232962690e-02 9.963073512262442533e-01 4.561381550961539355e-02 -4.653645117156364752e-01 6.685240721181848027e-03 -4.524687855537372350e-02 9.989534661522002645e-01 -4.812823670009717669e-01
9.985292201002958778e-01 5.387991826543946094e-02 -6.029180176808748501e-03 1.660819635092466484e+01 -5.361318000451975596e-02 9.978383834075715830e-01 3.800246739840983795e-02 -4.898210336524256303e-01 8.063717238211167565e-03 -3.762333061112217020e-02 9.992594565266962325e-01 -5.374866276336331961e-01
9.992161301906389292e-01 3.929269320275724509e-02 -4.817616393823388223e-03 1.708688941931383454e+01 -3.915193394087132517e-02 9.988825103928158367e-01 2.647369449162328622e-02 -5.197185021588812681e-01 5.852455513174768635e-03 -2.626432356296562118e-02 9.996379014784534389e-01 -5.695978508160585152e-01
9.995354501127404756e-01 2.917690176264005689e-02 -8.808653214572028170e-03 1.759092643573584525e+01 -2.900585135080758006e-02 9.993994301494143473e-01 1.895889248982485925e-02 -5.169793553849028056e-01 9.356524746731166228e-03 -1.869458265271345399e-02 9.997814601322154715e-01 -5.627235541634501015e-01
9.996619691182917489e-01 2.562865784677852837e-02 -4.372573099710734719e-03 1.808050026115662234e+01 -2.559237109648260927e-02 9.996391401667732435e-01 8.162106853883306645e-03 -5.123354426355610780e-01 4.580179057578222766e-03 -8.047443296292595971e-03 9.999571293891521551e-01 -5.278286536664553719e-01
9.996585448478156888e-01 2.497881598416415785e-02 -7.671536011583659012e-03 1.857785572650669792e+01 -2.502892455938301661e-02 9.996655519220323249e-01 -6.506706987344661880e-03 -5.627354653989526945e-01 7.506440444609767046e-03 6.696495534808596939e-03 9.999494038697177567e-01 -6.172179219641552583e-01
9.995359507118850573e-01 2.871701596169148191e-02 -1.015953880567417762e-02 1.906984665798135126e+01 -2.888200732550779554e-02 9.994468969732493990e-01 -1.648422832261862980e-02 -5.859464488203376398e-01 9.680541686153563627e-03 1.677000670240965524e-02 9.998125094175726035e-01 -6.127057306682630600e-01
9.991186675777460335e-01 4.140452999987576099e-02 -6.895867832174351966e-03 1.960106912913604660e+01 -4.152276783321053044e-02 9.989755815217423729e-01 -1.799019940873292436e-02 -6.269360646077247745e-01 6.143927826620820820e-03 1.826067958171507730e-02 9.998143826391352462e-01 -5.770121877021637813e-01
9.978471407275114613e-01 6.472499354001765015e-02 -1.057161071808352878e-02 2.009440842914294478e+01 -6.488645460939690413e-02 9.977688312053736297e-01 -1.571965277241205161e-02 -6.714901846095729931e-01 9.530569245994713334e-03 1.637176491118780275e-02 9.998205506807409382e-01 -6.164923601738604431e-01
9.961912357625063441e-01 8.612301000553609920e-02 -1.363264235417470729e-02 2.058064521894966248e+01 -8.622460928033315319e-02 9.962507928400006207e-01 -7.048015332279042311e-03 -7.166853539122195471e-01 1.297453445886968468e-02 8.196640363983384928e-03 9.998822313364305048e-01 -6.296091396742977686e-01
9.944947732648344862e-01 1.042603064803695745e-01 -1.048496263917628700e-02 2.107836466105593587e+01 -1.041952829420955406e-01 9.945351628518801501e-01 6.569083939254607984e-03 -7.859017291005258032e-01 1.111255873065102560e-02 -5.440435993900403361e-03 9.999234534176374423e-01 -6.216304211172342109e-01
9.934851280510219595e-01 1.136478089399223512e-01 -8.454339986035825857e-03 2.158365507420452190e+01 -1.134448416168494789e-01 9.933113237330800649e-01 2.151469391286201308e-02 -8.744322306478480300e-01 1.084288946602860772e-02 -2.041542717630743034e-02 9.997327853387806273e-01 -6.345677158774456483e-01
9.946983243280337339e-01 1.025122397465157292e-01 -8.153789373941884230e-03 2.261914024084452279e+01 -1.020631345229642134e-01 9.938171895647587295e-01 4.370938454098462905e-02 -1.023389779129898258e+00 1.258412294715197978e-02 -4.264545025858252486e-02 9.990110136639603899e-01 -6.612053375623527796e-01
9.957433064603699036e-01 9.161539307228369622e-02 -1.009392845134079141e-02 2.313670534757347852e+01 -9.105793954521007594e-02 9.947737420635696104e-01 4.619148998055331440e-02 -1.041456751916785883e+00 1.427302648882505624e-02 -4.507573463687134657e-02 9.988816040261205842e-01 -6.936178683547592483e-01
9.965761891194820921e-01 8.197651754548616887e-02 -1.075871048057229322e-02 2.364173949811216602e+01 -8.137895658976891655e-02 9.955493724946383738e-01 4.752801647336306334e-02 -1.060061646086660314e+00 1.460700874411603907e-02 -4.648975690027173924e-02 9.988119631837130141e-01 -6.909002964968787852e-01
9.973639021824713957e-01 7.171406553422877972e-02 -1.106071552414277133e-02 2.417075522595014192e+01 -7.115268194667433155e-02 9.964604964431230671e-01 4.476354409695702807e-02 -1.068125770138755426e+00 1.423174181711697912e-02 -4.385854344226622348e-02 9.989363771992557650e-01 -6.937006234561147178e-01
9.980425387053281083e-01 6.125221815793453067e-02 -1.261969513722414546e-02 2.468970125118016057e+01 -6.076567746102149586e-02 9.975069981984577838e-01 3.587925567518133324e-02 -1.090001416814026625e+00 1.478591821047264832e-02 -3.504217909655054503e-02 9.992764493906771683e-01 -7.062721440356094504e-01
9.983897430163813924e-01 5.529488725644089719e-02 -1.266477330951153862e-02 2.521529832041249364e+01 -5.494404331981019018e-02 9.981363505765352695e-01 2.655141731483796896e-02 -1.086896947494178312e+00 1.410932823895763230e-02 -2.581280885632840361e-02 9.995672192281978008e-01 -7.249118692793269370e-01
9.986792551024310516e-01 4.947989162278232378e-02 -1.383783773033513478e-02 2.574882950111547686e+01 -4.923359750287052694e-02 9.986320969974892270e-01 1.760646822399627304e-02 -1.118718815496685393e+00 1.469007505013884829e-02 -1.690192803779986402e-02 9.997492318194729499e-01 -7.191266864495028388e-01
9.981746998445326646e-01 5.747073340115556317e-02 -1.855756968491101278e-02 2.683332439511943690e+01 -5.748408087463335869e-02 9.983464057044528772e-01 -1.861800166809654024e-04 -1.225035102742594528e+00 1.851618309143752972e-02 1.252605018871641831e-03 9.998277761416668463e-01 -7.561049994088918647e-01
9.977155169555462777e-01 6.502320572303636748e-02 -1.832293490756446014e-02 2.736832697370139655e+01 -6.510188169649926138e-02 9.978716512499451463e-01 -3.729963978760459601e-03 -1.275950874118927159e+00 1.804140309682615573e-02 4.914300479979476222e-03 9.998251634286318135e-01 -7.618420440742335042e-01
9.971476389255715667e-01 7.322893655086067100e-02 -1.827864975286752972e-02 2.787206478944414911e+01 -7.330774229470794767e-02 9.973025844676208784e-01 -3.678305840559416111e-03 -1.325259126186741909e+00 1.795998621410023824e-02 5.007780529738401452e-03 9.998261654054445557e-01 -7.630841079695899198e-01
9.963513282991296460e-01 8.347172993811334540e-02 -1.779047210443241225e-02 2.839233087115381693e+01 -8.355921753779217698e-02 9.964938308229007724e-01 -4.231110536477688394e-03 -1.398953874164085454e+00 1.737491758345463891e-02 5.702230531874279834e-03 9.998327844224400573e-01 -7.631023823146485530e-01
9.952592310891951177e-01 9.535726411442432826e-02 -1.913256679998972740e-02 2.893442999981262531e+01 -9.540069618156410414e-02 9.954380116608420037e-01 -1.368250263058965344e-03 -1.470504068015080490e+00 1.891481165164086639e-02 3.187023897208954900e-03 9.998160194650121957e-01 -7.725794376602673763e-01
9.941200628527562255e-01 1.065539097347764225e-01 -1.927602017702402526e-02 2.946212934213857793e+01 -1.064006171344819424e-01 9.942842806775872289e-01 8.813505026622545438e-03 -1.546284199441345653e+00 2.010495727509272607e-02 -6.710701728287006562e-03 9.997753533545826743e-01 -7.766855007013389045e-01
9.931234697113835441e-01 1.153846762565203521e-01 -1.980278752096620992e-02 2.998198293272514192e+01 -1.149653256761537790e-01 9.931442830881391792e-01 2.115199426820069464e-02 -1.626752400755766104e+00 2.210764122647284474e-02 -1.872990802230721855e-02 9.995801332283857921e-01 -7.822246866477062799e-01
9.921438468997926252e-01 1.236619355345068977e-01 -1.892915103062828286e-02 3.050558972592687823e+01 -1.229337648977455316e-01 9.917713767505635936e-01 3.573269799997719903e-02 -1.677462566881284367e+00 2.319216477491274631e-02 -3.312494465129272453e-02 9.991820962842068443e-01 -7.929119399465012208e-01
9.915057594100410432e-01 1.290505108686616775e-01 -1.619551484996065160e-02 3.104649024554279535e+01 -1.281030224553475760e-01 9.905000589975507808e-01 4.999248707209009990e-02 -1.724736522159452390e+00 2.249321441062992338e-02 -4.749314445670892171e-02 9.986182736837392326e-01 -7.782790295013659598e-01
9.921201587048981141e-01 1.246094513007913046e-01 -1.304129356633806393e-02 3.158824223099543360e+01 -1.235923250788774214e-01 9.904377408340336864e-01 6.130268112548321185e-02 -1.756849807337514502e+00 2.055548279571112538e-02 -5.920782193335024507e-02 9.980340204366502377e-01 -7.698411998957573887e-01
9.957856602771284482e-01 8.924681021411241810e-02 -2.111695179351326737e-02 3.269400878689485523e+01 -8.737327092967435427e-02 9.931718825583624177e-01 7.730150853979544934e-02 -1.833510833558369857e+00 2.787167582857347573e-02 -7.513067657145477973e-02 9.967841045705044811e-01 -7.515502592793131820e-01
9.972295741345081899e-01 7.058247027343936275e-02 -2.347959457926069096e-02 3.322730297264190824e+01 -6.871324171481571486e-02 9.949876251178316755e-01 7.265064538886473189e-02 -1.881548632426158107e+00 2.848976806765383604e-02 -7.083601310404413764e-02 9.970810360060886612e-01 -7.672551734518326949e-01
9.980921488015803700e-01 5.418187892835948233e-02 -2.960382570608818820e-02 3.376818428566269148e+01 -5.226204389408595913e-02 9.966961874346690342e-01 6.217225041131907437e-02 -1.937175487245453409e+00 3.287462955922828417e-02 -6.050647857037894095e-02 9.976262951538295010e-01 -8.116824291421593784e-01
9.987557300170775143e-01 4.003338374225652585e-02 -2.973751745186259399e-02 3.429127388206895688e+01 -3.848015907126289825e-02 9.979526993214051789e-01 5.108509836509426971e-02 -1.958609728851498089e+00 3.172174515856440724e-02 -4.987723030869181673e-02 9.982514677078260235e-01 -8.097818868500118450e-01
9.989031535718915222e-01 3.267956370194429611e-02 -3.353410056018683166e-02 3.537451290504250778e+01 -3.161264317735509172e-02 9.989920369727895988e-01 3.186770867661749274e-02 -2.114314695140864675e+00 3.454172224240393413e-02 -3.077265313890081497e-02 9.989293835118283615e-01 -8.166477697053737828e-01
9.986968644907616710e-01 3.840386787868312057e-02 -3.361124496768748415e-02 3.645037289969329919e+01 -3.762667730797583654e-02 9.990164939084106299e-01 2.345800617503678021e-02 -2.254993753244139310e+00 3.447906627335931007e-02 -2.216275774589565595e-02 9.991596499849331181e-01 -8.432603787613131008e-01
9.984295886632859052e-01 4.641758974179201191e-02 -3.136500987126120132e-02 3.697717840194184902e+01 -4.572590307596684223e-02 9.987023591124009059e-01 2.242185744340481277e-02 -2.287062352650401476e+00 3.236507793206920558e-02 -2.095245250293547093e-02 9.992564718152008307e-01 -8.467476593903009441e-01
9.983351689232089488e-01 5.132167732226494694e-02 -2.632443594641791992e-02 3.748779744484465226e+01 -5.067260076460136653e-02 9.984083854825166471e-01 2.475850015541515570e-02 -2.321668837566005283e+00 2.755318534796050503e-02 -2.338335380187552687e-02 9.993468070405574499e-01 -8.402781500025633399e-01
9.981556366620188969e-01 5.615087172991736764e-02 -2.307389442227201701e-02 3.799949037437752963e+01 -5.548386035635767544e-02 9.980499704554797180e-01 2.859716268744797590e-02 -2.364740908729343616e+00 2.463465526034391492e-02 -2.726419039301428149e-02 9.993246708064489336e-01 -8.547598695728114704e-01
9.981176211658313591e-01 5.846121988052778440e-02 -1.853375537613557306e-02 3.851954418611951780e+01 -5.785089861696471325e-02 9.978150067024282865e-01 3.191372633589795171e-02 -2.424803691915441650e+00 2.035897461738980091e-02 -3.078145820966736446e-02 9.993187749577283618e-01 -8.622636776561706240e-01
9.979209488529855454e-01 6.035686418971614869e-02 -2.260152175277692355e-02 3.903386186625888854e+01 -5.952575235229538159e-02 9.975846795291236635e-01 3.579793256137589474e-02 -2.480707913748229743e+00 2.470758278849406742e-02 -3.437813424198260526e-02 9.991034377074227146e-01 -8.813457296805583541e-01
9.980797439464642595e-01 5.801702188573007457e-02 -2.169907590823092272e-02 3.951599565843393691e+01 -5.711940087974731739e-02 9.975688716947371804e-01 3.992142618729629250e-02 -2.467797664765136290e+00 2.396244492741030421e-02 -3.860532861147204092e-02 9.989671815609865169e-01 -8.554424710800392351e-01
9.988698911004304515e-01 4.312943048505690075e-02 -1.996979917397307888e-02 4.049430136855895057e+01 -4.241838696114507562e-02 9.984952017332660024e-01 3.475647512707398523e-02 -2.490633906026274769e+00 2.143877563268780859e-02 -3.387010985631726256e-02 9.991962742913387263e-01 -9.087305730180230690e-01
9.992663771040691811e-01 3.052927769001797728e-02 -2.312294948820497326e-02 4.147695306477370991e+01 -2.995882880137976448e-02 9.992476948546289428e-01 2.462748270855312505e-02 -2.561524634822219149e+00 2.385741323274437331e-02 -2.391667893826890379e-02 9.994292452707224106e-01 -8.661606904874040724e-01
9.993460876843404117e-01 2.494419090325329311e-02 -2.617602663095705551e-02 4.198888742483068626e+01 -2.443904574427197343e-02 9.995122187951043236e-01 1.944370135536960947e-02 -2.573007802664894594e+00 2.664826585562181382e-02 -1.879126976735408933e-02 9.994682376681205405e-01 -6.623489135802249628e-01
9.983649859489897027e-01 1.969051513665995984e-02 -5.366226276189504929e-02 4.244418596814256972e+01 -1.968578171455039744e-02 9.998060259464461863e-01 6.168301722054344433e-04 -2.590238264220634079e+00 5.366399937910680540e-02 4.405619448327208632e-04 9.985589522285661657e-01 -8.684731678011110567e-01
9.975673408198363346e-01 1.925052050685413518e-02 -6.699864170157324161e-02 4.292683106571583096e+01 -2.032286555582026727e-02 9.996754605272448746e-01 -1.536081883367377936e-02 -2.579900617987783029e+00 6.668119423976040516e-02 1.668505558444685621e-02 9.976348165811492752e-01 -8.603165147136720980e-01
9.986691824381537241e-01 2.794992452011431719e-02 -4.334357815904938543e-02 4.332538614826457035e+01 -2.951903370692083792e-02 9.989159286648876535e-01 -3.599436217763432588e-02 -2.528691162338637444e+00 4.229055092239141639e-02 3.722592079297641632e-02 9.984116085682275266e-01 -7.984254383690689849e-01
9.953683678564940740e-01 7.943697893816918654e-02 -5.414405459398011905e-02 4.424249260254278227e+01 -8.241571905547594168e-02 9.950680974811719759e-01 -5.520082089760629251e-02 -2.591256988665075589e+00 4.949203494773570661e-02 5.940747219313084748e-02 9.970061638346848776e-01 -8.286828006926245660e-01
9.934105628188271142e-01 1.017635746789874729e-01 -5.272218269889220738e-02 4.468982690602229724e+01 -1.047894073312970742e-01 9.927892053769283853e-01 -5.821317546915508873e-02 -2.668036895700742761e+00 4.641803303821407517e-02 6.335430968451377653e-02 9.969110279524757701e-01 -8.016730246740950694e-01
9.904697976165363071e-01 1.269041848387359728e-01 -5.352483423490021069e-02 4.514296108729708834e+01 -1.301899828134009118e-01 9.894752222492594340e-01 -6.316132463640210248e-02 -2.728807791688985240e+00 4.494606083411527980e-02 6.952778167894131667e-02 9.965669767709049998e-01 -8.361622473851637594e-01
9.873551533085233034e-01 1.497535847168132705e-01 -5.199677970381092612e-02 4.559427324253399405e+01 -1.528290386511892418e-01 9.863500049640464562e-01 -6.129398545027697764e-02 -2.825159906669208798e+00 4.210802987620917287e-02 6.846555025623971003e-02 9.967644567539788447e-01 -8.232468710508612508e-01
9.841985366103734867e-01 1.701760995559940537e-01 -4.892173007884754315e-02 4.604769461286964827e+01 -1.729694197297373948e-01 9.830960945889571923e-01 -6.003039765234021580e-02 -2.948829011583437243e+00 3.787902285377958006e-02 6.754379278548514054e-02 9.969969988338953648e-01 -7.954926536685716920e-01
9.805697481553660166e-01 1.895318629499443408e-01 -5.060278578542526384e-02 4.650452705404369880e+01 -1.924869808515159986e-01 9.793494127173912878e-01 -6.183437565601253294e-02 -3.083221135657761902e+00 3.783822412838945548e-02 7.037329562287301943e-02 9.968028230587960836e-01 -8.182346396074762218e-01
9.746021800723900785e-01 2.130890334528052488e-01 -6.887419270157515983e-02 4.694601890416063839e+01 -2.169760605353616978e-01 9.746311524280576455e-01 -5.491362191033560131e-02 -3.175275099830230818e+00 5.542544318902211525e-02 6.846298663442518251e-02 9.961128649447285044e-01 -8.180520802470180319e-01
9.708167978212409732e-01 2.311851813787081933e-01 -6.378210547642311490e-02 4.741786950031426073e+01 -2.347931782573251525e-01 9.704077987306100050e-01 -5.639918090394371170e-02 -3.352860388985074991e+00 4.885599770689054433e-02 6.972887546566083894e-02 9.963688952463132242e-01 -7.620578143962197792e-01
9.648948423981459355e-01 2.533725394939183029e-01 -6.913970887890655281e-02 4.780916115921247211e+01 -2.573246831590084160e-01 9.647108976318096163e-01 -5.582912705339559967e-02 -3.413838866930922311e+00 5.255426291532448724e-02 7.166059043038291998e-02 9.960435779766846354e-01 -8.111819441575132128e-01
9.598752372208501082e-01 2.718229134387005752e-01 -6.893353828082057766e-02 4.823204099596328120e+01 -2.754809758975125256e-01 9.599773343939470571e-01 -5.053463533504597843e-02 -3.546284941510706279e+00 5.243816252283074048e-02 6.749682347776540803e-02 9.963405130434276336e-01 -7.860110415515872972e-01
9.555260644593703834e-01 2.890682337685109848e-01 -5.839089282363057326e-02 4.865284463371997958e+01 -2.921938345604148113e-01 9.547875369743391571e-01 -5.480440021892210578e-02 -3.707636076055657703e+00 3.990868556678044826e-02 6.942849173378572158e-02 9.967883332743735503e-01 -7.608650567829231548e-01
9.501383818243227530e-01 3.069831575586263184e-01 -5.475761462657951356e-02 4.906983392341933836e+01 -3.099265215937422879e-01 9.490346957416836426e-01 -5.725991172970383569e-02 -3.852502081164406178e+00 3.438904763236354939e-02 7.137567690625078176e-02 9.968565123171506670e-01 -8.044151813138220586e-01
9.456292239787755793e-01 3.191436230692473175e-01 -6.271139140166512305e-02 4.948193618050266451e+01 -3.226340702591822818e-01 9.448213416448245638e-01 -5.674406647806248122e-02 -3.929292091905394191e+00 4.114155399704387539e-02 7.389167900858617521e-02 9.964172782062745704e-01 -7.947063986876226060e-01
9.444898928664661186e-01 3.246739343143965617e-01 -5.025613047084216689e-02 4.985970627257064791e+01 -3.276265020981758425e-01 9.421798760604203071e-01 -7.041275644146550994e-02 -4.067015142626095425e+00 2.448912811852241300e-02 8.296937702298388950e-02 9.962511556231252730e-01 -7.549833744726643925e-01
9.406206501009429788e-01 3.348185815646244068e-01 -5.594023634855627841e-02 5.028860965105820213e+01 -3.386394594705142147e-01 9.369673839241823288e-01 -8.611293719175924788e-02 -4.239814287402920989e+00 2.358196542269879598e-02 9.994317836314217662e-02 9.947136532718728885e-01 -8.363741398349602285e-01
9.335679317113644293e-01 3.520111058877313792e-01 -6.737282992320778319e-02 5.072024443064910315e+01 -3.573470411333619645e-01 9.286320211332931285e-01 -9.972793750562747306e-02 -4.476993809042836503e+00 2.745922565179955907e-02 1.171782857768083885e-01 9.927312024254159040e-01 -7.511733336004069450e-01
9.214947032255098591e-01 3.782855089545362204e-01 -8.802037061008621821e-02 5.111402408390922147e+01 -3.859788236429963493e-01 9.171629673204116928e-01 -9.915865607795534831e-02 -4.770013831268262727e+00 4.321874161169187573e-02 1.253481754594975017e-01 9.911710121278147767e-01 -7.984476686515757926e-01
8.773527518299164552e-01 4.690646415423054827e-01 -1.011459881125369165e-01 5.182447981729531961e+01 -4.779700287889535049e-01 8.729078778990519982e-01 -9.785953342041230074e-02 -5.195473431081353510e+00 4.238868287597438722e-02 1.342020817892268236e-01 9.900469689906018500e-01 -7.895935174041101012e-01
8.546628893764901536e-01 5.105260131887929820e-01 -9.441681725299591599e-02 5.211243423102973082e+01 -5.181117185448551599e-01 8.503551366278854218e-01 -9.195862502814500239e-02 -5.356069700703777414e+00 3.334055532119939436e-02 1.275120836161288962e-01 9.912764881216276081e-01 -8.221372085196479995e-01
8.300664766192180632e-01 5.505952136267526775e-01 -8.851302234286001491e-02 5.239488254729713645e+01 -5.568636592401770002e-01 8.268701882295438343e-01 -7.866738100940395828e-02 -5.557193392398590781e+00 2.987489599307656049e-02 1.145888412915901100e-01 9.929636891854876080e-01 -7.918437877727628749e-01
8.037868787657982406e-01 5.897136189155720576e-01 -7.851433747689381959e-02 5.261728868424238925e+01 -5.942487746096802859e-01 8.021158355415287655e-01 -5.897949006568746488e-02 -5.741466429978308028e+00 2.819658487883668074e-02 9.406398906603237464e-02 9.951667792697643788e-01 -8.348101666618028549e-01
7.801138039048207684e-01 6.220201886424370219e-01 -6.718138044412269583e-02 5.287851740324953198e+01 -6.248340603865896181e-01 7.800476647318403955e-01 -3.328720065145353985e-02 -6.026129362911655463e+00 3.169936810030345165e-02 6.794501944682584949e-02 9.971853510729146164e-01 -8.247465697605944612e-01
7.599648802532524838e-01 6.479524764467877729e-01 -5.109764229526331941e-02 5.312359435423478971e+01 -6.492672364620782899e-01 7.604400165752170926e-01 -1.352911113042526599e-02 -6.240989126031590395e+00 3.009047089288170024e-02 4.345767432294000282e-02 9.986020198777317836e-01 -8.382460824208148864e-01
7.533793878384310583e-01 6.566201397263650152e-01 -3.562990437708039165e-02 5.337313380070188629e+01 -6.567835705931265311e-01 7.540306937671616971e-01 8.547178245273324981e-03 -6.474205606743702823e+00 3.247829088998507169e-02 1.696186790250054852e-02 9.993285023745313023e-01 -8.525111948070420720e-01
7.534264911765202744e-01 6.573195981584367686e-01 -1.671730451562634251e-02 5.359970812761145709e+01 -6.568731032654968605e-01 7.535660627933185030e-01 2.561084169902468066e-02 -6.708426005768478362e+00 2.943210151845974260e-02 -8.314738901959701708e-03 9.995321988396368429e-01 -7.857898531052687208e-01
7.502536383500071349e-01 6.610967314777316250e-01 -8.401771958151444189e-03 5.381069169538515951e+01 -6.602408868806268760e-01 7.498276011612695635e-01 4.290151311806162521e-02 -6.943119062410203490e+00 3.466193061068428838e-02 -2.663982293852760336e-02 9.990439782112416900e-01 -7.981138640726374023e-01
7.510660927525301123e-01 6.602230201200653958e-01 -2.299569739628623544e-03 5.402403286658756087e+01 -6.587432997810838131e-01 7.496070549647297909e-01 6.439354114065888590e-02 -7.079133103695617990e+00 4.423787190832052102e-02 -4.684897918465429079e-02 9.979219327374154735e-01 -7.994807888317870814e-01
7.599665961124097979e-01 6.499238952636188227e-01 7.050046714895445710e-03 5.433624421242929969e+01 -6.487108129396972345e-01 7.577861288119216443e-01 7.024574119018910101e-02 -7.286855796887758530e+00 4.031195813198389793e-02 -5.795785835938397496e-02 9.975048033397928560e-01 -8.110395585527970796e-01
7.671979498121064278e-01 6.413490580642610128e-01 8.870824323913749365e-03 5.464909591913181686e+01 -6.399123332285544530e-01 7.643882012499417788e-01 7.888525573176452532e-02 -7.472201702520157696e+00 4.381223101016486210e-02 -6.619715635858972047e-02 9.968442330193560963e-01 -8.158731594397310438e-01
7.777152307847894352e-01 6.283007600311903973e-01 1.992924357797420595e-02 5.492338695037348373e+01 -6.274829366497695071e-01 7.740189812797054758e-01 8.461548813372427036e-02 -7.655514559506689132e+00 3.773836269293041890e-02 -7.831201416740279919e-02 9.962143566614071188e-01 -7.858325105077804684e-01
7.945317342501465596e-01 6.067636113257236508e-01 2.360600009363060525e-02 5.551542069299606652e+01 -6.059581849083869320e-01 7.897703938158688874e-01 9.527540708105312894e-02 -7.851490296241836475e+00 3.916633008066415511e-02 -9.000358338918144907e-02 9.951710172453371861e-01 -7.932977525052542500e-01
8.234470674613746377e-01 5.672336800141266622e-01 1.344913926218970282e-02 5.611252169462490258e+01 -5.660402578884977665e-01 8.196170431356667452e-01 8.846654198661552115e-02 -8.187047666021395997e+00 3.915805841439642943e-02 -8.046026882367529609e-02 9.959883491296656066e-01 -7.654300483760811957e-01
8.372046765446337080e-01 5.467557950588067817e-01 1.210083226093019645e-02 5.641838755147728079e+01 -5.456099107074460219e-01 8.335282048188583648e-01 8.683638125385015338e-02 -8.395265006962976173e+00 3.739190968121124115e-02 -7.930215848930802225e-02 9.961490916270158147e-01 -7.546103326319968385e-01
8.466884300112818007e-01 5.319997849158530911e-01 9.743271243116635727e-03 5.670710115087319991e+01 -5.307822604905874098e-01 8.431849256422569994e-01 8.549487188225794732e-02 -8.646309592431329349e+00 3.726787401413000217e-02 -7.755907438299904089e-02 9.962909693193647831e-01 -7.978681713784915308e-01
8.492007461676339686e-01 5.272932480633357732e-01 2.863430207201015168e-02 5.692844540978138923e+01 -5.277251157790917580e-01 8.454374429269554403e-01 8.210805242529541081e-02 -8.782430581014747162e+00 1.908651053173037945e-02 -8.483725976213711550e-02 9.962119977553842709e-01 -8.051657418167175173e-01
8.510025363986341018e-01 5.245216668355223710e-01 2.591725415966475085e-02 5.721833862319611796e+01 -5.244904194208799275e-01 8.463850867836595349e-01 9.242339966657017736e-02 -8.805943445537259606e+00 2.654209823659304732e-02 -9.224589904327601397e-02 9.953824446567745010e-01 -8.172229960120067638e-01
8.664527243408814972e-01 4.983871188079860293e-01 2.949502141953775150e-02 5.763682986503729211e+01 -4.986965070992687155e-01 8.611607794339692923e-01 9.850840457375964476e-02 -8.794712954623712164e+00 2.369536429881674219e-02 -1.000619396721493803e-01 9.946990187688904417e-01 -7.930170073338216330e-01
8.804009837557408291e-01 4.735390090726264711e-01 2.559130103060110531e-02 5.787997983466865293e+01 -4.737111854136447642e-01 8.756327595874633385e-01 9.415403948447015336e-02 -8.887066345764862874e+00 2.217702901480219160e-02 -9.501619453418785888e-02 9.952286682769533321e-01 -7.672116232390604473e-01
8.930246178509706478e-01 4.496836651917124339e-01 1.707727062137581395e-02 5.811399505482101091e+01 -4.495011237830499606e-01 8.895762452292297340e-01 8.125788356609223162e-02 -8.952939640145379130e+00 2.134880862959482803e-02 -8.024154275444386752e-02 9.965467992956896781e-01 -7.902544998951983590e-01
9.044997107261710800e-01 4.263925418473459850e-01 8.347068541233329877e-03 5.837443076904214223e+01 -4.258009185697613219e-01 9.017993200275846721e-01 7.383470825386552472e-02 -9.025652495207769022e+00 2.395518819421508377e-02 -7.033766170939452500e-02 9.972355600879034832e-01 -7.666898000988500161e-01
9.125414027063636357e-01 4.089781531914509771e-01 -2.249124010004127650e-03 5.864666065756199487e+01 -4.078193274544058000e-01 9.103430141545056919e-01 7.042011598063184497e-02 -9.172610227078516587e+00 3.084776331176102698e-02 -6.334403517458915556e-02 9.975148864585741126e-01 -7.679037411410605252e-01
9.129870843283645065e-01 4.077270461480304586e-01 -1.460272882011123124e-02 5.917038916354339761e+01 -4.058092520447627027e-01 9.112230569610580977e-01 7.064978002382256428e-02 -9.360432782547059460e+00 4.211216931555639836e-02 -5.857641421208826388e-02 9.973942895834083666e-01 -7.649744301208276642e-01
9.125697932101108911e-01 4.086125853625034443e-01 -1.587852650047598749e-02 5.944778228973099488e+01 -4.065180021191693305e-01 9.107263869284534241e-01 7.294218330488856650e-02 -9.569871786292125648e+00 4.426608717172235419e-02 -6.010992626526637933e-02 9.972097624326036192e-01 -7.958684261665465165e-01
9.101426981766673752e-01 4.141795475430988249e-01 -9.776060182388522299e-03 5.966339307928566171e+01 -4.124308069639774921e-01 9.080312118816054046e-01 7.334949022225971393e-02 -9.583135256633045884e+00 3.925682644761422507e-02 -6.272655455081964371e-02 9.972583822317288016e-01 -7.869987621434326730e-01
9.151604623871334443e-01 4.030839162180874236e-01 -2.164386670155397235e-03 5.985748718319194950e+01 -4.018469130791574861e-01 9.127469930511578067e-01 7.356619553043251825e-02 -9.551685012935443808e+00 3.162888762065664550e-02 -6.645512141558128361e-02 9.972879876472594551e-01 -7.992362585625658600e-01
