1.000000000000000000e+00 0.000000000000000000e+00 0.000000000000000000e+00 0.000000000000000000e+00 0.000000000000000000e+00 1.000000000000000000e+00 0.000000000000000000e+00 0.000000000000000000e+00 0.000000000000000000e+00 0.000000000000000000e+00 1.000000000000000000e+00 0.000000000000000000e+00
9.998483276186478363e-01 -1.687862531064670754e-02 4.293456162108819606e-03 4.286237516052796570e-01 1.695665684589038255e-02 9.996787405255094239e-01 -1.883845879953684188e-02 6.344908810616109625e-03 -3.974109561130994943e-03 1.890840418845346482e-02 9.998133219277697270e-01 5.263662521628450185e-03
9.996133696024176452e-01 -2.772046389153868737e-02 2.164992780176034151e-03 8.553851822976736852e-01 2.778293238093789905e-02 9.988850113041628509e-01 -3.816861092833618435e-02 -5.561024929577352074e-03 -1.104527236670436834e-03 3.821400363113464788e-02 9.992689677689701178e-01 -2.354517178014516737e-03
9.998190916312550414e-01 -1.692830707682749583e-02 -8.672740579803628683e-03 1.292658526995818402e+00 1.648975277759194211e-02 9.986937812857171748e-01 -4.836134070277597202e-02 -3.802404597888891374e-02 9.480087709817836342e-03 4.820958038345395796e-02 9.987922528215091855e-01 6.624694119318668209e-03
9.998952471472316583e-01 1.418601014997832206e-02 2.872603070612008910e-03 2.162404920104289197e+00 -1.406385280042823406e-02 9.991470294516178186e-01 -3.882552745830808449e-02 -6.994512807398128862e-02 -3.420932151397404822e-03 3.878106050680744932e-02 9.992418759085224256e-01 -5.870805433093731485e-02
9.995404083528462991e-01 2.924545967554462861e-02 7.979671559118521260e-03 2.597247978942954560e+00 -2.894339534792724627e-02 9.989449609411351627e-01 -3.565452111650929679e-02 -1.193115976273672885e-01 -9.013985553510463558e-03 3.540717580773870832e-02 9.993323170826414747e-01 -6.561044970977789048e-02
9.988177302035488037e-01 4.801015784938360981e-02 7.626701404155816939e-03 3.026090163339916650e+00 -4.778298136647807920e-02 9.984762866892226141e-01 -2.760238415485452915e-02 -1.331598495751867839e-01 -8.940275318002871563e-03 2.720532415867573175e-02 9.995898868109158730e-01 -9.083114996853713929e-02
9.981321037531146745e-01 6.070832277551169165e-02 6.841272042966288318e-03 3.460108152983912166e+00 -6.061555010963108614e-02 9.980760339637929635e-01 -1.303784920960801216e-02 -1.818858569394778968e-01 -7.619615626026502060e-03 1.259880839166788516e-02 9.998915998671163985e-01 -7.455867288915216107e-02
9.974444968444381443e-01 7.115403513627531484e-02 6.448177926455890552e-03 3.874410959593746817e+00 -7.114215662767227333e-02 9.974640729640285031e-01 -2.053459611225671739e-03 -2.159814218487898507e-01 -6.577937755047509605e-03 1.589474704702341845e-03 9.999771018903651498e-01 -1.397779365841110288e-01
9.979729425856918024e-01 6.320054219105082638e-02 7.463064626061203903e-03 4.730823080710512052e+00 -6.331353251415559880e-02 9.978650525128868187e-01 1.602290778955822032e-02 -2.666736865716160532e-01 -6.434474915214340000e-03 -1.646294142038198793e-02 9.998437723426367718e-01 -1.711199989947320699e-01
9.984898029767816929e-01 5.234714424572829011e-02 1.667002821547414193e-02 5.136470213976063626e+00 -5.269256718994402150e-02 9.983898726123114908e-01 2.100370510423384129e-02 -3.042663206571333823e-01 -1.554370336570479877e-02 -2.185037195311100716e-02 9.996404126140507884e-01 -2.015884527261432579e-01
9.991159498568347175e-01 4.118701464569218124e-02 8.423097188717155667e-03 5.573870492709445124e+00 -4.134217962225545523e-02 9.989612947140897870e-01 1.916131120854070238e-02 -3.009331051359739329e-01 -7.625150867766669095e-03 -1.949260084557521630e-02 9.997809237960678663e-01 -2.748037830437998208e-01
9.997828952458900353e-01 1.905716134096873196e-02 8.425376868126058932e-03 6.007868781373900902e+00 -1.920787364269229205e-02 9.996501330545276565e-01 1.818430846063752090e-02 -3.026814993884799909e-01 -8.075887807048442307e-03 -1.834219413509554156e-02 9.997991518052204984e-01 -2.011845573135022103e-01
9.997922579903050222e-01 -9.227586348386016945e-04 2.036146800083948188e-02 6.414616738371031524e+00 7.045260688047785217e-04 9.999422642523123628e-01 1.072249061445473134e-02 -3.028915343585497078e-01 -2.037018668706189889e-02 -1.070591791769982468e-02 9.997351843442711106e-01 -2.459966798276912447e-01
9.993411291577631861e-01 -3.413995265738609813e-02 1.231954569935006516e-02 7.270763486012624455e+00 3.436609306755029208e-02 9.992355289268058938e-01 -1.863677487224968399e-02 -2.582433739698434261e-01 -1.167386915120305346e-02 1.904787029874682736e-02 9.997504185626143736e-01 -1.999186243553106590e-01
9.989633331083650480e-01 -4.548805347771625596e-02 -1.759572628244402293e-03 7.709493107349308261e+00 4.540373368571207213e-02 9.984071254191363431e-01 -3.349198231956414251e-02 -2.294477206796429747e-01 3.280254932558749215e-03 3.337737112334475398e-02 9.994374372738255019e-01 -3.230782538836111106e-01
9.991619036906611573e-01 -4.092929145880591646e-02 5.322724246115118334e-04 8.148838932148629866e+00 4.091126096611408247e-02 9.981315427573046462e-01 -4.538383059070170977e-02 -2.026924869263665718e-01 1.326250133419241755e-03 4.536757050584833140e-02 9.989694813191144496e-01 -3.533422289267670879e-01
9.999182215327028223e-01 -4.336311268937759460e-04 1.278132273758556675e-02 8.983725019050936567e+00 1.126416568175703193e-03 9.985269815605034571e-01 -5.424572131868964781e-02 -2.528210986497604895e-01 -1.273897298024735669e-02 5.425568228043759628e-02 9.984458120036824313e-01 -4.285893071268395693e-01
9.997960459971140246e-01 1.180301765961964955e-02 1.638765336048123369e-02 9.394650487349109014e+00 -1.091097431757260400e-02 9.985084834104426266e-01 -5.349541285773178750e-02 -2.651389741462795158e-01 -1.699461820629860967e-02 5.330569698920192140e-02 9.984336160308894259e-01 -3.950162705756015136e-01
9.995864691414700909e-01 2.067179697158972110e-02 1.998918505728101980e-02 9.780986544959061391e+00 -1.953726210805179289e-02 9.982743506201470218e-01 -5.537703750874629210e-02 -2.868342739918738338e-01 -2.109943360875207036e-02 5.496360344709200901e-02 9.982654036865650227e-01 -4.414621007869441449e-01
9.996875016537574155e-01 1.718310351523687218e-02 1.815599049496664091e-02 1.020061895425945586e+01 -1.613502139577858985e-02 9.982792413793992736e-01 -5.637568017797153774e-02 -2.851679930212946412e-01 -1.909345756604685640e-02 5.606511557604978990e-02 9.982445305102440880e-01 -4.382666907621872165e-01
9.996892179480374452e-01 2.201805905558657309e-02 1.169070544774599395e-02 1.063273855862654749e+01 -2.128654809631237363e-02 9.980080879233749203e-01 -5.938635625859219752e-02 -2.932785808844259878e-01 -1.297499088957814774e-02 5.911904528114230589e-02 9.981666133950091169e-01 -4.312856829969681782e-01
9.989586210385350551e-01 4.554511860551313518e-02 -2.704741022396972821e-03 1.148005129071298391e+01 -4.562529732671875837e-02 9.972984586704072285e-01 -5.756836438078305473e-02 -3.651924255152211307e-01 7.547606909096005179e-05 5.763181851060959759e-02 9.983379026154036717e-01 -5.830339097616838995e-01
9.977749297481585122e-01 6.661440789131407858e-02 2.776729613570904504e-03 1.190218755571035025e+01 -6.638788937708643700e-02 9.964997146573095765e-01 -5.080321674811798943e-02 -4.401064090234176329e-01 -6.151236470253878402e-03 5.050583480341807457e-02 9.987048227282657731e-01 -4.862916507042026049e-01
9.962843611956234691e-01 8.570766203122356930e-02 8.465713565313387826e-03 1.227860124967600797e+01 -8.530052166734045094e-02 9.955376968794882320e-01 -4.035486457868257132e-02 -5.016473271801070721e-01 -1.188665807987905089e-02 3.948279069450114781e-02 9.991495466638946610e-01 -6.099052756942247022e-01
9.939405272704247007e-01 1.084121448825707962e-01 1.813932444581414088e-02 1.309696562912868956e+01 -1.080744274089310147e-01 9.939675424650329383e-01 -1.866661903652015730e-02 -6.174274773145727035e-01 -2.005358794883675688e-02 1.659311206444880754e-02 9.996612037297410991e-01 -5.317486689532415767e-01
9.941322197307166375e-01 1.044875643997172227e-01 2.799068736371091229e-02 1.350364873789303033e+01 -1.044719970584910701e-01 9.945257730745966640e-01 -2.022009145985251624e-03 -6.985249808045628228e-01 -2.804873480014189249e-02 -9.140985673126203991e-04 9.996061388866719355e-01 -5.349111156399847244e-01
9.943665435917853346e-01 9.534111757291344191e-02 -4.631682507765352841e-02 1.397247218297417959e+01 -9.482657784364997844e-02 9.954064590465970808e-01 1.318716886892444887e-02 -7.354775336204175673e-01 4.736134626241371437e-02 -8.720813509256766100e-03 9.988397520583311984e-01 -4.449095720987804592e-01
9.939578625681204649e-01 8.122345405516528949e-02 -7.382762322032182523e-02 1.442438232678860643e+01 -8.052070968811392282e-02 9.966751701388367746e-01 1.245072447865237276e-02 -7.387617186456673091e-01 7.459344978170553975e-02 -6.430842873938897794e-03 9.971932919497578096e-01 1.296507697693805028e-01
9.918853509455837214e-01 7.339874971086469968e-02 -1.038078711872955501e-01 1.479014059258055447e+01 -7.204848414608912288e-02 9.972612639633272602e-01 1.670291383314768258e-02 -7.418479451916305534e-01 1.047495418214659663e-01 -9.088175787728408964e-03 9.944571074455872406e-01 -6.416862352974579409e-01
9.915189988326624793e-01 6.165513566349993535e-02 -1.144059404060386864e-01 1.518081754997073141e+01 -6.111993271423012131e-02 9.980968823511285892e-01 8.183352978169378469e-03 -7.772532357989787588e-01 1.146927581797675677e-01 -1.121466572283484273e-03 9.934003792700325519e-01 -6.599932949615041622e-01
9.937447999786215291e-01 5.226863594073219432e-02 -9.868770041066256271e-02 1.557085009402138098e+01 -5.192240810927134520e-02 9.986326431860538255e-01 6.075154267167157465e-03 -8.020721518576500175e-01 9.887029913772772682e-02 -9.130499059773690591e-04 9.950999097016768324e-01 -3.169173185070709442e-01
9.939571108765995477e-01 4.514080718465157682e-02 -1.000578296014927593e-01 1.592262025630634881e+01 -4.450836481120486188e-02 9.989724642930816190e-01 8.545235282922704345e-03 -7.967863747589160051e-01 1.003407554270743518e-01 -4.040186991454019876e-03 9.949449279680750990e-01 -4.418843085376369939e-01
9.954024071653750916e-01 3.335570938524713008e-02 -8.978554705955579807e-02 1.662661191097085123e+01 -3.327415389992454536e-02 9.994433674608823592e-01 2.405394083288841904e-03 -8.363138044223659140e-01 8.981580312851913939e-02 5.932030501615126851e-04 9.959582168035566729e-01 -4.456732411112643288e-01
9.960398701598707216e-01 3.145624712770362513e-02 -8.315696945264905438e-02 1.694874741011313901e+01 -3.131629279402647209e-02 9.995050609004271225e-01 2.987145807004501497e-03 -8.421229767249264198e-01 8.320977621377656508e-02 -3.711483185142930297e-04 9.965319841286475189e-01 -4.342358182841795644e-01
9.961092747270842152e-01 3.956557157703934763e-02 -7.874565606091878112e-02 1.725569352527317690e+01 -3.943741751330048090e-02 9.992169741176967213e-01 3.182567352916321028e-03 -8.423974135061649271e-01 7.880991627050469572e-02 -6.465954225035887813e-05 9.968896593488065783e-01 -4.569308100404060324e-01
9.960923126280988305e-01 5.061673308208106820e-02 -7.237438120843067701e-02 1.758974887114700181e+01 -5.063136820165977520e-02 9.987160737757229123e-01 1.633565435719593886e-03 -8.579411702810466611e-01 7.236414358806328440e-02 2.037231970636081517e-03 9.973761980359587831e-01 -3.662912052403318741e-01
9.963289157488205428e-01 5.457774129258957663e-02 -6.595424018347055550e-02 1.789289870516954295e+01 -5.470914205039739686e-02 9.985023159720693986e-01 -1.864792833833463313e-04 -9.110903992941388196e-01 6.584528395328854977e-02 3.794094597246465417e-03 9.978226312463042147e-01 -3.727059465713910003e-01
9.968467174506099315e-01 5.017468573979814300e-02 -6.147457050566862424e-02 1.821702634696088197e+01 -5.068352967959236649e-02 9.986919861066813064e-01 -6.745124573361321006e-03 -9.611747099513405779e-01 6.105572640761720848e-02 9.839603508514926933e-03 9.980858582685326885e-01 -4.069715663763099900e-01
9.977961227682407008e-01 4.610883442745241506e-02 -4.771658806335368069e-02 1.879034017299874293e+01 -4.714292317936490812e-02 9.986720424565826981e-01 -2.077730515976334430e-02 -9.979114421968402482e-01 4.669520513682862833e-02 2.298101397543651087e-02 9.986447971195214768e-01 -4.221330226589745660e-01
9.975444547067274792e-01 5.324709423868080604e-02 -4.549514082838814616e-02 1.907961466560415431e+01 -5.427038520630707297e-02 9.982934804763670122e-01 -2.156042967893834206e-02 -1.009344526420821619e+00 4.426947225139319514e-02 2.397652588509110311e-02 9.987318659345283400e-01 -4.796838785105544956e-01
9.970729217719270787e-01 6.810240379669527111e-02 -3.475127718954210826e-02 1.937317781455050536e+01 -6.893087743790263233e-02 9.973510523729887112e-01 -2.322525492072665190e-02 -1.031107603133468942e+00 3.307752718740274850e-02 2.555270881146965919e-02 9.991260862711787150e-01 -4.529138060725861892e-01
9.965400015081887775e-01 8.036863857223376650e-02 -2.118743325900554822e-02 1.990735313222122826e+01 -8.073561505861902299e-02 9.965893115289105042e-01 -1.707350600897801843e-02 -1.100278034849760944e+00 1.974299509106066178e-02 1.872501215961627427e-02 9.996297254806184585e-01 -4.995968319744848452e-01
9.967744626414869469e-01 7.962470081741673811e-02 -1.002884068632809919e-02 2.017925558884633119e+01 -7.982546438023116475e-02 9.965763881462958995e-01 -2.152667707203766156e-02 -1.121833813942445968e+00 8.280450607021334203e-03 2.225779883591865599e-02 9.997179724946053669e-01 -4.752152013810501119e-01
9.976116943609040222e-01 6.900088779187298071e-02 -3.128059829912241234e-03 2.043649412535244991e+01 -6.905163251317357476e-02 9.973908895363563509e-01 -2.105434675171202405e-02 -1.165031999101810101e+00 1.667129758533046971e-03 2.122006017449174983e-02 9.997734391973809309e-01 -4.783606327414304804e-01
9.980521042440330115e-01 6.160181117201709439e-02 9.859719792414020981e-03 2.097827157002319609e+01 -6.135357381817573702e-02 9.978332422441260618e-01 -2.376046405929113994e-02 -1.186361825490804156e+00 -1.130204378842301384e-02 2.310925210607983962e-02 9.996690583754717085e-01 -5.102630578938018857e-01
9.978403429381226264e-01 6.402966064746005992e-02 1.465784985940926134e-02 2.122741603719976666e+01 -6.373527819962855612e-02 9.977715922804624160e-01 -1.973990757137777594e-02 -1.214764919192832693e+00 -1.588912577663827846e-02 1.876305400199260523e-02 9.996976960494470266e-01 -5.462803671123113158e-01
9.972455846532600754e-01 7.142347740142948598e-02 1.999826906172299038e-02 2.148370310715797160e+01 -7.099444760914080943e-02 9.972471298995954081e-01 -2.139977372993786750e-02 -1.224775475697862381e+00 -2.147166268015904614e-02 1.992106379958337101e-02 9.995709674249459997e-01 -5.539895006142906420e-01
9.964834760633648481e-01 7.782057507854285572e-02 3.105865462505330576e-02 2.227457353643988824e+01 -7.711449180632119760e-02 9.967494739587059449e-01 -2.332040558171877623e-02 -1.272903583702678976e+00 -3.277250503282122529e-02 2.084332644967959100e-02 9.992454746739590776e-01 -6.346140820346255484e-01
9.959400999843219804e-01 8.127367110114742943e-02 3.870281164154990711e-02 2.255494678749562354e+01 -8.027938242003478109e-02 9.964177066717455622e-01 -2.658899376202448345e-02 -1.309106145622264350e+00 -4.072515195154693263e-02 2.337400728933061722e-02 9.988969505318162634e-01 -6.570803353174560213e-01
9.954687144290619294e-01 8.253840443022719686e-02 4.721705610330979158e-02 2.281788882823475362e+01 -8.132454396674990149e-02 9.963197440825953821e-01 -2.707925589435128053e-02 -1.302609719556776957e+00 -4.927836382786073693e-02 2.311664649779135092e-02 9.985175329022245583e-01 -6.970425719450615842e-01
9.946160158692033404e-01 8.918628483059452827e-02 5.277108653977771041e-02 2.308747215883574455e+01 -8.783303938082547002e-02 9.957573512697832641e-01 -2.743455094058953533e-02 -1.370994777089639349e+00 -5.499398303086443923e-02 2.265179883147262416e-02 9.982297119601777347e-01 -7.224341188840889272e-01
9.935082683971224737e-01 9.604665617876391448e-02 6.096195915019061995e-02 2.335617352175622230e+01 -9.462896876013197900e-02 9.951798422403819178e-01 -2.573790725374745098e-02 -1.393951388501324162e+00 -6.314015281851290129e-02 1.980205633985653718e-02 9.978081978350188397e-01 -7.710864956353256083e-01
9.924822695127833994e-01 1.013296995625719288e-01 6.863844905964730514e-02 2.362635792455494155e+01 -9.990636066439029239e-02 9.947104738639953592e-01 -2.387032224463107172e-02 -1.437113261791306051e+00 -7.069415677092172334e-02 1.683345394815542045e-02 9.973559901191869637e-01 -7.902430792861856457e-01
9.904802139579876874e-01 1.119313273250155671e-01 8.012692257287319653e-02 2.413993454027729513e+01 -1.109257777819996349e-01 9.936848778311353492e-01 -1.690666712217327172e-02 -1.509498336625081372e+00 -8.151329695943738962e-02 7.857578060812633186e-03 9.966412799426987990e-01 -8.624740372357609930e-01
9.896056567350783872e-01 1.156899438378127948e-01 8.541944188964198381e-02 2.442250021207288668e+01 -1.148411605395599083e-01 9.932735949265818487e-01 -1.480113061734066038e-02 -1.560075037184862623e+00 -8.655721809220323637e-02 4.837614745747099119e-03 9.962351356380232392e-01 -9.090082356873497860e-01
9.889859939337753980e-01 1.158767062147278426e-01 9.208307531597781370e-02 2.468232865516537444e+01 -1.153103675139107998e-01 9.932633434755274715e-01 -1.146514943745396628e-02 -1.620620877001378579e+00 -9.279128701892874753e-02 7.207389555031473716e-04 9.956853205650512129e-01 -9.588371623453192383e-01
9.883947178006975420e-01 1.157860145436175325e-01 9.833351747895906214e-02 2.492797377477763376e+01 -1.151868795159679548e-01 9.932741344826649943e-01 -1.176760617485776705e-02 -1.610552824208514089e+00 -9.903466368425471733e-02 3.043087541581028163e-04 9.950839375575954993e-01 -1.015789129484847564e+00
9.889879575083052599e-01 1.051534264759073217e-01 1.041420990950662206e-01 2.518211047824934923e+01 -1.046635815296051014e-01 9.944556563764361812e-01 -1.017262022819942664e-02 -1.642685231091656872e+00 -1.046343853852372274e-01 -8.392861773060533714e-04 9.945104026573911016e-01 -1.016755012414511494e+00
9.896564757706780568e-01 9.478246030394267552e-02 1.076863277482005138e-01 2.544008438613078127e+01 -9.396242817969642502e-02 9.954950535293758396e-01 -1.267519187707044116e-02 -1.593599310182783668e+00 -1.084025924770100763e-01 2.425616885803116851e-03 9.941041164420286735e-01 -1.034868610672900813e+00
9.904390217700563825e-01 8.616902888384236903e-02 1.077285598919308918e-01 2.567964004990039939e+01 -8.485810720218980863e-02 9.962530380271982233e-01 -1.670286992224682271e-02 -1.634249889540362100e+00 -1.087641751554042913e-01 7.401532462495643942e-03 9.940400251096387363e-01 -1.098497246715545383e+00
9.907247565961869729e-01 7.733046192639500549e-02 1.117338638268471629e-01 2.593044147767532337e+01 -7.549660915583611409e-02 9.969341171057470863e-01 -2.055792199020923042e-02 -1.629925116801615559e+00 -1.129810544887813184e-01 1.193171441306654576e-02 9.935254981719231493e-01 -1.136140277610110827e+00
9.908434842990075930e-01 6.970812602571496708e-02 1.156285725423662480e-01 2.618151399731923235e+01 -6.709076196340119091e-02 9.973980720455195570e-01 -2.638021112597257675e-02 -1.606442274257862568e+00 -1.171666304088858634e-01 1.838105127199435654e-02 9.929421522288012225e-01 -1.163476842503038844e+00
9.908703109175065471e-01 6.947208568093282688e-02 1.155407125362529347e-01 2.643777665597522386e+01 -6.587537243769503448e-02 9.972254880827853274e-01 -3.466642791297602083e-02 -1.609742176024067550e+00 -1.176284925026197664e-01 2.673864673448755197e-02 9.926976289497065897e-01 -1.207144722372314405e+00
9.911252447852477721e-01 6.708730097590993868e-02 1.147608086288625373e-01 2.691002338562763896e+01 -6.212824650909166968e-02 9.969955211286001262e-01 -4.626026194496237615e-02 -1.671685427370438903e+00 -1.175194883203984908e-01 3.871982563595385146e-02 9.923154463010404047e-01 -1.287931449545334894e+00
9.905119676972430343e-01 7.188240401009429736e-02 1.171279720744170805e-01 2.714723822061682057e+01 -6.622987308138494900e-02 9.964764257034239847e-01 -5.146199499584356435e-02 -1.725709552371124555e+00 -1.204144748780622554e-01 4.321635120019003823e-02 9.917825876817873976e-01 -1.286766479881794822e+00
9.899970817470933326e-01 8.182903070720029537e-02 1.149338412555639261e-01 2.738359050595772359e+01 -7.592983233526703901e-02 9.956057887094577064e-01 -5.480669712504891711e-02 -1.745508783202034619e+00 -1.189135765746591883e-01 4.553156291781207399e-02 9.918600899746314870e-01 -1.356479434082915381e+00
9.887987189923536091e-01 9.772773379469187893e-02 1.128112732240634797e-01 2.762211616470520781e+01 -9.141182663661198693e-02 9.940114903504079225e-01 -5.987516181455317110e-02 -1.776216315473905683e+00 -1.179871657005051588e-01 4.889219875107650437e-02 9.918107589813929259e-01 -1.397389706309124957e+00
9.872316257297097941e-01 1.123788588894095303e-01 1.128924675688699336e-01 2.787034867984563391e+01 -1.059733134979464614e-01 9.924812994582513648e-01 -6.124154677934593588e-02 -1.817207438638923866e+00 -1.189259180554858158e-01 4.849600293194315098e-02 9.917180868141333150e-01 -1.438516510445199792e+00
9.851072218554646209e-01 1.249924316222896653e-01 1.180705445289195882e-01 2.815241697912716390e+01 -1.181056280146213361e-01 9.909587558903591997e-01 -6.365378822586503782e-02 -1.861356155878370444e+00 -1.249592816859965566e-01 4.876101066814163276e-02 9.909629366223244862e-01 -1.301981176999112533e+00
9.878296505074858347e-01 1.400283398645820465e-01 6.771001117285067872e-02 2.841664964491177514e+01 -1.361819908722757544e-01 9.889581486189920057e-01 -5.844865817244360162e-02 -1.979309670269356003e+00 -7.514683586367339185e-02 4.851643345161363308e-02 9.959915204181274406e-01 -1.282391112283859602e+00
9.868814961135297104e-01 1.574530519308237619e-01 3.568541811987844398e-02 2.867422362292624882e+01 -1.554947922369877555e-01 9.864530849807704449e-01 -5.226548305619095613e-02 -2.055922349832367768e+00 -4.343135061101879163e-02 4.603094143714953068e-02 9.979954259486926160e-01 -1.243433347752062712e+00
9.843259848683222346e-01 1.761966226267513425e-01 -7.556830548162900979e-03 2.896961026154050600e+01 -1.763579188510748241e-01 9.832991149949544818e-01 -4.495258511650825767e-02 -2.135687498401589224e+00 -4.898688856949050784e-04 4.558070452576831050e-02 9.989605394626003276e-01 -1.341049873766338774e+00
9.812384605036070795e-01 1.918601290333890319e-01 -1.899406527846083867e-02 2.925834369715842698e+01 -1.925578276763041663e-01 9.801647264787325398e-01 -4.688914551849046597e-02 -2.188285511815832418e+00 9.621155288938823547e-03 4.966688891165552122e-02 9.987194969142954015e-01 -1.518503374030390152e+00
9.786286301119682118e-01 2.055567205715702062e-01 -5.695520435728388189e-03 2.951513543545032903e+01 -2.055911174011692544e-01 9.774653911701530751e-01 -4.789260392083710682e-02 -2.301187327499602198e+00 -4.277472490973550923e-03 4.804002177810649810e-02 9.988362526143351738e-01 -1.513896534030483743e+00
9.755997898053304640e-01 2.194273213718942739e-01 7.529991191920259834e-03 2.976946747470751831e+01 -2.189382542324646852e-01 9.748522883370610570e-01 -4.158192825779396390e-02 -2.373295543900377336e+00 -1.646484027968738231e-02 3.891871734205926830e-02 9.991067222649506752e-01 -1.437176572430872712e+00
9.727368053158190753e-01 2.318641039590816078e-01 4.705834594042100985e-03 3.003235896384368431e+01 -2.315992127692798885e-01 9.722787279064861732e-01 -3.218508824277073466e-02 -2.446043965192173708e+00 -1.203794951908759674e-02 3.021775232867794300e-02 9.994708476066616054e-01 -1.464638995645982433e+00
9.702631861533487223e-01 2.418908722072499740e-01 8.840562107013630322e-03 3.027644893736745857e+01 -2.416297413619389878e-01 9.700802075737672281e-01 -2.365288487688491786e-02 -2.542931912650813864e+00 -1.429747127692792760e-02 2.081338070695285675e-02 9.996811419140769761e-01 -1.444445790856625056e+00
9.665009396128210195e-01 2.565546410653306020e-01 7.459884407519011551e-03 3.053476421810216124e+01 -2.563811910005998063e-01 9.663934087958816477e-01 -1.877403358338112366e-02 -2.616629128885412658e+00 -1.202574856913835033e-02 1.623254704953398797e-02 9.997959220699175198e-01 -1.503695945011629176e+00
9.629568624022606382e-01 2.695109855948785715e-01 8.826652597148829452e-03 3.079290434480151006e+01 -2.694679421054446133e-01 9.629920690518912751e-01 -5.770885600512393188e-03 -2.717210598186097226e+00 -1.005531351327998944e-02 3.178613980118427662e-03 9.999443919955324223e-01 -1.547163636253297225e+00
9.599181704463786158e-01 2.796457717170789947e-01 1.885068719268646192e-02 3.103476685297386695e+01 -2.799065817139357315e-01 9.599397482380062074e-01 1.296091300692848482e-02 -2.809014736804571477e+00 -1.447105939788040883e-02 -1.771784731598900070e-02 9.997382989194674163e-01 -1.465739273205852067e+00
9.564323005997554805e-01 2.913072323134385244e-01 1.942551856047258080e-02 3.129842574542807654e+01 -2.917316288781831024e-01 9.561829059658835117e-01 2.463548356984917101e-02 -2.878017252156115813e+00 -1.139785425161093067e-02 -2.922921039854836298e-02 9.995077499339044547e-01 -1.546360033648291443e+00
9.557411867721212761e-01 2.932640742339280848e-01 2.355773060237913857e-02 3.156197028163396112e+01 -2.940770236905285717e-01 9.546416449708596819e-01 4.666940994539609672e-02 -2.941132517712846894e+00 -8.802729391355318400e-03 -5.153166454761844845e-02 9.986325648126113119e-01 -1.534031398150993653e+00
9.604225062496085652e-01 2.776143359119384035e-01 2.277915681920895941e-02 3.182663689298001586e+01 -2.785168651311635823e-01 9.583102133195182670e-01 6.379569644583167609e-02 -2.988714770830643630e+00 -4.118898727805722984e-03 -6.761520201606215086e-02 9.977029713945915201e-01 -1.569615683394317784e+00
9.748297139631306729e-01 2.204642107485802194e-01 3.320482726301092480e-02 3.233213921545407743e+01 -2.225667031805272644e-01 9.710349589845995721e-01 8.692048702767435353e-02 -3.013080419543991972e+00 -1.308019150899010150e-02 -9.212296244033102433e-02 9.956617238707660134e-01 -1.625362992883462976e+00
9.905598282225086537e-01 1.349498305304531465e-01 2.407841256387199813e-02 3.283246351901799898e+01 -1.367742161326304939e-01 9.847227977072445793e-01 1.077674601951886385e-01 -2.977199734634597750e+00 -9.167361294207245978e-03 -1.100434228630637751e-01 9.938845026317104647e-01 -1.667115666896647364e+00
9.996428696928996160e-01 2.465889322607503834e-02 1.029912894421421837e-02 3.334208192313528230e+01 -2.573955575235426299e-02 9.920702005809404200e-01 1.230211054614783889e-01 -3.021325155862487843e+00 -7.183894613367255988e-03 -1.232422658999653836e-01 9.923506112025256565e-01 -1.665557288328616714e+00
9.984356741693897197e-01 -5.572783868542482977e-02 -4.540103673662079439e-03 3.356273634204001155e+01 5.586719638529565046e-02 9.910657229824489933e-01 1.211098224642512267e-01 -2.951974134042999687e+00 -2.249647519755047613e-03 -1.211740101041758610e-01 9.926287313801217538e-01 -1.685416634944127745e+00
9.907147834877029213e-01 -1.353301989388380755e-01 -1.303668033237162516e-02 3.378326907467150164e+01 1.359151208118918319e-01 9.834776176155015648e-01 1.195778222917028843e-01 -2.880121852142504491e+00 -3.361207164513463352e-03 -1.202393983040157543e-01 9.927392353392130442e-01 -1.640851128969758932e+00
9.789297065009683330e-01 -2.028508215261170533e-01 -2.341311461782309006e-02 3.394054092054754790e+01 2.041853738355497438e-01 9.711647820534230480e-01 1.230743645555975041e-01 -2.690093666385832361e+00 -2.227743603897797131e-03 -1.252617671330990279e-01 9.921212258857928790e-01 -1.616384010116135750e+00
9.661612933387377922e-01 -2.547436269490546135e-01 -4.047270417032242801e-02 3.410751887753020384e+01 2.578042511365410405e-01 9.587612703154896332e-01 1.196402718107738711e-01 -2.567248656355826331e+00 8.326064493194076932e-03 -1.260258349381961351e-01 9.919920189085120743e-01 -1.585930271788569268e+00
9.451901519293577358e-01 -3.210679923446804751e-01 -5.942155322367383835e-02 3.425306849443659729e+01 3.257376919686066352e-01 9.397721041359173855e-01 1.035536011875763385e-01 -2.398333142307087051e+00 2.259497127067951888e-02 -1.172336836395866388e-01 9.928472846785504347e-01 -1.611110022113287465e+00
