1.000000000000000000e+00 0.000000000000000000e+00 0.000000000000000000e+00 0.000000000000000000e+00 0.000000000000000000e+00 1.000000000000000000e+00 0.000000000000000000e+00 0.000000000000000000e+00 0.000000000000000000e+00 0.000000000000000000e+00 1.000000000000000000e+00 0.000000000000000000e+00
9.996087342369960327e-01 -2.761422882482714863e-02 4.453403588353541109e-03 2.040540831529807642e-01 2.764830172853629392e-02 9.995874360056061780e-01 -7.780050852397562416e-03 4.308422717867659707e-02 -4.236726169873585371e-03 7.900135830994334946e-03 9.999598181953179843e-01 8.217983541107445195e-03
9.980795013991339282e-01 -5.880448142840937614e-02 1.947670020285870510e-02 6.134422207254612847e-01 5.919316045053756720e-02 9.980457836447056419e-01 -2.001957804006604738e-02 9.948996257170757140e-02 -1.826139761171345979e-02 2.113401790860500520e-02 9.996098612180182030e-01 -4.701567628114269870e-02
9.979815682973458557e-01 -4.854798525028178324e-02 4.093754348893380302e-02 8.118996409636949352e-01 4.968493651996290505e-02 9.983937319931970311e-01 -2.722798192491584016e-02 8.666697252466755430e-02 -3.954992315766467370e-02 2.920700335253019128e-02 9.987906459981431562e-01 -6.255539182750648186e-02
9.973960856988136614e-01 -4.420416590965974696e-02 5.698280397555100657e-02 9.919346304454991214e-01 4.605672163854845208e-02 9.984383331177284493e-01 -3.161761143731899731e-02 1.132013359029836463e-01 -5.549618567608100711e-02 3.415972302761393492e-02 9.978743842278359200e-01 -8.008787070049679102e-02
9.940325600984790677e-01 -4.804718078080624094e-02 9.793231276284719566e-02 1.364969083114086601e+00 5.261698307532727131e-02 9.976171590291380564e-01 -4.462574484176338313e-02 1.125083443642001524e-01 -9.555481440573429519e-02 4.951234623452994282e-02 9.941920362858664983e-01 -9.769390242574374494e-02
9.926709047967509081e-01 -4.273430645119911248e-02 1.130409386998132287e-01 1.523197788372111061e+00 4.845967519191495682e-02 9.976520679928153612e-01 -4.839432931607826754e-02 1.095879587422490392e-01 -1.107074281622241890e-01 5.351756984200545936e-02 9.924110716169545210e-01 -1.655957541660680599e-01
9.914737933643031909e-01 -2.809911802069747083e-02 1.272405463610477294e-01 1.742906454112138404e+00 3.548079533540803715e-02 9.977932046328510385e-01 -5.612338149891179379e-02 7.473558427209904542e-02 -1.253827349923661016e-01 6.015945773495986332e-02 9.902827926460550101e-01 -1.541341533458662760e-01
9.911053699384013704e-01 -6.201112865293094065e-03 1.329349159494845334e-01 1.937045526939779272e+00 1.461520020465635790e-02 9.979434027626281623e-01 -6.241282564925870052e-02 4.531555121032854877e-02 -1.322744933924996369e-01 6.380055706480036726e-02 9.891576958786595375e-01 -1.578320737755121717e-01
9.913131234759851029e-01 9.410712118938954068e-03 1.311858594578724502e-01 2.109628431898832979e+00 -1.409720776252330367e-03 9.981398464220799793e-01 -6.094964866051058583e-02 3.267427911170761590e-02 -1.315154132093238892e-01 6.023525115678636521e-02 9.894823952989055815e-01 -2.381447930856497863e-01
9.908904750432249164e-01 4.313348370941397919e-02 1.275757384916970660e-01 2.501569175493476571e+00 -3.619512200401021201e-02 9.977624350719697111e-01 -5.621420018436823485e-02 -2.856324124872456488e-02 -1.297149937814706666e-01 5.108449610540490016e-02 9.902345149740691133e-01 -2.833346316396418429e-01
9.902436576465436513e-01 5.946250502204848687e-02 1.260226526752147302e-01 2.694091507031854515e+00 -5.380503881339085415e-02 9.974051188544893476e-01 -4.783353092916685367e-02 -5.966558521703627105e-02 -1.285399404429784509e-01 4.058619690689085902e-02 9.908734754405078560e-01 -3.311497083635984717e-01
9.891747841163539556e-01 7.503252097537825571e-02 1.261085534943759412e-01 2.880362670915138867e+00 -7.105556125664315437e-02 9.968314942105955812e-01 -3.575023586460272101e-02 -9.070711469596637322e-02 -1.283914081349211145e-01 2.640251779567084900e-02 9.913720559765548668e-01 -3.821299391586922556e-01
9.873363073664619405e-01 9.096071563725995068e-02 1.299737064437143652e-01 3.084237074078849172e+00 -8.856840405124695448e-02 9.957789503717433544e-01 -2.408152404571020644e-02 -1.078745593671585068e-01 -1.316155536392806802e-01 1.226499927870312867e-02 9.912249572286399024e-01 -4.182927865390981825e-01
9.856225774949015639e-01 1.061159182657212263e-01 1.314821152207764909e-01 3.292838303401065758e+00 -1.050016141917522183e-01 9.943528196686249876e-01 -1.539905952262366276e-02 -1.544604943421905019e-01 -1.323736973474458345e-01 1.371826402158260287e-03 9.911989317704540392e-01 -4.607493364499496424e-01
9.835559313931492298e-01 1.218510989739544637e-01 1.333043116339235612e-01 3.514794125707691563e+00 -1.212342454865117936e-01 9.925418419423708283e-01 -1.276517586882039770e-02 -2.137300789082021979e-01 -1.338655577162058685e-01 -3.605783199982558716e-03 9.909929418441101312e-01 -4.790422607881806294e-01
9.820240233336404723e-01 1.331259008721305259e-01 1.338144689956699829e-01 3.719475124398437416e+00 -1.327661700832448999e-01 9.910789381926375929e-01 -1.164827679877675215e-02 -2.626508660850707111e-01 -1.341713891894853183e-01 -6.327146903439575393e-03 9.909379423228409367e-01 -5.091896294476260243e-01
9.820490536955974736e-01 1.333822329614063606e-01 1.333747954667997004e-01 3.918234058331806047e+00 -1.333136954234400429e-01 9.910285066323452074e-01 -9.484600919913783318e-03 -2.813925890309352806e-01 -1.334433016233029234e-01 -8.466343501942825284e-03 9.910202855035710190e-01 -5.462210425018892979e-01
9.828845009744372474e-01 1.279947349814811730e-01 1.324968134003681464e-01 4.130343240358381962e+00 -1.280584079615076920e-01 9.917337439213729233e-01 -8.076219292515158729e-03 -3.127299222535045442e-01 -1.324352743591964143e-01 -9.029340214940216949e-03 9.911505279828525250e-01 -5.866711893090141849e-01
9.831834506969419074e-01 1.228004903193689185e-01 1.351678284688208886e-01 4.565462415963459364e+00 -1.218246333538586940e-01 9.924306178487100061e-01 -1.549927303539181886e-02 -3.605947056824610475e-01 -1.360480098489202649e-01 -1.228142398220771238e-03 9.907014841426239338e-01 -6.506356165565639893e-01
9.840015344230802485e-01 1.187946436876057138e-01 1.327735398494685748e-01 4.789901918990882912e+00 -1.174513346294488864e-01 9.929167272794069410e-01 -1.793200163152753115e-02 -3.875568906890008991e-01 -1.339632944010591131e-01 2.050687661903874415e-03 9.909841726452186528e-01 -7.053553836547519218e-01
9.848338139662019541e-01 1.134634853487145739e-01 1.312569859523914084e-01 5.014914327610584976e+00 -1.115482666781217186e-01 9.935181799636823019e-01 -2.187716349892992670e-02 -4.099091568119999085e-01 -1.328884610110707964e-01 6.903881095029511770e-03 9.911069535403002062e-01 -7.167549832735973236e-01
9.856161687042634956e-01 1.072515565669039939e-01 1.306057870184355874e-01 5.216489747103969954e+00 -1.053628287047158607e-01 9.942055603571917644e-01 -2.130676141939540774e-02 -4.243632266670052666e-01 -1.321341829961855951e-01 7.239293392212289499e-03 9.912054026866036205e-01 -7.749644676096050233e-01
9.869450317019400343e-01 9.847313279516596574e-02 1.274462495186196309e-01 5.439631693997391437e+00 -9.661484240144881108e-02 9.951066349074905171e-01 -2.069679663217426080e-02 -4.560466036653983424e-01 -1.288606868932486160e-01 8.113401296372672183e-03 9.916295155413659135e-01 -8.192368851616789183e-01
9.860336218156717791e-01 8.994039485980037663e-02 1.401728291129632487e-01 5.643599103850048593e+00 -8.841917037366645027e-02 9.959373269777543891e-01 -1.705552821926305251e-02 -4.737348287715805184e-01 -1.411373336842571824e-01 4.423359002921412216e-03 9.899801447178776526e-01 -9.273085114431729448e-01
9.824328771665418181e-01 8.330357220368266036e-02 1.669914869697745607e-01 5.860088381310021077e+00 -8.162472097479765709e-02 9.965197715145243107e-01 -1.690413873661603117e-02 -4.671259090844842032e-01 -1.678184935817771395e-01 2.976548125961672384e-03 9.858134171196885065e-01 -9.920842046618116861e-01
9.789497181911714918e-01 7.595124041934732395e-02 1.894435491965572038e-01 6.071164451738257917e+00 -7.367104460015154455e-02 9.971004457745675786e-01 -1.905985896278077768e-02 -4.673691437881178912e-01 -1.903418672834444325e-01 4.702139398307150428e-03 9.817066076196749869e-01 -1.073471923008175510e+00
9.742388723500189363e-01 7.018874527590086843e-02 2.143178938837310421e-01 6.284462505219043926e+00 -6.689953749684217355e-02 9.975043782669871240e-01 -2.257138057142556858e-02 -4.878120725415373560e-01 -2.153672943714344534e-01 7.652148377169871833e-03 9.765031352434776490e-01 -1.140983502462839860e+00
9.694357650637721591e-01 6.255187411625724725e-02 2.372373504736608463e-01 6.502683533827484652e+00 -5.791561005153489372e-02 9.979705246268701924e-01 -2.646911574510921183e-02 -5.027341257084364523e-01 -2.384115759093446973e-01 1.192036159322963466e-02 9.710910490020538965e-01 -1.205535568806353819e+00
9.652988114959083488e-01 5.682402961920471340e-02 2.548906318059230292e-01 6.748670834315854350e+00 -4.952136806223042531e-02 9.981602564616579576e-01 -3.498194570978564732e-02 -5.144369339860687118e-01 -2.564095135322244645e-01 2.114549782419490598e-02 9.663369129304411054e-01 -1.206073917999630263e+00
9.660808776339590009e-01 5.274983438235685690e-02 2.527947642706105391e-01 6.986537143959989038e+00 -4.335492974553809692e-02 9.981512733799171588e-01 -4.259560443061364415e-02 -5.401188842670278101e-01 -2.545743269396171238e-01 3.019089966668399641e-02 9.665818235620599053e-01 -1.266888209274352750e+00
9.665509624598610516e-01 5.178123105253677055e-02 2.511930354898400108e-01 7.242477414176858197e+00 -4.192056422036172930e-02 9.981315820076416268e-01 -4.445234858102718734e-02 -5.721458142057019858e-01 -2.530254992354777355e-01 3.243530652863363395e-02 9.669157396728169651e-01 -1.339595034886333469e+00
9.667983643681650197e-01 5.973003531139757516e-02 2.484617587008912942e-01 7.491400947974888425e+00 -4.907280849998069128e-02 9.975987564852424327e-01 -4.887310635740404335e-02 -5.910788317451340923e-01 -2.507843338826509783e-01 3.505772298363234868e-02 9.674079666501811392e-01 -1.441736087835975955e+00
9.646333892497909179e-01 6.806830615740085133e-02 2.546549234578507348e-01 7.753636967688391834e+00 -5.562619641782952373e-02 9.968937944685947183e-01 -5.575382338541691463e-02 -6.254033107573364614e-01 -2.576589812456506201e-01 3.961651482487522913e-02 9.654234206484655356e-01 -1.497915853362701943e+00
9.649780789137933912e-01 7.541856032101029728e-02 2.512555431725851385e-01 8.029994295599832910e+00 -6.219853891387397415e-02 9.962490451234422562e-01 -6.015963636533046277e-02 -6.544746407585187997e-01 -2.548502481317684865e-01 4.242500264862239523e-02 9.660494139418751569e-01 -1.587055962946869236e+00
9.644583531598295290e-01 8.195809169467463406e-02 2.512030179476290037e-01 8.291951306251963416e+00 -6.876107248052362730e-02 9.957735314351540135e-01 -6.088504746233364823e-02 -7.024746374310334440e-01 -2.551313385916315069e-01 4.144810368315717669e-02 9.660176265314792676e-01 -1.683102921412245934e+00
9.621930786103872757e-01 1.046093831981396577e-01 2.514783418530706083e-01 8.830209050274699933e+00 -9.502790205818974212e-02 9.942190271875064322e-01 -4.998223493149725472e-02 -8.056734962435109226e-01 -2.552531631629354480e-01 2.419510126519544557e-02 9.665714768034916471e-01 -1.866081875086944786e+00
9.589173365121637094e-01 1.199834992755877822e-01 2.570632249817206283e-01 9.089314345506270598e+00 -1.124730026063178040e-01 9.926898717435661545e-01 -4.377947261515854893e-02 -8.460983382635391958e-01 -2.604368741578981794e-01 1.306822250067751941e-02 9.654024322216802068e-01 -1.924052869870779503e+00
9.586875100014962126e-01 1.235398616989022980e-01 2.562345814650066611e-01 9.344697498505622590e+00 -1.179464659716862596e-01 9.923249793569846045e-01 -3.714520842517767679e-02 -8.742554304109129149e-01 -2.588568896744316561e-01 5.388684030088505827e-03 9.659006536660501574e-01 -1.992149191658766583e+00
9.599158371473545115e-01 1.200856507683746022e-01 2.532607787898268903e-01 9.608649457101440916e+00 -1.155175327968769594e-01 9.927608391830754497e-01 -3.288792789213649398e-02 -9.159629537471878358e-01 -2.553767515068983140e-01 2.313582514605614857e-03 9.668388501326019568e-01 -2.086267257982448609e+00
9.599175999782677549e-01 1.148121889089415704e-01 2.556880179631024208e-01 9.861162341091585404e+00 -1.107612374218506501e-01 9.933869661391717676e-01 -3.023712601409675460e-02 -9.299202603347166418e-01 -2.574687350664983110e-01 7.048281701586087827e-04 9.662863725006721749e-01 -2.168533036361209643e+00
9.603026283707609689e-01 1.097606025375021110e-01 2.564594940235450093e-01 1.037309504801639726e+01 -1.064921863249041756e-01 9.939565526261889827e-01 -2.664180442845053010e-02 -9.889369095364927142e-01 -2.578338150746525836e-01 -1.726737405165179942e-03 9.661877365098272552e-01 -2.325271607032187049e+00
9.598421361166474819e-01 1.099966543581063633e-01 2.580771391755855571e-01 1.060539676648372698e+01 -1.074387021386489088e-01 9.939210601543166934e-01 -2.403854123032261175e-02 -1.029751989198018691e+00 -2.591524628819759646e-01 -4.654268121039410733e-03 9.658252112936706046e-01 -2.405114510789161386e+00
9.608711694936946657e-01 1.066516587545230516e-01 2.556404101872945533e-01 1.085145127027663392e+01 -1.046328874285016169e-01 9.942779450453591572e-01 -2.152502879794357393e-02 -1.049208527299915206e+00 -2.564733017376155111e-01 -6.065614666837666237e-03 9.665322828620467321e-01 -2.467658424238811321e+00
9.613109777548541901e-01 9.970980615509009160e-02 2.567862118660590443e-01 1.109114392600218757e+01 -9.790885157365222802e-02 9.949979482076036774e-01 -1.982271036431308003e-02 -1.066450191629151556e+00 -2.574782725426259522e-01 -6.085854021685302775e-03 9.662649230668015621e-01 -2.539746117575472972e+00
9.635009494645031536e-01 8.394287155462523686e-02 2.542036874165373161e-01 1.132376203085425459e+01 -8.184340642794199483e-02 9.964670474261578814e-01 -1.884357232761235679e-02 -1.076684027250346398e+00 -2.548873814163259421e-01 -2.649095875755642232e-03 9.669671168585669552e-01 -2.611558890275665679e+00
9.650572596373123702e-01 6.806263930657412142e-02 2.530453768634083334e-01 1.177261213242241666e+01 -6.424788517799935594e-02 9.976614988909099369e-01 -2.331829498264429909e-02 -1.085640691024557070e+00 -2.540407346696111901e-01 6.245859537821363272e-03 9.671733528003954028e-01 -2.749829324087623927e+00
9.658929098945480130e-01 6.238952297533744557e-02 2.513134179433170745e-01 1.201383774469403676e+01 -5.827778619377858155e-02 9.980171887884502491e-01 -2.377794186112813790e-02 -1.108250100151603634e+00 -2.522986053306572884e-01 8.320955817020095346e-03 9.676136498843411760e-01 -2.797775056698922569e+00
9.661715591159486527e-01 6.272422991996155772e-02 2.501563297948001807e-01 1.223440434034806046e+01 -5.781606642339050250e-02 9.979640118943703397e-01 -2.692830159923182559e-02 -1.119928957966217720e+00 -2.513360714636543314e-01 1.155430416082656002e-02 9.678309135569993504e-01 -2.859749226051621296e+00
9.672684793714838580e-01 5.738012166998188862e-02 2.471825447953704680e-01 1.245442103804866640e+01 -5.214387523736561253e-02 9.982557951078612213e-01 -2.768363792570979406e-02 -1.122886261303797539e+00 -2.483398983039320218e-01 1.388845458320772316e-02 9.685733868632169230e-01 -2.937638551271732457e+00
9.688048627494438847e-01 5.167343253709921064e-02 2.423777924704841880e-01 1.269822445538251365e+01 -4.559622738788770419e-02 9.984905631593681274e-01 -3.061991720563507838e-02 -1.120005624310089098e+00 -2.435941747271951341e-01 1.861321174654617314e-02 9.696986265781007974e-01 -3.133059996390652469e+00
9.509784290325904443e-01 4.988216242895213148e-02 3.052077937833796439e-01 1.290163095811706562e+01 -3.863565169192514914e-02 9.983370909449157393e-01 -4.278246442157394164e-02 -1.154703765751498468e+00 -3.068343428188027855e-01 2.889329879149550931e-02 9.513242682450073762e-01 -3.136293899749363678e+00
9.524420989598200160e-01 4.621594783829151287e-02 3.011945123909477440e-01 1.314542846147294775e+01 -3.459981271887804799e-02 9.984413877546709504e-01 -4.379096000712128650e-02 -1.169099328437752661e+00 -3.027489076591871608e-01 3.128708014396754805e-02 9.525566741812446780e-01 -3.249767107841457836e+00
9.546934969315286068e-01 4.885488442072485893e-02 2.935532782731051227e-01 1.342806210379568377e+01 -3.617508952609499451e-02 9.981692044836466549e-01 -4.847269456367152979e-02 -1.167576361569415244e+00 -2.953839701379011307e-01 3.565725015647721458e-02 9.547129781755613331e-01 -3.297881037750281852e+00
9.545737850612994180e-01 5.262875699028956439e-02 2.932901341869533773e-01 1.372913847184538128e+01 -3.902573202452949003e-02 9.978819015850938223e-01 -5.204519890313406838e-02 -1.202697216419984061e+00 -2.954079909442086649e-01 3.823512032901453528e-02 9.546057796073372792e-01 -3.326447037892680036e+00
9.725090061969934307e-01 5.695419719704979816e-02 2.257929411814634524e-01 1.436836883824571309e+01 -4.487396482874567855e-02 9.972911205452327232e-01 -5.828162799873207872e-02 -1.257222300867924636e+00 -2.285006786560704051e-01 4.654718362343376187e-02 9.724303571724001172e-01 -3.493821082962554225e+00
9.709965947104336470e-01 6.078123108768219984e-02 2.312385240573196499e-01 1.466416552726970224e+01 -4.784184434004203068e-02 9.969805129377308228e-01 -6.116383533234633074e-02 -1.282489367556742810e+00 -2.342579155351746101e-01 4.832699835376663700e-02 9.709725692516910645e-01 -3.675200491268983072e+00
9.754035205833069266e-01 7.296754821748381581e-02 2.079993003373316329e-01 1.499636445130271944e+01 -5.994973713071828636e-02 9.958671337575183413e-01 -6.822522201900770022e-02 -1.368537399651222009e+00 -2.121178942278281465e-01 5.407761837132150917e-02 9.757466936350015496e-01 -3.654755392733820329e+00
9.754137783962963937e-01 9.002895350057030233e-02 2.011535444536160511e-01 1.532928275968633258e+01 -7.870911930953544688e-02 9.948669397548598470e-01 -6.359753706172444065e-02 -1.421647416309893330e+00 -2.058466308982929704e-01 4.620129559213952825e-02 9.774930203502374404e-01 -3.676256922675658512e+00
9.802820127152532814e-01 1.181624852971818046e-01 1.583818253945994958e-01 1.565930720582952773e+01 -1.120983564300099683e-01 9.925981293480410361e-01 -4.672164488178925934e-02 -1.520884498000365292e+00 -1.627302492858120897e-01 2.804604576696827223e-02 9.862719124481922339e-01 -3.727142522778388312e+00
9.803615743474316524e-01 1.489753354571603239e-01 1.292189342490172865e-01 1.598373266028138850e+01 -1.468420929551464138e-01 9.888198634600955383e-01 -2.593602443147736622e-02 -1.557240133735577903e+00 -1.316380768606767726e-01 6.451902989397451799e-03 9.912768481449760749e-01 -3.845339162270240418e+00
9.780231383135972179e-01 1.665239458643910653e-01 1.254612146321550104e-01 1.630981044902840438e+01 -1.664592641041308663e-01 9.859861517083812199e-01 -1.107348333670380575e-02 -1.609209794898915025e+00 -1.255470203435092580e-01 -1.005405853625255044e-02 9.920367239118802472e-01 -3.903445556621043533e+00
9.765974176851109911e-01 1.692587305582127222e-01 1.326987788210401142e-01 1.664578800510630785e+01 -1.702742945880820202e-01 9.853896048801781271e-01 -3.740480800297217405e-03 -1.662964006958011165e+00 -1.313931062624825452e-01 -1.894224706598152119e-02 9.911493544884076856e-01 -3.917673082334591328e+00
9.776062512154779505e-01 1.649560267550375936e-01 1.306733592650431985e-01 1.698703866405152851e+01 -1.664213049713244852e-01 9.860546946748625086e-01 2.972562954360515736e-04 -1.713876292062097795e+00 -1.288020451548077538e-01 -2.203743058650664555e-02 9.914254307899731389e-01 -4.018143687827813615e+00
9.774814069591589716e-01 1.660785283000239254e-01 1.301845670071576644e-01 1.732396559072683928e+01 -1.672572735345669581e-01 9.859114463016389607e-01 -1.903812278986911216e-03 -1.790076806612443949e+00 -1.286666370856331121e-01 -1.991337462884508122e-02 9.914879495041607482e-01 -4.083923389129425985e+00
9.768928668483563005e-01 1.670348522340965036e-01 1.333404846246370457e-01 1.766013202007162519e+01 -1.684173681016550572e-01 9.857153432634857548e-01 -9.231341506208950304e-04 -1.826685064429806937e+00 -1.315899571491348508e-01 -2.155505031499490437e-02 9.910698577715936208e-01 -4.108262722307504333e+00
9.780817439260138801e-01 1.648104123801515108e-01 1.272541950967896740e-01 1.800993995086597366e+01 -1.661211622281195954e-01 9.861052981021307673e-01 -3.170408279133188345e-04 -1.866966118770523986e+00 -1.255382876202562337e-01 -2.082952294202137719e-02 9.918700869143003418e-01 -4.174594972495848211e+00
9.798247405527209519e-01 1.505711666292058881e-01 1.314222263573135985e-01 1.834590037878623647e+01 -1.522321175227068224e-01 9.883412807796906341e-01 2.625852492695672155e-03 -1.895500881842281604e+00 -1.294946338476843373e-01 -2.257955904530759006e-02 9.913230065513327638e-01 -4.235348431984376383e+00
9.818640006081470473e-01 1.392208934157384559e-01 1.286881002512981487e-01 1.868502478727317495e+01 -1.414073850005888033e-01 9.899194242414461886e-01 7.967746028768754249e-03 -1.942718120096460721e+00 -1.262815733868556667e-01 -2.602069072886624423e-02 9.916531086407851525e-01 -4.309769534292898108e+00
9.812513152159749730e-01 1.163396057408239426e-01 1.536585582484391588e-01 1.970134676262801321e+01 -1.186871815777639505e-01 9.929125734636021772e-01 6.162336165257797926e-03 -2.074683881721599565e+00 -1.518525907452560331e-01 -2.428410167077209650e-02 9.881047885168846578e-01 -4.487167494004863144e+00
9.832209959187637738e-01 1.017374323983052525e-01 1.514132359918201887e-01 2.038861845633138614e+01 -1.019368993875002377e-01 9.947698613231460429e-01 -6.464638148537566777e-03 -2.159021132110244157e+00 -1.512790194566881186e-01 -9.078427844574465944e-03 9.884494121704427982e-01 -4.620252733428475089e+00
9.833570120764303368e-01 9.436886950870566892e-02 1.552530298183071866e-01 2.072004309029900426e+01 -9.415352407268097468e-02 9.955191788995555457e-01 -8.756617374869773637e-03 -2.181448402450476109e+00 -1.553837208487761079e-01 -6.006738782706144003e-03 9.878359268544477656e-01 -4.690191644884666999e+00
9.842496191887626367e-01 7.931088125381678677e-02 1.579951620826370029e-01 2.107810360752264245e+01 -7.940709240876971109e-02 9.968258960827284243e-01 -5.713718058380388640e-03 -2.177308322590118639e+00 -1.579468290342065651e-01 -6.922211612521650750e-03 9.874233550936653003e-01 -4.762613902965282087e+00
9.848156170943345167e-01 6.796925412013388179e-02 1.597447364436707373e-01 2.142957068838185819e+01 -6.805300175374526250e-02 9.976694134448570450e-01 -4.952820297530914108e-03 -2.198356224678551740e+00 -1.597090770100745016e-01 -5.993494051682447636e-03 9.871459308276778755e-01 -4.829054799935881270e+00
9.854842092354535454e-01 6.177599500988169290e-02 1.581284281465916153e-01 2.178410437762182639e+01 -6.184224527317183639e-02 9.980757638344497362e-01 -4.506256301261233124e-03 -2.225370426983681149e+00 -1.581025301731303068e-01 -5.338172610441940455e-03 9.874082711148592928e-01 -4.904618896784977977e+00
9.857876232092213087e-01 5.898638122295647712e-02 1.573002503422494813e-01 2.251355910725404641e+01 -5.770265533788558610e-02 9.982527845585652537e-01 -1.271934306589512023e-02 -2.273078988277134282e+00 -1.577756809349004086e-01 3.461928839649499635e-03 9.874689106773122393e-01 -5.035872106024665840e+00
9.868531037313482690e-01 5.513786641444462511e-02 1.519235575645447589e-01 2.287763573721953847e+01 -5.326812490312837767e-02 9.984463382972509349e-01 -1.635287161682183119e-02 -2.296280173643252542e+00 -1.525891822021122335e-01 8.045199069905112355e-03 9.882569586128985284e-01 -5.127130745664163491e+00
9.875135274442194966e-01 5.427036553132288249e-02 1.478910427976331821e-01 2.325316665225369306e+01 -5.091646431671856959e-02 9.983546280026032171e-01 -2.637328965578901105e-02 -2.326526198870172202e+00 -1.490789950870312908e-01 1.851389129492836058e-02 9.886519554691430844e-01 -5.193486127209189007e+00
9.871693410564865712e-01 5.636117547952548129e-02 1.493991632395182401e-01 2.361519442587892570e+01 -5.158540352709622273e-02 9.980319216419667461e-01 -3.565430586324321027e-02 -2.359451853501600027e+00 -1.511146525689971987e-01 2.749002150252315493e-02 9.881339284210122198e-01 -5.261045107767665208e+00
9.875789977760633942e-01 5.755803164695582480e-02 1.462012179995578753e-01 2.397376418139976550e+01 -5.283037273814452511e-02 9.979536828371159407e-01 -3.601942015338151226e-02 -2.393253442933239494e+00 -1.479752508630241548e-01 2.784815801386408829e-02 9.885989101891928810e-01 -5.327641103278812906e+00
9.869150286659214011e-01 6.452416702938540416e-02 1.477679195986311145e-01 2.434645411416516581e+01 -5.966313592723424680e-02 9.975288756701093940e-01 -3.710057163516294887e-02 -2.439203594508810635e+00 -1.497966501784065430e-01 2.779881424614116456e-02 9.883259530751161703e-01 -5.409261468249979110e+00
9.858619109314623596e-01 7.784339377974300311e-02 1.483802500989173101e-01 2.470394005189576703e+01 -7.309790686233502699e-02 9.966315086775749954e-01 -3.717972462789650989e-02 -2.493909862128870891e+00 -1.507746284588716290e-01 2.580778866762296897e-02 9.882312327877400548e-01 -5.482634910055003807e+00
9.827027606131014670e-01 1.109418667188149382e-01 1.482807691251097348e-01 2.582288060955817599e+01 -1.072102376370646509e-01 9.936901808113453027e-01 -3.295132023030433732e-02 -2.650316966153392517e+00 -1.510008252599750467e-01 1.648413686125667701e-02 9.883961877722646783e-01 -5.709339331230316006e+00
9.812483892277672481e-01 1.173746242353169988e-01 1.528881820924375134e-01 2.619797453098517437e+01 -1.145176602647695885e-01 9.930435087960051144e-01 -2.739151557693304817e-02 -2.708562786214711249e+00 -1.550396856465950657e-01 9.369483643012861337e-03 9.878638107810551183e-01 -5.781717630617844605e+00
9.811497412698665377e-01 1.186015041550584487e-01 1.525741407258506821e-01 2.695917292567260048e+01 -1.206791038313181214e-01 9.926818368841849871e-01 4.395977560257443434e-03 -2.779642561543726131e+00 -1.509362087258852014e-01 -2.272562281650380642e-02 9.882822506566927290e-01 -5.929944272722868170e+00
9.815259889494637457e-01 1.109040424105290218e-01 1.559071082208272341e-01 2.733954982347498230e+01 -1.138405576019500681e-01 9.934486442938282869e-01 1.000592802451026608e-02 -2.795844928754542380e+00 -1.537760074317649772e-01 -2.756963053358113536e-02 9.877210410893287884e-01 -5.997719497742998840e+00
9.831829820005808518e-01 9.547274804380677382e-02 1.556797298475601499e-01 2.811771876410855597e+01 -9.943065433825225286e-02 9.948849238118546712e-01 1.781946547310395493e-02 -2.882681056147335497e+00 -1.531821428310510547e-01 -3.299913260744798127e-02 9.876468439502267271e-01 -6.129727752600753199e+00
9.842715805961280706e-01 8.591964953369413127e-02 1.543608417144936296e-01 2.850104910396374791e+01 -8.992495859592494756e-02 9.957645655122651096e-01 1.914241081188633453e-02 -2.899902495342869368e+00 -1.520623472537530330e-01 -3.272222324624373541e-02 9.878290837252677870e-01 -6.179906223880666793e+00
9.860018939691215234e-01 6.916477382090109594e-02 1.517118952212016258e-01 2.889023529318807348e+01 -7.200100289256529396e-02 9.973162136710854719e-01 1.327499646834574311e-02 -2.892685692062993752e+00 -1.503865707826668452e-01 -2.401258026688060654e-02 9.883356086457456557e-01 -6.275849141057868508e+00
9.877447576521632966e-01 4.324323249370066319e-02 1.499677184402192220e-01 2.928928506279379462e+01 -4.506749930480482419e-02 9.989453103629535313e-01 8.785636588993823645e-03 -2.919356411764371995e+00 -1.494296297160657705e-01 -1.543663652996342568e-02 9.886518578425680381e-01 -6.316380481718192108e+00
9.890920660913308238e-01 2.657443277104186430e-02 1.448816217402327244e-01 2.966998960759650217e+01 -2.660180488149015143e-02 9.996445798625458456e-01 -1.748693363995642604e-03 -2.944414189476537214e+00 -1.448765984285578790e-01 -2.124493900092882474e-03 9.894474507286573628e-01 -6.409076640460123819e+00
9.889450584240799813e-01 2.599965881234606035e-02 1.459852361036369783e-01 3.006473131796390774e+01 -2.630195480542097536e-02 9.996540338573033369e-01 1.405924433664086214e-04 -2.987883937901809173e+00 -1.459310747990524015e-01 -3.978735284375546286e-03 9.892867587679167185e-01 -6.493201649627446059e+00
9.884879905799071054e-01 4.526129398064184656e-02 1.443707302277557059e-01 3.043414664581729667e+01 -4.660449735928757359e-02 9.988957956794878301e-01 5.933818309575967717e-03 -3.001956389347274712e+00 -1.439427431487452780e-01 -1.259383345295687039e-02 9.895058777257331739e-01 -6.553530510464677938e+00
9.881542219715314657e-01 4.809369293052576100e-02 1.457334220422402682e-01 3.082131206722602812e+01 -5.123429992812453260e-02 9.985267333192429096e-01 1.787202724026073358e-02 -3.008307280079632662e+00 -1.446591860571336263e-01 -2.512686902711795678e-02 9.891624539691049600e-01 -6.604848909870472795e+00
9.890368798643762727e-01 3.761151343835784921e-02 1.427985445479598714e-01 3.120275647849940626e+01 -4.138227142775274814e-02 9.988663354180585818e-01 2.352767689293462638e-02 -2.999047603487075886e+00 -1.417517473600211075e-01 -2.917906827461696356e-02 9.894720936413547996e-01 -6.696326216065253689e+00
9.894914358687338929e-01 2.017769972036276629e-02 1.431766698049170561e-01 3.158837911502519091e+01 -2.415500466308825520e-02 9.993675868330444967e-01 2.609525123894249413e-02 -2.977042282978458410e+00 -1.425595808501047834e-01 -2.927946074455978556e-02 9.893530608869364196e-01 -6.749679342446004426e+00
9.904677022936281272e-01 -1.865413787664352632e-02 1.364762025162629955e-01 3.235101372654671792e+01 1.671452704036466633e-02 9.997425548797582717e-01 1.534433277501707354e-02 -2.945802718125513753e+00 -1.367273026831063165e-01 -1.291693084957560786e-02 9.905245063088694568e-01 -6.844778939006898710e+00
9.898135900658217023e-01 -3.506531922652244421e-02 1.379836233346244112e-01 3.272761717680065630e+01 3.520712309735291728e-02 9.993790372870687833e-01 1.413617479898346147e-03 -2.926778941503479281e+00 -1.379475095977353016e-01 3.458788619402919980e-03 9.904335017440943911e-01 -6.891857309157132683e+00
9.904898020491558208e-01 -5.164572999814284054e-02 1.275251763754244316e-01 3.309746630998265005e+01 5.475603331551908565e-02 9.982788372809182631e-01 -2.100332956003950896e-02 -2.901487394857134916e+00 -1.262209525085828954e-01 2.778635654447689923e-02 9.916129232406207805e-01 -7.020308420767579882e+00
9.892967709362543438e-01 -6.374730902867009608e-02 1.312561602619225221e-01 3.384080080471487406e+01 7.343768449035384394e-02 9.948149025277182034e-01 -7.035777288588548894e-02 -2.910744789300124147e+00 -1.260904655864014956e-01 7.924386601100325001e-02 9.888486255174927519e-01 -7.120925950458774523e+00
9.898945657076158033e-01 -5.379760086040755174e-02 1.312042946103329777e-01 3.423374774792661412e+01 6.605755240783053872e-02 9.936619173611419553e-01 -9.095270065295320283e-02 -2.930998572306884764e+00 -1.254796738616159313e-01 9.870061868014438911e-02 9.871742699846564051e-01 -7.184541055648105967e+00
9.916965451049939428e-01 -2.285964809076243553e-02 1.265519613280852163e-01 3.460051263069111371e+01 3.632775918112833569e-02 9.937914052596096282e-01 -1.051614793781845691e-01 -2.967399930472960801e+00 -1.233622970753082970e-01 1.088856249525018416e-01 9.863699429417983611e-01 -7.285412849970760440e+00
9.916734115262195726e-01 1.510995949059338109e-02 1.278887563319848208e-01 3.496191702404705381e+01 -1.134097315805051957e-03 9.940788012074772695e-01 -1.086556524677076557e-01 -3.018881843612525540e+00 -1.287732840896256836e-01 1.076058832689811978e-01 9.858186522838138233e-01 -7.333476047507389239e+00
9.903844151463928602e-01 5.394107982784654420e-02 1.273933677321674451e-01 3.532510018868984503e+01 -4.050876969015412832e-02 9.935649079828577923e-01 -1.057724595686677926e-01 -3.070470328234619739e+00 -1.322790603736185011e-01 9.959484691499506659e-02 9.861962870821666671e-01 -7.392530196625638261e+00
9.878161966705443220e-01 9.150367910092793711e-02 1.258818426395759138e-01 3.568283042657841975e+01 -7.940667764682435292e-02 9.920154082626458925e-01 -9.797963724462976920e-02 -3.147213357229921016e+00 -1.338422248038109719e-01 8.679001371408071042e-02 9.871948907784500182e-01 -7.466652991557903185e+00
9.843680237036482872e-01 1.260366876400785541e-01 1.230217349840707491e-01 3.604141163781240209e+01 -1.161060305278769911e-01 9.896077128990080629e-01 -8.482902949965995254e-02 -3.237725892762387314e+00 -1.324348276883137998e-01 6.921941880362583732e-02 9.887718080910553597e-01 -7.528985509414978239e+00
9.753501424519606111e-01 1.775900266493254942e-01 1.309728294480652644e-01 3.671206568107291446e+01 -1.721273176357773216e-01 9.837010641883997542e-01 -5.200387329922709356e-02 -3.406195926079063518e+00 -1.380734809529054474e-01 2.817798341439124721e-02 9.900210680123155971e-01 -7.619815603355171163e+00
9.700321778256282279e-01 1.985905531130614521e-01 1.399977363999759528e-01 3.738002607292687429e+01 -1.981412593204708306e-01 9.800210970853288073e-01 -1.728266827103005360e-02 -3.565474684992718579e+00 -1.406329098673805011e-01 -1.097458345072138859e-02 9.900009814037137312e-01 -7.773805844140039945e+00
9.695955634876529672e-01 1.933818979605535782e-01 1.499596105830993675e-01 3.804081947914795592e+01 -1.975834549220524539e-01 9.801931092648933364e-01 1.349988483973512017e-02 -3.668814217349267714e+00 -1.443787436090439025e-01 -4.271896640597575012e-02 9.885999536228388118e-01 -7.923811259109783123e+00
9.725938794023359923e-01 1.744138266515215530e-01 1.537561797843823019e-01 3.838371006748051428e+01 -1.797608350272332234e-01 9.834758264882391687e-01 2.147884781795223602e-02 -3.715660715157569349e+00 -1.474692779511249385e-01 -4.852953519299253032e-02 9.878753445017878221e-01 -7.982432362767726275e+00
9.768036724469114640e-01 1.459941913841373284e-01 1.566533803539485181e-01 3.872585611142936557e+01 -1.519429494431217553e-01 9.880304488712789990e-01 2.663028760159766653e-02 -3.718457062635027288e+00 -1.508904424035927005e-01 -4.981493937877218281e-02 9.872945589873051153e-01 -8.023240938425361790e+00
9.804640029064248807e-01 1.194291025796963557e-01 1.562914855701305894e-01 3.907561973437522340e+01 -1.244282048129476681e-01 9.919719475644397377e-01 2.256716845861617138e-02 -3.777822327295389915e+00 -1.523415926519645913e-01 -4.157336529823849047e-02 9.874531353163258363e-01 -8.088394189998540540e+00
9.830827285385850267e-01 1.005822568202539846e-01 1.530737027123704741e-01 3.941075798589537271e+01 -1.036529611871915835e-01 9.945387804963364831e-01 1.219334761197234454e-02 -3.774391271763301248e+00 -1.510112992006136245e-01 -2.785361200642225490e-02 9.881395467300853053e-01 -8.151444104136382762e+00
9.857746130522703210e-01 8.060915961709168298e-02 1.474807636523250143e-01 3.975493749314136238e+01 -8.131175924971538460e-02 9.966879091491658293e-01 -1.268685768972675765e-03 -3.790148128157873941e+00 -1.470945616580131843e-01 -1.074128212506806658e-02 9.890641105555021406e-01 -8.188216869337802351e+00
9.868554114323589976e-01 6.060283113479917466e-02 1.498121950480551523e-01 4.007574321147775009e+01 -5.875218618974600154e-02 9.981320242091840100e-01 -1.675239881337476158e-02 -3.808252792186617164e+00 -1.505475922909261244e-01 7.730401446494036648e-03 9.885725382332249955e-01 -8.260458411048499983e+00
9.884311803548027076e-01 4.677832833908727311e-02 1.442760884561683776e-01 4.040132354908600831e+01 -4.188845967014519917e-02 9.984462813654444435e-01 -3.674751929012834428e-02 -3.819392408958564467e+00 -1.457709115320137971e-01 3.027889075438992827e-02 9.888549085309783493e-01 -8.339564697720620146e+00
9.883590774889653430e-01 4.141367903795727112e-02 1.463941294372917423e-01 4.074250931014870503e+01 -3.418443439041517207e-02 9.980847375155171841e-01 -5.155852193370777381e-02 -3.844141334549908695e+00 -1.482489743322660258e-01 4.595393266220294815e-02 9.878818136205913536e-01 -8.378893898333165779e+00
9.884067631607504900e-01 5.969793337217243340e-02 1.396002410068825916e-01 4.108921460645513690e+01 -5.118145024120802217e-02 9.966479131677707937e-01 -6.382316452146791219e-02 -3.901526932412251902e+00 -1.429423999004311996e-01 5.593830467058573397e-02 9.881489646714638475e-01 -8.429382664060435459e+00
9.854481439053047742e-01 1.059724836173545071e-01 1.328976613396908590e-01 4.173054134263286130e+01 -9.740880567828402725e-02 9.928231295196673356e-01 -6.938125155331280325e-02 -4.003256929896593874e+00 -1.392963755807017645e-01 5.542622309650280243e-02 9.886983632753403306e-01 -8.557428498399277217e+00
9.832971669978167739e-01 1.240262456377557165e-01 1.332072511805218462e-01 4.205449523316343630e+01 -1.159118590456629239e-01 9.909929087551612170e-01 -6.706337099760927012e-02 -4.067729901859702402e+00 -1.403250594393101736e-01 5.050292258857588118e-02 9.888166323962023219e-01 -8.617482138094526789e+00
9.791187762624640190e-01 1.584336243473464800e-01 1.273782110349285512e-01 4.268302152714979059e+01 -1.528259464777114163e-01 9.868461210049607191e-01 -5.271587560359945052e-02 -4.178879443364721169e+00 -1.340546606928926521e-01 3.214840794854995770e-02 9.904523349525140574e-01 -8.720254260133600610e+00
9.764144628689994665e-01 1.746812386308091158e-01 1.268907465918990840e-01 4.299279248093751704e+01 -1.696459071777780825e-01 9.842588725610238454e-01 -4.954531221751358461e-02 -4.253658351116765601e+00 -1.335479796854746048e-01 2.685026359849214395e-02 9.906785555701806967e-01 -8.785751023980582275e+00
9.711356680394159779e-01 1.988407308935559725e-01 1.317492998059330844e-01 4.387318709777491677e+01 -1.964960764904459811e-01 9.800239662751378811e-01 -3.069718961416816744e-02 -4.470894856188468935e+00 -1.352213229690420460e-01 3.922915250658501676e-03 9.908076526503205583e-01 -8.926900608570838003e+00
9.703078222001200182e-01 2.066882893489792594e-01 1.256291416163179131e-01 4.418716821361804392e+01 -2.054978690127741703e-01 9.783987521818136024e-01 -2.250572283395472356e-02 -4.518061545049242511e+00 -1.275670647481901565e-01 -3.979041978003227883e-03 9.918219654839613986e-01 -8.989015908594900850e+00
9.700178302149489173e-01 2.095497889837328043e-01 1.231027822673219502e-01 4.447307670725449924e+01 -2.091260090121133952e-01 9.777494824717212207e-01 -1.650036002476466812e-02 -4.613135555608552707e+00 -1.238213286140480568e-01 -9.738350124864502202e-03 9.922567425405067754e-01 -9.020940524572864661e+00
9.721778130111108362e-01 2.030254007743310385e-01 1.168374363350884182e-01 4.475878974047712688e+01 -2.025473029937264469e-01 9.791405002882861419e-01 -1.607702538321068367e-02 -4.698897471476666254e+00 -1.176643103872246909e-01 -8.035380241599492102e-03 9.930209175669321153e-01 -9.068627107197398729e+00
9.749941014537309991e-01 1.920902261890594376e-01 1.117490363854102692e-01 4.502926106301448073e+01 -1.903318137930059828e-01 9.813675376368601322e-01 -2.629746624354555723e-02 -4.726377368244626176e+00 -1.147183629097637964e-01 4.370477685779763921e-03 9.933884417165833591e-01 -9.133711027807013494e+00
9.783766897927207440e-01 1.773732244011183568e-01 1.063851123785125585e-01 4.531851814931609823e+01 -1.745219237516446587e-01 9.840090563627584830e-01 -3.561285057530091946e-02 -4.777258340841742168e+00 -1.110006801792824960e-01 1.627624838911279070e-02 9.936870396347697865e-01 -9.131953742077525860e+00
9.795237334757236347e-01 1.777067529506018984e-01 9.462328209026214798e-02 4.561552875465070400e+01 -1.742775608948584076e-01 9.837390289943219734e-01 -4.341491220591740113e-02 -4.801771946513038181e+00 -1.007997387214793344e-01 2.603522208590395431e-02 9.945660259050774776e-01 -9.148726066192089945e+00
9.778574144962007830e-01 1.916214527560250735e-01 8.411953256215742858e-02 4.586773227266036912e+01 -1.876876229123244089e-01 9.808252481108087339e-01 -5.248989306420411699e-02 -4.860586361509154685e+00 -9.256475096021452020e-02 3.553943601185750173e-02 9.950722161570146884e-01 -9.245563892395473715e+00
9.773181177772194417e-01 1.963792541278680526e-01 7.927474511201751395e-02 4.612472265921683601e+01 -1.920677376616391485e-01 9.796158479554942788e-01 -5.884534462451206094e-02 -4.945180017826140251e+00 -8.921480154062375045e-02 4.228450050101165147e-02 9.951144357326181522e-01 -9.313180393772489296e+00
