1.000000000000000000e+00 0.000000000000000000e+00 0.000000000000000000e+00 0.000000000000000000e+00 0.000000000000000000e+00 1.000000000000000000e+00 0.000000000000000000e+00 0.000000000000000000e+00 0.000000000000000000e+00 0.000000000000000000e+00 1.000000000000000000e+00 0.000000000000000000e+00
9.999998983514838402e-01 3.953809924469762972e-04 -2.167276925281719886e-04 -1.748833082730861643e-03 -3.952078975506418952e-04 9.999996033944309470e-01 7.981363909217361339e-04 2.142513619291979213e-03 2.170431745311128308e-04 -7.980506572966512618e-04 9.999996580036458749e-01 -1.607139303559566856e-03
9.999987033568441541e-01 1.597902617980943114e-03 -1.999796338718015957e-04 9.499380208001197839e-03 -1.597477139801082311e-03 9.999964980123446923e-01 2.109983373051563769e-03 1.781291088944773199e-02 2.033504815012878255e-04 -2.109661174262527673e-03 9.999977539866334864e-01 -5.451577557707238883e-03
9.999982810171395009e-01 1.854059521239040343e-03 -2.064116794947097524e-05 1.333360609632660426e-02 -1.853994829758303818e-03 9.999944014903547895e-01 2.785622213860190592e-03 2.957008628836751279e-02 2.580576177787558310e-05 -2.785579156804690593e-03 9.999961199338844864e-01 -4.671136769892611680e-03
9.999983494104650594e-01 1.816572345086696003e-03 -3.523152758141661879e-05 -9.046088229224882871e-04 -1.816468531565344595e-03 9.999945649096224631e-01 2.751471113564663441e-03 3.190741043801962468e-02 4.022958242808653075e-05 -2.751402575054067313e-03 9.999962140755587203e-01 -2.431906379023302499e-03
9.999982665689034489e-01 1.861409373533212024e-03 -4.488131411606609061e-05 -1.163026317421008739e-02 -1.861283413931147856e-03 9.999947304207719156e-01 2.659841111934192412e-03 2.737483735310487082e-02 4.983213078828880227e-05 -2.659752964437337754e-03 9.999964616092033021e-01 8.684343626314320035e-04
9.999999514705854020e-01 2.648469497562355767e-04 -1.640576727116018418e-04 -4.038211580465089073e-03 -2.646343289324125858e-04 9.999991268839368841e-01 1.294681441808500592e-03 4.698089634285924909e-03 1.644004219009815020e-04 -1.294637963686244043e-03 9.999991484421595356e-01 -7.047347677176839589e-04
9.999999510574549832e-01 3.015621748956118925e-04 -8.333872007795561703e-05 -1.829676858410418400e-03 -3.015202871186980658e-04 9.999998284517942482e-01 5.021771584067782814e-04 9.448854923568068831e-03 8.349014341741976060e-05 -5.021520055141441129e-04 9.999998704363712854e-01 7.855253983530445863e-05
9.999999563862573826e-01 2.584432025944807072e-04 -1.429496218754836337e-04 -2.264156878269508251e-04 -2.582784334625761857e-04 9.999993037184305988e-01 1.151457730320770700e-03 1.504787878737681890e-02 1.432471087657728563e-04 -1.151420759296987485e-03 9.999993268550239067e-01 6.843499130060228929e-04
9.999994582608801030e-01 1.038585642872062731e-03 6.941043692323766280e-05 -1.199463908885248578e-02 -1.038734690080226827e-03 9.999970778804359028e-01 2.182947739410531687e-03 3.073524788232209065e-02 -6.714305591635016750e-05 -2.183018655851030280e-03 9.999976149578349016e-01 4.316476215594191451e-03
9.999991163314667642e-01 1.329013063241070783e-03 -3.256629231741024028e-05 -1.719379478839256833e-02 -1.328889676191316680e-03 9.999928724770209554e-01 3.533984632813975263e-03 4.830832614215973403e-02 3.726277194271638334e-05 -3.533938232933305813e-03 9.999937549265253134e-01 5.413117983847976454e-03
9.999949412052058229e-01 -3.039242579044004310e-03 -9.383861372654078454e-04 1.906401507876572324e-02 3.044355528539171522e-03 9.999802617641003755e-01 5.496178819604700082e-03 1.327162260400328170e-02 9.216633944878831978e-04 -5.499007796588789056e-03 9.999844556041059818e-01 -4.628135335575134755e-03
9.999968676887757146e-01 -2.377795198248060585e-03 -7.814746524145671329e-04 2.881125610187172670e-02 2.382871895784492537e-03 9.999756380920834520e-01 6.560879808282122153e-03 2.491578952380657172e-02 7.658551856966301294e-04 -6.562721411551163467e-03 9.999781718385201135e-01 -7.360572292711175732e-03
9.999960706355434104e-01 -2.703156648027166178e-03 -7.427365680493717807e-04 2.314223337644192094e-02 2.708300040139479271e-03 9.999717379032915243e-01 7.013451758115109291e-03 1.548646865547279039e-02 7.237571180110900521e-04 -7.015435753184114456e-03 9.999751296091453634e-01 -8.217716944105351098e-03
9.999959615613257524e-01 -2.794486495670943198e-03 -5.174033871864435440e-04 2.184276915233255775e-02 2.797361426831756516e-03 9.999801727271528939e-01 5.641712649644658496e-03 -3.698798512912237525e-03 5.016274386764258460e-04 -5.643137230211532455e-03 9.999839515572805926e-01 -9.832286637722655043e-03
9.999993240440210318e-01 1.109511555780533882e-03 -3.477004581944690147e-04 2.220019686137445630e-03 -1.108660856405852295e-03 9.999964150667725038e-01 2.437360192661508669e-03 1.253097827806996800e-02 3.504034910109006117e-04 -2.436973063225558733e-03 9.999969691852483855e-01 -9.050619529107420402e-03
9.999917313049174750e-01 4.065944725086436361e-03 7.358862909822423920e-05 -7.720078078648722961e-03 -4.065903825175127932e-03 9.999915842122355514e-01 -5.476593720956348310e-04 2.277638975135267557e-02 -7.581476252705627065e-05 5.473556393787380172e-04 9.999998473269512411e-01 -1.205938252984593666e-02
9.999877499144389503e-01 4.647938823107934138e-03 1.701965262319623433e-03 -1.234639395071736659e-02 -4.642388943401009986e-03 9.999839413534593602e-01 -3.250424602935991520e-03 2.284176814956730139e-02 -1.717045705764622685e-03 3.242483600240651017e-03 9.999932690044200934e-01 -3.944672526239404245e-03
9.999979470580031560e-01 1.498843146732160847e-03 1.363579480841976008e-03 -6.237809993659795479e-03 -1.482032200401850811e-03 9.999239028344293345e-01 -1.224712704758635674e-02 -8.587154495737950310e-03 -1.381832238750886404e-03 1.224508103624648465e-02 9.999240713824624205e-01 -1.785995931827795077e-02
9.999951142638834334e-01 1.497825627989201594e-03 2.743714043194149174e-03 5.240730849470348748e-04 -1.447723354197410920e-03 9.998338164441626930e-01 -1.817260553112875002e-02 -1.622915197064772608e-02 -2.770477477330113292e-03 1.816854460567600069e-02 9.998310999571173863e-01 -7.962254489033364357e-03
9.999884692834849487e-01 3.692365494871605903e-03 3.070462037699979354e-03 -2.020727422638772010e-03 -3.610329596325508733e-03 9.996473837940684781e-01 -2.630729164852069896e-02 -1.387134398080097815e-02 -3.166515478972310119e-03 2.629590292662931789e-02 9.996491877998975317e-01 -3.598773096564276096e-03
9.999924995112581261e-01 3.681322148159807666e-03 1.203656291395594500e-03 -1.064639557738441752e-02 -3.639167827172098187e-03 9.994379259772712132e-01 -3.332549438157392935e-02 -1.457880795338612791e-02 -1.325661628027170096e-03 3.332086411682787935e-02 9.994438266534821924e-01 -5.333861971495790569e-03
9.999901187013268133e-01 4.270358045522025525e-03 -1.235533030483450430e-03 -3.553219625483002020e-03 -4.314447639873394622e-03 9.992605766946385248e-01 -3.820582946961372656e-02 -2.400194363751310955e-02 1.071466877304759740e-03 3.821078258896903196e-02 9.992691269386188013e-01 -2.651754804946319759e-03
9.999674236932091231e-01 7.539635334886523287e-03 -2.881918004215115042e-03 -1.705678669728544553e-02 -7.659695633070415753e-03 9.989929929419302246e-01 -4.420779473954040278e-02 -2.926115559069882022e-02 2.545705241148442897e-03 4.422842922760817502e-02 9.990182007515596707e-01 -6.444335775693801546e-03
9.999475399397043107e-01 9.575038449687232889e-03 -3.638132380841211082e-03 -6.698820058191053833e-03 -9.752554430608982583e-03 9.985789446651064383e-01 -5.239254673711109950e-02 -5.157643021797440885e-02 3.131301743927493355e-03 5.242527930502013239e-02 9.986199402371149780e-01 -9.154218362536940129e-03
9.999518544478650517e-01 9.279917691857703446e-03 -3.189343805246929765e-03 -7.615327673970426203e-03 -9.437811155076891376e-03 9.985130107975063174e-01 -5.369073466344122941e-02 -5.277245586341219180e-02 2.686355686953381845e-03 5.371825011791885734e-02 9.985525189479980135e-01 -1.005559035224795790e-02
9.999549332204922258e-01 9.227329163414338745e-03 -2.233366183789857549e-03 -1.913713127705821831e-02 -9.326281100045208730e-03 9.987391178327494901e-01 -4.932742636205923736e-02 -3.877791233787307446e-02 1.775389772368974380e-03 4.934603233464104899e-02 9.987801645427208941e-01 -4.765000591913525277e-03
9.999663000952235814e-01 8.077058239863500397e-03 -1.469627183727042086e-03 -7.336728492276629876e-03 -8.128864508945744458e-03 9.991846924302710820e-01 -3.954582120552935925e-02 -4.445415624558929357e-02 1.149015084539180536e-03 3.955643491537560313e-02 9.992166773133448476e-01 -4.884482196378118948e-04
9.999635410006170178e-01 8.484516477852506802e-03 -9.641834080843809246e-04 -1.408196081256427729e-02 -8.507974254636016878e-03 9.995799762079559114e-01 -2.770352934527965313e-02 -2.856773364419404326e-02 7.287273768883956865e-04 2.771072254993307490e-02 9.996157185699766634e-01 6.838673047959670064e-04
9.999221069947634710e-01 1.247994735043610887e-02 -1.756624126279384226e-04 -4.376978827845295905e-03 -1.248092803043295701e-02 9.997125387199771174e-01 -2.047111041339394130e-02 -2.277278367153455496e-02 -7.986646367816817825e-05 2.047170828701297060e-02 9.997904294306679818e-01 1.083849705771414628e-03
9.999490439154339327e-01 1.008711163533403121e-02 3.996892115116080883e-04 -2.028830649871493121e-03 -1.008218860125765365e-02 9.998904422285103122e-01 -1.083757413275043303e-02 1.411346104399500284e-03 -5.089652425855683898e-04 1.083299215039408743e-02 9.999411918885287021e-01 1.040904471196887329e-03
9.999654080697359948e-01 8.280186105235568667e-03 7.881509937838627588e-04 -1.288193753656204608e-02 -8.276856936972814410e-03 9.999571864408302035e-01 -4.137502215550629796e-03 1.534791220621051569e-02 -8.223765385902393442e-04 4.130835678342240254e-03 9.999911299073743765e-01 -1.176465374533950097e-03
9.999685626763765711e-01 7.876996254798941319e-03 9.091693700410376699e-04 -3.687278135751061864e-03 -7.877329904582992467e-03 9.999689071099905346e-01 3.639873973019186557e-04 8.346891449617071385e-03 -9.062739739724737188e-04 -3.711377815792699531e-04 9.999995204620005795e-01 -3.642130356274822511e-03
9.999713099367636415e-01 7.527252395855267737e-03 8.483953808051505939e-04 -4.770315860429203379e-03 -7.530021890476788250e-03 9.999661711234637540e-01 3.309891087105516945e-03 2.067538878194536897e-02 -8.234522949271244055e-04 -3.316184561910164030e-03 9.999941624060959544e-01 -4.285301978477699947e-03
9.999693047582741690e-01 7.808137117540434567e-03 6.500276974855386880e-04 -1.145740144733645507e-02 -7.809650318390170577e-03 9.999667220301918791e-01 2.358854403598176653e-03 1.306259905797215598e-02 -6.315878072598388052e-04 -2.363858487006692283e-03 9.999970066304674221e-01 -9.362467721557478015e-03
9.999686644822478598e-01 7.869995723254806161e-03 8.562831923586695752e-04 -2.939259497871623758e-03 -7.869676465445665445e-03 9.999689630865540302e-01 -3.755741354178404536e-04 1.046567244459091148e-02 -8.592123828108466470e-04 3.688236949211911773e-04 9.999995628614860577e-01 -8.631673912459407808e-03
9.999653481762272866e-01 8.229402664301839476e-03 1.256733299197810520e-03 -9.764214995350298937e-03 -8.224211734200230495e-03 9.999578519239538110e-01 -4.081264140336799719e-03 1.802998543569771933e-02 -1.290266696297353091e-03 4.070787076345015569e-03 9.999908819106460012e-01 -3.176287292637785392e-03
9.999675169141686304e-01 8.053642801356172137e-03 3.224191991727808114e-04 -1.203149186590793222e-02 -8.049701880553702255e-03 9.999095505675837936e-01 -1.077464539401476983e-02 4.185099223422937553e-03 -4.091651818538880308e-04 1.077170002184972726e-02 9.999418998434325134e-01 -9.089497258916586289e-03
9.999629079882650373e-01 8.606573157918928976e-03 3.309775369212329373e-04 -1.162381128023923064e-02 -8.599319583362579830e-03 9.998046124182069505e-01 -1.779855864900741283e-02 5.092535365799160524e-03 -4.840974651388591345e-04 1.779505228304624140e-02 9.998415383268930423e-01 -3.611116849251638783e-03
9.999637348461263286e-01 8.463416727060383768e-03 -9.484565831698007262e-04 -1.049619934646829275e-02 -8.484177509061814268e-03 9.996618033804980374e-01 -2.458246517429242897e-02 -7.494371742109233112e-03 7.400841714111424524e-04 2.458962056142153726e-02 9.996973556212223055e-01 -7.239470907193857815e-03
9.999653652821847150e-01 8.228723804343305789e-03 -1.247533814694986708e-03 -7.292988823637297502e-03 -8.263264524519932028e-03 9.994909282586412758e-01 -3.081562571289704275e-02 -2.216156971448092830e-02 9.933254576340866393e-04 3.082486712431027967e-02 9.995243072938765350e-01 -6.460307861261227469e-03
9.999619170009181879e-01 8.534350864208816931e-03 -1.824665222820927128e-03 -1.414555266859909149e-02 -8.603070966382875620e-03 9.990919028504814392e-01 -4.172956779732368143e-02 -3.896317823388117940e-02 1.466873476539108136e-03 4.174367633463339083e-02 9.991272760605993675e-01 -8.480160286854715804e-03
9.999500329530653930e-01 9.731675261220283646e-03 -2.286065128926555081e-03 -9.125878192659754931e-03 -9.827357060607697786e-03 9.988728401490125641e-01 -4.643783226905096734e-02 -2.771849654018808742e-02 1.831570464619066340e-03 4.645797788599220074e-02 9.989185660705169889e-01 -8.167260851412238426e-03
9.999498196625827839e-01 9.760243658471886435e-03 -2.257387980703818957e-03 -1.627107038509297693e-02 -9.860497713688243238e-03 9.987125932588926114e-01 -4.975868417609283223e-02 -3.035504528241300681e-02 1.768824922516550567e-03 4.977844623755407760e-02 9.987587183842594474e-01 -3.407626852748226604e-03
9.999539995506574463e-01 9.221944407855687739e-03 -2.637143147840444526e-03 -1.223298691669647519e-02 -9.348561958255221724e-03 9.985560886556605897e-01 -5.289935914565660480e-02 -4.679245040903536046e-02 2.145500397680193301e-03 5.292157924747634135e-02 9.985963665455610538e-01 -1.055076159810687531e-02
9.999537358858537894e-01 9.173097131434460386e-03 -2.894888070618220448e-03 -6.213272150934367154e-03 -9.318962150997629409e-03 9.984313414339459625e-01 -5.520881620574370763e-02 -5.404289307694822714e-02 2.383911146081677847e-03 5.523323937113035209e-02 9.984706336373739832e-01 -1.099872647445481258e-02
9.999437524751498829e-01 1.023219837350347605e-02 -2.791774052714168439e-03 -1.757882101001693315e-02 -1.037336770274567901e-02 9.983551717737076947e-01 -5.638567402447305227e-02 -2.867137169421822562e-02 2.210232661908723487e-03 5.641146256866396563e-02 9.984051591225099331e-01 -7.074522832794397434e-03
9.999539505082510882e-01 9.169095861923628327e-03 -2.832762612171273696e-03 -7.825789332499832884e-04 -9.316906256722514573e-03 9.983003724536996248e-01 -5.752878945891475720e-02 -5.586261387312572990e-02 2.300460985434286086e-03 5.755253287110439347e-02 9.983398288355398442e-01 -1.015104186648034361e-02
9.999528672910303895e-01 9.290141137000195934e-03 -2.820722265927084506e-03 -5.720439474248037448e-03 -9.438828460220134373e-03 9.982542189596834703e-01 -5.830456968789773931e-02 -5.155191922334947940e-02 2.274140221142596438e-03 5.832844594918505654e-02 9.982948565826669229e-01 -8.461493613693176624e-03
9.999511796373137251e-01 9.381648223362848427e-03 -3.102099056728781917e-03 -1.231327317384835023e-02 -9.548327051433706802e-03 9.982132389955599150e-01 -5.898439577135610595e-02 -5.410666777073956657e-02 2.543185495307834568e-03 5.901113598810130839e-02 9.982540849087121471e-01 -9.098137727106176548e-03
9.999505706143773098e-01 9.456105433907752850e-03 -3.072197585443847516e-03 -7.702100781657580594e-03 -9.620985706480289501e-03 9.982102978121913939e-01 -5.902235149273359766e-02 -5.228572098039142857e-02 2.508577688031346856e-03 5.904899162321834011e-02 9.982519339456669138e-01 -7.997815514926689962e-03
9.999507295563486720e-01 9.376458866085264979e-03 -3.258907617388684570e-03 -1.269345324110742607e-02 -9.552012148674104627e-03 9.982216723844078432e-01 -5.884090283117256182e-02 -5.253070086022709750e-02 2.701392906936209669e-03 5.886913283893792370e-02 9.982620536087475349e-01 -9.820236910880287412e-03
9.999480429404172810e-01 9.713890607308282854e-03 -3.090590380285738493e-03 -1.022082691293542227e-02 -9.878766350345707936e-03 9.982228263294098403e-01 -5.876732910657157805e-02 -4.090720176766133448e-02 2.514238458210395211e-03 5.879480694920313777e-02 9.982669228622078617e-01 -8.269465833493120158e-03
9.999461656645383112e-01 1.001196666028973323e-02 -2.725123186392163725e-03 -9.380003978341136875e-03 -1.015437165967613548e-02 9.982329629974181495e-01 -5.854776102971345764e-02 -3.907864472175286152e-02 2.134129561421113392e-03 5.857228106355867603e-02 9.982808890197319984e-01 -7.076356946006672095e-03
9.999522501307649414e-01 9.369798221144080841e-03 -2.775669237339264267e-03 -7.927666460826970213e-03 -9.516748056890008550e-03 9.982264611372054786e-01 -5.876532814434715091e-02 -5.573721122571707182e-02 2.220127212964728008e-03 5.878893745243372881e-02 9.982679659632337499e-01 -9.133200514786186941e-03
9.999513612108796856e-01 9.515370409794228490e-03 -2.594790641507962667e-03 -7.823111340360998714e-03 -9.651251578713139490e-03 9.982304829747440378e-01 -5.867500492521234012e-02 -5.190149945906648299e-02 2.031884709630943711e-03 5.869719402129643104e-02 9.982737654864787258e-01 -7.607982166005151578e-03
9.999537370971930406e-01 9.249981269417766744e-03 -2.638467713111823740e-03 -1.011162173559881916e-02 -9.388741653566432671e-03 9.982369465325352520e-01 -5.860759428233563995e-02 -5.733703473799704048e-02 2.091696804104187842e-03 5.862965481661729095e-02 9.982776108781384883e-01 -8.182569338170825324e-03
9.999492199656883074e-01 9.685846124419767583e-03 -2.782422481518742087e-03 -4.693965105561571233e-03 -9.832165911701384875e-03 9.982361909901481534e-01 -5.854771994676911950e-02 -4.582555582978068559e-02 2.210430613336596996e-03 5.857210413101608670e-02 9.982807333682088835e-01 -9.026556420035898240e-03
9.999523148635002245e-01 9.292244631878934444e-03 -3.003695861533116785e-03 -5.730755868988322843e-03 -9.452978690709880685e-03 9.982211984425494178e-01 -5.886493161291654619e-02 -5.281346923299611029e-02 2.451365537870469572e-03 5.889051850358997808e-02 9.982614375189388101e-01 -9.268916267613223556e-03
9.999512015435243484e-01 9.414829757347580041e-03 -2.992576198229018533e-03 -5.268771672108621580e-03 -9.577719704876138523e-03 9.981459150662039814e-01 -6.010823173164513145e-02 -5.341574777045538652e-02 2.421118939018009064e-03 6.013396059873726829e-02 9.981873796866962412e-01 -9.242993659515880839e-03
9.999457402727786048e-01 1.006080960369935481e-02 -2.701225729701071943e-03 -1.858957507151463504e-02 -1.020729554624214691e-02 9.980733016521867729e-01 -6.120045462849584006e-02 -4.747959139007085216e-02 2.080295160873449345e-03 6.122470611788204120e-02 9.981218401241517268e-01 -6.693196398787560480e-03
9.999435754252270492e-01 1.022393490191641011e-02 -2.883941909013253667e-03 -1.499288417626856718e-02 -1.038409035941123548e-02 9.979947457315256898e-01 -6.243923573903631397e-02 -4.307839090588330699e-02 2.239784190668852974e-03 6.246565974508508368e-02 9.980446005662224618e-01 -7.063348937884470283e-03
9.999433097593528608e-01 1.018550491838913011e-02 -3.103668324464628741e-03 -1.469707450995090016e-02 -1.036048714983724486e-02 9.979688489259332940e-01 -6.285568295282242812e-02 -4.334942991196559514e-02 2.457147437349164933e-03 6.288427516482275603e-02 9.980178006245509215e-01 -6.810451997837694768e-03
9.999412817881354609e-01 1.035549037656957085e-02 -3.193242076873932783e-03 -1.295997671262100019e-02 -1.053392745188293060e-02 9.980123717255476867e-01 -6.213165260304624737e-02 -4.183405296978825322e-02 2.543491368023558397e-03 6.216164172387929343e-02 9.980628542080167698e-01 -5.857775538576127233e-03
9.999517659938067515e-01 9.267963930330674199e-03 -3.251235219602203498e-03 -9.607670764074829894e-03 -9.447743480894783830e-03 9.981231329017538068e-01 -6.050579897420636094e-02 -5.825974330906950882e-02 2.684367520721089515e-03 6.053359737347476649e-02 9.981625507701837874e-01 -6.734769428057583995e-03
9.999489737872401252e-01 9.660064210257770720e-03 -2.955161805885047916e-03 -9.339987950788362220e-03 -9.815170118011301917e-03 9.982699401007126827e-01 -5.797231345111262396e-02 -4.919276349196029241e-02 2.390032928593842278e-03 5.799836075936330021e-02 9.983138173399319637e-01 -5.728302972034514731e-03
9.999482067137737129e-01 9.802664442503383757e-03 -2.737089647023926466e-03 -8.760178985215761813e-03 -9.939069708651819546e-03 9.984199472726454916e-01 -5.530663415372846087e-02 -3.713376226458701274e-02 2.190612525008835652e-03 5.533097376619611901e-02 9.984656651877669153e-01 -5.854525425927295350e-03
9.999543367390401061e-01 9.207586411488728750e-03 -2.558278573827349554e-03 -1.038993412792443144e-02 -9.331582734118899075e-03 9.985166986845085413e-01 -5.364069361843308570e-02 -4.931100201812992079e-02 2.060582554189482971e-03 5.366211699761090637e-02 9.985570245103041476e-01 -9.706450125308194524e-03
9.999492055388108369e-01 9.739370479281174442e-03 -2.594418040393273173e-03 -6.910042739966966094e-03 -9.863212312007648558e-03 9.985458098316817299e-01 -5.299983689106211454e-02 -3.539261263947007102e-02 2.074460216362898277e-03 5.302273408886262057e-02 9.985911507141210786e-01 -9.473961685844137920e-03
9.999505114363632652e-01 9.668657217014271776e-03 -2.343447412544948961e-03 -1.363234033281453955e-02 -9.778989913644862975e-03 9.985553648710726593e-01 -5.283516483808727709e-02 -3.630051543936550773e-02 1.829216888266081177e-03 5.285546665028036800e-02 9.986004975017570562e-01 -5.738266351095830907e-03
9.999489221224284741e-01 9.757196180880582312e-03 -2.636336261026019350e-03 -8.830392895345137716e-03 -9.883839087178039259e-03 9.985304351958963487e-01 -5.328489197129612082e-02 -3.585006008674968686e-02 2.112550849604068453e-03 5.330822741549127303e-02 9.985758709375698317e-01 -6.248745588364228859e-03
9.999513108367876768e-01 9.387009012619880813e-03 -3.043027700648866414e-03 -4.853473782757929296e-03 -9.538905962632569444e-03 9.984689297821759402e-01 -5.448674639462522395e-02 -4.519969435869395508e-02 2.526901032089708295e-03 5.451312063561528087e-02 9.985098569617332220e-01 -9.765365847036756516e-03
9.999540564909018547e-01 9.147107447550833006e-03 -2.866240173700222976e-03 -6.645854906703281550e-03 -9.291989675754301972e-03 9.984184403448543854e-01 -5.544616224062777488e-02 -5.344357948353636867e-02 2.354535040310183191e-03 5.547024792347066136e-02 9.984575643261223155e-01 -9.049907238801179615e-03
9.999461603421218037e-01 1.008804221391660511e-02 -2.430601023988500538e-03 -1.766853130476604694e-02 -1.020844667501365904e-02 9.983756253366306010e-01 -5.605263910089446772e-02 -4.009551811101336877e-02 1.861191427817118207e-03 5.607443390692373048e-02 9.984248563755246941e-01 -4.686828973928368162e-03
9.999455094398700394e-01 1.009115015476513312e-02 -2.673357363464418622e-03 -1.105828076194667262e-02 -1.022457237471607015e-02 9.983911380996520757e-01 -5.577269478728513752e-02 -3.869289513193943653e-02 2.106245663021945151e-03 5.579698963775243936e-02 9.984399129024097430e-01 -7.270561298808184830e-03
9.999486407242915709e-01 9.737448119276350192e-03 -2.810341218801798348e-03 -3.608755945076499647e-03 -9.876583694709712910e-03 9.984550236948155355e-01 -5.468106393539411136e-02 -4.315377732111389669e-02 2.273545285031533612e-03 5.470601212581360784e-02 9.984999164892940371e-01 -9.703393018539195614e-03
9.999499621951997153e-01 9.701062378979528195e-03 -2.441821970941194034e-03 -5.161547619132572304e-03 -9.816641855381932902e-03 9.985524619749777120e-01 -5.288302399063205678e-02 -3.975370440026294860e-02 1.925265826265729237e-03 5.290434833196370340e-02 9.985977284567938428e-01 -7.854305690427070344e-03
9.999482768325176352e-01 9.917591410099296442e-03 -2.255003392679099956e-03 -1.033736840286578369e-02 -1.001959935428201921e-02 9.986516228277804164e-01 -5.093666510697757860e-02 -2.998465181781419242e-02 1.746793765257068174e-03 5.095662473185445102e-02 9.986993396951249213e-01 -6.774242128448273483e-03
9.999563155656183699e-01 9.120341880039135873e-03 -2.046050934037116527e-03 -1.043553206465881386e-02 -9.209850618024470470e-03 9.987503914467463773e-01 -4.912060908177594276e-02 -4.183947567689040581e-02 1.595497423107999132e-03 4.913730709921107498e-02 9.987907585871079741e-01 -7.200311799180098872e-03
9.999572231611306705e-01 9.006196160465022513e-03 -2.107196858380031533e-03 -5.385580707196624232e-03 -9.096266950675521365e-03 9.988261699211262723e-01 -4.757667714600790493e-02 -4.053126310870684701e-02 1.676238480285496520e-03 4.759380959129714400e-02 9.988653660594828398e-01 -8.871294598157638059e-03
9.999573525274229047e-01 8.979420078638992997e-03 -2.159430804319584837e-03 3.909574708834010013e-04 -9.070877536288299986e-03 9.988572088162319673e-01 -4.692542569405214886e-02 -4.017605052692065776e-02 1.735599916158597333e-03 4.694301237562076984e-02 9.988960613006907518e-01 -9.301293069846854403e-03
9.999573021441667819e-01 8.915482182532087282e-03 -2.430651355581746158e-03 -3.645739459516584777e-03 -9.020599002515733086e-03 9.988375466490140298e-01 -4.735170744349730815e-02 -4.194506805740209898e-02 2.005662532743399812e-03 4.737161155831304954e-02 9.988753214171290917e-01 -1.077067512629864034e-02
9.999567334230298199e-01 8.953794333423211946e-03 -2.522072357877058919e-03 -7.126515883668316405e-03 -9.067979484645308577e-03 9.987259093408993316e-01 -4.964201606764021696e-02 -4.372295901298867138e-02 2.074374606878170470e-03 4.966273832793108994e-02 9.987638907127959209e-01 -1.042755846747596242e-02
9.999545353195303798e-01 9.208464581575856456e-03 -2.476181324509166976e-03 -7.300000882136659791e-03 -9.323276320278784529e-03 9.986427048894184200e-01 -5.124279939466280798e-02 -4.138933610935013191e-02 2.000952912417947906e-03 5.126355577986947687e-02 9.986831549777168693e-01 -8.741728993634444514e-03
9.999492607181811321e-01 9.714702332244211716e-03 -2.664685302059573505e-03 -4.723443837163816481e-03 -9.841473185109987989e-03 9.985664660842177298e-01 -5.261328936327430011e-02 -3.104890550940062749e-02 2.149742940419744307e-03 5.263684423170485877e-02 9.986114065213842483e-01 -8.728194671582156089e-03
9.999449815248336870e-01 1.009787437239991793e-02 -2.840221198983850642e-03 -2.952036113404537393e-03 -1.024060559519601558e-02 9.983907588941481892e-01 -5.577654123204913578e-02 -3.124356818192964430e-02 2.272426091992517903e-03 5.580255807690241016e-02 9.984392373057713321e-01 -9.125990164808812921e-03
9.999458567459451608e-01 1.003142585827360156e-02 -2.766599332704155253e-03 -5.415141835316052490e-03 -1.017291656119578488e-02 9.983204485516048443e-01 -5.703326899592498639e-02 -3.598808890458503329e-02 2.189827677400186818e-03 5.705832541332201552e-02 9.983684450921767040e-01 -9.452641191742765236e-03
9.999495228852088857e-01 9.734351693648220921e-03 -2.488790619455329752e-03 -6.596928473250251654e-03 -9.861130766765480171e-03 9.983041011518941632e-01 -5.737316204733183822e-02 -4.671761551074354174e-02 1.926079345165220436e-03 5.739480830539479828e-02 9.983497013561646316e-01 -8.201462245528444439e-03
9.999508897549966857e-01 9.544121861648094049e-03 -2.669797011116598756e-03 -1.199551225218526210e-02 -9.680538555596708214e-03 9.983345473441852524e-01 -5.687195048839344125e-02 -4.894665597258489320e-02 2.122557764623105026e-03 5.689500256587286253e-02 9.983779111296309239e-01 -9.605742060382902250e-03
9.999505610596121086e-01 9.564537878589305167e-03 -2.719384440650794970e-03 -1.335550388444562732e-02 -9.702991888999526124e-03 9.983539293694811967e-01 -5.652684018162541096e-02 -4.733401706292151429e-02 2.174255037715829963e-03 5.655043171971405741e-02 9.983973764425390085e-01 -7.431532773765244827e-03
9.999509212742496711e-01 9.516670244536779358e-03 -2.754637950078477147e-03 -8.138261289593134995e-03 -9.654989418907284834e-03 9.984101222591879043e-01 -5.553385408662230016e-02 -4.748511491725002087e-02 2.221761035767045190e-03 5.555772455608865013e-02 9.984530049131254970e-01 -8.450039133045145548e-03
9.999494847913039663e-01 9.738747502863919631e-03 -2.486898204848803258e-03 -4.684861016371230993e-03 -9.856801242586334805e-03 9.985482429265611914e-01 -5.295516988492603855e-02 -3.188481386713618720e-02 1.967570804308434174e-03 5.297700770478350890e-02 9.985937939521641882e-01 -6.745521794760228965e-03
9.999518748222316900e-01 9.497720025793540341e-03 -2.457916559918166613e-03 -3.214885535067693936e-03 -9.612849764204784223e-03 9.985969818194778691e-01 -5.207361155556838872e-02 -3.931613382968242310e-02 1.959887475011678863e-03 5.209473308637868616e-02 9.986402243179193228e-01 -9.482714866228075107e-03
9.999533676350058631e-01 9.367851405904431550e-03 -2.346468718669439488e-03 -9.462905894084099045e-03 -9.475501831915360273e-03 9.986495804482919958e-01 -5.108062583293050685e-02 -3.893058999430701328e-02 1.864784288910780689e-03 5.110047779118481737e-02 9.986917761497130508e-01 -8.900932580436324293e-03
9.999489561984120645e-01 9.818919116026581309e-03 -2.381979239868963014e-03 -6.699882333477711477e-03 -9.927032998894377500e-03 9.986658540657971095e-01 -5.067510176478135647e-02 -3.032400794475783798e-02 1.881226606525932075e-03 5.069616110145828275e-02 9.987123510981676944e-01 -6.629724917187010402e-03
9.999530475651861039e-01 9.364998854119396116e-03 -2.489871795689844580e-03 -4.725201103600542261e-03 -9.478391726635872205e-03 9.986895962887324396e-01 -5.029165293490644312e-02 -4.410707614666502935e-02 2.015627786341022982e-03 5.031289159957898910e-02 9.987314705082221966e-01 -8.913618976891034967e-03
9.999550126064177258e-01 9.211032657075042887e-03 -2.264871009415922801e-03 -8.244373746119108490e-03 -9.311898680915997942e-03 9.987299618362338594e-01 -4.951516811595432777e-02 -3.852036340198433662e-02 1.805908706261341026e-03 4.953403080696303085e-02 9.987708037812076389e-01 -6.025525584050261604e-03
9.999520560023256177e-01 9.557551268633781086e-03 -2.130471888875569604e-03 -8.779087343013400324e-03 -9.650706865653826613e-03 9.987454642097746138e-01 -4.913615346560133712e-02 -3.511190890045275126e-02 1.658177829749964095e-03 4.915435824165891032e-02 9.987898174852082311e-01 -6.760442382204819196e-03
9.999511749429871310e-01 9.666060269785593795e-03 -2.053048708723741178e-03 -4.991066193913591513e-03 -9.754109045029817071e-03 9.987805990914601084e-01 -4.839599399993533418e-02 -3.371622927074817422e-02 1.582746624443489647e-03 4.841365672374874779e-02 9.988261173776734614e-01 -7.506228680621940957e-03
9.999576101244652682e-01 8.994355907577664816e-03 -1.969648693499598084e-03 -7.944781598330240974e-03 -9.077040633515397888e-03 9.988525151484375364e-01 -4.702403975604200342e-02 -4.190711535524392628e-02 1.544437601682984319e-03 4.703992499407424338e-02 9.988918160486882636e-01 -6.000909213852302637e-03
9.999553818620565693e-01 9.141603261712248976e-03 -2.380204805088030878e-03 1.358456192129844226e-03 -9.241366973796386400e-03 9.989003442270331101e-01 -4.596411034242178090e-02 -3.549602899405397000e-02 1.957401738105287500e-03 4.598405585548268754e-02 9.989402560641529316e-01 -9.384048590525488620e-03
9.999565922081014024e-01 9.034792747296641058e-03 -2.277327287476241593e-03 4.246662455398063016e-03 -9.127723040067686061e-03 9.989552880765262266e-01 -4.477741725522238481e-02 -3.769671117647464126e-02 1.870393451845204190e-03 4.479626037916407955e-02 9.989943927191871076e-01 -9.426917205386915743e-03
9.999576102411226186e-01 8.963617295293361056e-03 -2.105061957896887329e-03 -2.032462843906586610e-03 -9.047254125862444832e-03 9.989988144795427516e-01 -4.381227979973291442e-02 -3.757528791086459791e-02 1.710237891385858007e-03 4.382946763824011049e-02 9.990375632842357634e-01 -8.982028413245312509e-03
9.999560656524567603e-01 9.127967340497469481e-03 -2.132364202093898348e-03 -3.026250379078414786e-03 -9.212135687676850995e-03 9.990101067918777389e-01 -4.351945638163379204e-02 -3.691808190056942995e-02 1.733009212725245170e-03 4.353718801107746283e-02 9.990503040083400510e-01 -8.012610058586316225e-03
9.999585508772322884e-01 8.894059875437190787e-03 -1.947363971562047959e-03 3.523570456877368577e-03 -8.968023817236898260e-03 9.990771227963410883e-01 -4.200568120859646953e-02 -3.682057521281760504e-02 1.571965749967682829e-03 4.202140411643690704e-02 9.991154740668187761e-01 -8.305744653906040748e-03
9.999636269588298987e-01 8.382818479124106922e-03 -1.572613648697375162e-03 -1.695618613321438206e-03 -8.439036922274495076e-03 9.991635684015404140e-01 -4.001182618832661853e-02 -3.970427236394085541e-02 1.235886388994429609e-03 4.002364218117121508e-02 9.991979686985893450e-01 -6.792370046524699723e-03
9.999653422538355985e-01 8.184723894760964624e-03 -1.524659285214910540e-03 3.297246485939983769e-03 -8.237429234392346783e-03 9.992225255253935901e-01 -3.855501578604967478e-02 -4.133764470458007462e-02 1.207911742571217504e-03 3.856623882906771300e-02 9.992553158086282528e-01 -6.591373091763630745e-03
9.999641212277515789e-01 8.380383679849563727e-03 -1.235081612341013685e-03 3.108393885178139214e-03 -8.420496846209143960e-03 9.992738180534490589e-01 -3.716089054026164296e-02 -3.011691309317231571e-02 9.227621977593298934e-04 3.716995725395493000e-02 9.993085323300634482e-01 -4.329023559618526418e-03
9.999635715301149474e-01 8.449926574818217295e-03 -1.205965843974581009e-03 2.290286525631568537e-03 -8.488274484479620130e-03 9.992993864146848537e-01 -3.645113863119293918e-02 -2.549054167408651428e-02 8.971114829187661977e-04 3.646004734108959644e-02 9.993347087632215020e-01 -4.773670158947834752e-03
9.999680608377361501e-01 7.908230372116787504e-03 -1.156372258052878240e-03 2.559726153025300346e-03 -7.945116990292273862e-03 9.993043958884848532e-01 -3.643623847162055090e-02 -3.803822203599338536e-02 8.674217130287750765e-04 3.644426224156228217e-02 9.993353107587262807e-01 -5.195797373307919562e-03
9.999663256734128147e-01 8.127949043904137902e-03 -1.133121155815285108e-03 -1.547972599577209386e-03 -8.163972293634890950e-03 9.992969580738745305e-01 -3.659151733243520138e-02 -3.355114711447779174e-02 8.349105358181987437e-04 3.659953590745163715e-02 9.993296637725492815e-01 -6.165043379175157677e-03
9.999655993981865221e-01 8.181821001334542431e-03 -1.363020662983343081e-03 3.982072700495982095e-03 -8.226914081759312963e-03 9.992723596349016857e-01 -3.724337732251302435e-02 -3.024499029662576152e-02 1.057310227392529826e-03 3.725330958180558816e-02 9.993052952027648983e-01 -7.524886898274971495e-03
9.999655887490789263e-01 8.138533731515431441e-03 -1.607975873253981699e-03 1.011333262981223280e-03 -8.195916736202422948e-03 9.991794539809564224e-01 -3.966416129418402076e-02 -3.926533455815664486e-02 1.283848340427479586e-03 3.967597523714815749e-02 9.992117737108685560e-01 -9.544273702631294112e-03
9.999627270199842322e-01 8.461617510816867374e-03 -1.716274994618380550e-03 -4.469244095508109055e-03 -8.525367117564732963e-03 9.991080876340332484e-01 -4.135634582232348977e-02 -4.034217403201743185e-02 1.364802647733710447e-03 4.136943622247594987e-02 9.991429862939373852e-01 -8.090386436353033325e-03
9.999577664984562464e-01 9.010854230381384541e-03 -1.808238219299105123e-03 7.976370002043221483e-03 -9.078508030865227799e-03 9.990867029405852140e-01 -4.175333159454753390e-02 -2.724605881006011629e-02 1.430353576019452715e-03 4.176798431034880327e-02 9.991263131232697159e-01 -8.088047846390531564e-03
9.999591041167913419e-01 8.826293119563812656e-03 -1.971457255832993055e-03 -9.132390943262340410e-04 -8.901406165760881312e-03 9.990756958574906754e-01 -4.205376219962891210e-02 -3.058954110731921042e-02 1.598456197770289347e-03 4.206959111565412163e-02 9.991134041945115563e-01 -6.316292030947403754e-03
9.999594330774164153e-01 8.813386528996894342e-03 -1.859144260784693393e-03 -3.377015944325580978e-03 -8.885405776930147687e-03 9.990292760839136754e-01 -4.314574244848140561e-02 -3.200033782537135135e-02 1.477079439708279401e-03 4.316051140964261013e-02 9.990670590561910869e-01 -6.303647138118671778e-03
9.999570526519164781e-01 8.990160408606116468e-03 -2.251636631406300944e-03 -2.289765801930679877e-03 -9.083015589532625680e-03 9.989305045407930184e-01 -4.533592312589376089e-02 -3.824714443913110329e-02 1.841651295079207301e-03 4.535442771884761609e-02 9.989692608918470107e-01 -9.643268793796953495e-03
9.999571961035226275e-01 8.968208769056627491e-03 -2.275344425763721045e-03 -3.399698059710533002e-03 -9.065787060862690386e-03 9.988402712860088295e-01 -4.728555764987192600e-02 -4.485280588838642946e-02 1.848638890733629104e-03 4.730416143181150057e-02 9.988788209014568542e-01 -1.025533081171057723e-02
9.999544392841258622e-01 9.302863703383000907e-03 -2.139178086474483650e-03 -3.844595293468775019e-03 -9.397554097654086877e-03 9.987243395104559163e-01 -4.961229329899289470e-02 -4.561833519553301630e-02 1.674912818936676907e-03 4.963013596918620235e-02 9.987662610795025042e-01 -1.050578876329546704e-02
9.999522157802085420e-01 9.497600041993386338e-03 -2.315545226002915184e-03 -3.225332598465891452e-03 -9.604801107826084483e-03 9.986116799977978742e-01 -5.179247404454421361e-02 -4.125774850169872110e-02 1.820426304589247476e-03 5.181223953293285361e-02 9.986551846771996033e-01 -9.298930354161041162e-03
9.999555992834361362e-01 9.079333077476256508e-03 -2.522929363335994681e-03 -5.367640791287920515e-03 -9.200901962446730864e-03 9.985367062809590299e-01 -5.328967641721280707e-02 -5.264534690712459331e-02 2.035402854862234778e-03 5.331052354312466185e-02 9.985759085892150777e-01 -9.931852340865139628e-03
9.999518848451695030e-01 9.459510503058998071e-03 -2.597240003419662348e-03 -4.971991382547032504e-03 -9.587052892781302432e-03 9.984670656664350608e-01 -5.451244992008528328e-02 -4.560242400662099793e-02 2.077597512479387957e-03 5.453472692240522030e-02 9.985097130965100432e-01 -9.437989932807677382e-03
9.999494654126763749e-01 9.659486452736678122e-03 -2.785846796232111303e-03 -7.583492524780178351e-03 -9.800874477321983372e-03 9.983699348644464733e-01 -5.622647079659757324e-02 -4.552610983405701306e-02 2.238186851551650890e-03 5.625093314986211873e-02 9.984141540660305125e-01 -9.434688838020486440e-03
9.999473383537934579e-01 9.894796868124802053e-03 -2.722776910197622670e-03 -7.701317462846571892e-03 -1.003425217166273309e-02 9.983154107110719933e-01 -5.714590554133479328e-02 -4.065552537100780572e-02 2.152743022202007958e-03 5.717021717399912994e-02 9.983621246650726810e-01 -6.682359204112623199e-03
9.999497592139472424e-01 9.668331553891854752e-03 -2.646207273261503949e-03 -7.293152435588395009e-03 -9.804596175598940394e-03 9.982952424916154976e-01 -5.753675966232349448e-02 -4.541202990013935153e-02 2.085411662591735507e-03 5.755981396400239314e-02 9.983398814404976784e-01 -5.530236886268254971e-03
9.999448145123566167e-01 1.016347706619928626e-02 -2.659260004885664452e-03 -6.846021436818108472e-03 -1.030026934357453419e-02 9.982736413625046268e-01 -5.782422859230579304e-02 -3.270181780996370136e-02 2.066973947238319193e-03 5.784842862835824773e-02 9.983232376960535781e-01 -7.020922988815578650e-03
9.999487361632586335e-01 9.690821263683391598e-03 -2.934796200284784783e-03 -1.985328968592383128e-04 -9.845783826964825056e-03 9.982428329401678013e-01 -5.843207188198044910e-02 -4.274778349370815522e-02 2.363384508399351321e-03 5.845797179875122929e-02 9.982870729138196841e-01 -8.872518574094972327e-03
9.999477378765089242e-01 9.820786075642103444e-03 -2.841421564841983306e-03 -7.856215692441943788e-03 -9.970798197950598088e-03 9.982226785659999990e-01 -5.875429499037446157e-02 -4.119259277306064337e-02 2.259358083266121801e-03 5.877955560717237904e-02 9.982684304052066304e-01 -8.524949608295504661e-03
9.999493196890475444e-01 9.654131865986083014e-03 -2.855834610970153613e-03 -5.125147178531817838e-03 -9.806835670751594750e-03 9.981839490707355989e-01 -5.943593014059714297e-02 -5.047988217774780628e-02 2.276845962716214471e-03 5.946092460990849704e-02 9.982280372825623749e-01 -9.470448594015709251e-03
