1.000000000000000000e+00 0.000000000000000000e+00 0.000000000000000000e+00 0.000000000000000000e+00 0.000000000000000000e+00 1.000000000000000000e+00 0.000000000000000000e+00 0.000000000000000000e+00 0.000000000000000000e+00 0.000000000000000000e+00 1.000000000000000000e+00 0.000000000000000000e+00
9.999852242741914532e-01 -6.241202209373491799e-04 5.400158075916972750e-03 4.055048561723378908e-01 6.746897093684052884e-04 9.999558945474174010e-01 -9.367697351549313448e-03 -1.468747141733657210e-03 -5.394073330160294166e-03 9.371202368104571481e-03 9.999415405607894325e-01 1.712231244089487160e-04
9.998768422792441157e-01 1.539697467156571874e-02 3.038658363610332019e-03 8.310152259112090212e-01 -1.534943389570518450e-02 9.997682676429390236e-01 -1.509323998742643710e-02 -3.179600538629734352e-02 -3.270344441943697032e-03 1.504473945270689422e-02 9.998814733067270533e-01 -3.332281070290234182e-02
9.988883916885793468e-01 4.713789270807078324e-02 4.565701039244363319e-06 1.710474860458486956e+00 -4.713689148036070975e-02 9.988677968916115368e-01 -6.421666019582158297e-03 -8.524920077987478695e-02 -3.072643355764634451e-04 6.414312429307204508e-03 9.999793808797695638e-01 -5.358544258814196271e-02
9.985506850402464663e-01 5.381804017449817734e-02 3.846523502142999728e-04 2.147752935862933921e+00 -5.381529317167546567e-02 9.985371625764509762e-01 -5.239195989556215925e-03 -1.147900946423456719e-01 -6.660529266093566120e-04 5.210902565435515145e-03 9.999862013387746940e-01 -7.921314194235500039e-02
9.981697990566104073e-01 6.020630614786425666e-02 -5.679168188717114048e-03 2.583808743220537885e+00 -6.023625807522837300e-02 9.981702936081637834e-01 -5.259103658085289602e-03 -1.614350085938163482e-01 5.352145773479870423e-03 5.591570282277069474e-03 9.999700439900176541e-01 -9.291527248126328631e-02
9.975480518813734099e-01 6.989137559628758045e-02 -3.616601296152768645e-03 3.030666981318625552e+00 -6.991937286409125041e-02 9.975181072617816946e-01 -8.301023019170046882e-03 -2.022024590074185391e-01 3.027455361992573146e-03 8.533539835921978914e-03 9.999590057656863040e-01 -9.255860075278556087e-02
9.960504092624232753e-01 8.859802603413068078e-02 -5.828549649315991309e-03 3.897778474366087487e+00 -8.862105568995086446e-02 9.960580934244011031e-01 -3.818771025570141375e-03 -3.018466031530994131e-01 5.467238476385301131e-03 4.320220665962299679e-03 9.999757222037141124e-01 -1.531268690439772928e-01
9.956809382182647550e-01 9.272916887975554689e-02 -4.557467242421094425e-03 4.369659067882567527e+00 -9.269243002337848591e-02 9.956649992462835996e-01 7.702122581423343980e-03 -3.580648388957247685e-01 5.251922044075544443e-03 -7.246413924691722658e-03 9.999599525981403003e-01 -1.284475072318915778e-01
9.952842129681269689e-01 9.700169466421906805e-02 -8.153947335465152983e-05 4.775001700367167423e+00 -9.698399022768541822e-02 9.951179289001284012e-01 1.828696861251618080e-02 -4.072390016862612039e-01 1.855008337533740328e-03 -1.819282313959401029e-02 9.998327760832204092e-01 -1.616531888517396542e-01
9.946264486934178750e-01 1.035024563619612176e-01 2.338607825221720310e-03 5.196460815525530741e+00 -1.035256357258764609e-01 9.941629261164425246e-01 3.037299924515085223e-02 -4.566862223252494690e-01 8.187228303918717186e-04 -3.045189423719183927e-02 9.995358982199158415e-01 -2.229656297698230927e-01
9.981764621106917756e-01 6.028756459177227189e-02 3.026556421989581424e-03 7.406127423093959550e+00 -6.035057508702194873e-02 9.977447428443972921e-01 2.938088176065097035e-02 -6.869852516633210282e-01 -1.248428952053585051e-03 -2.950995903013953203e-02 9.995637066956718497e-01 -2.753721959754402149e-01
9.991464283593575191e-01 4.080995525222902431e-02 -6.400175704636837729e-03 8.318288243701472240e+00 -4.071573064908635964e-02 9.990695828949115453e-01 1.421962769901174983e-02 -7.039254186683978620e-01 6.974523241785697200e-03 -1.394690239797055989e-02 9.998784125777749887e-01 -2.785931706713282163e-01
9.992368000311674381e-01 3.685927106730256531e-02 -1.293103243596175310e-02 8.750303608347627105e+00 -3.673852727534711315e-02 9.992801914299457300e-01 9.454080038247851189e-03 -7.248072357546749833e-01 1.327019506681644846e-02 -8.971797596810339101e-03 9.998716961544468207e-01 -3.248156241304931413e-01
9.990149488108879261e-01 4.377570528153607032e-02 -7.267714873537545021e-03 9.174882911234160332e+00 -4.370538217754237065e-02 9.989986418390197631e-01 9.568342202741541083e-03 -7.719195328988356364e-01 7.679298216237347673e-03 -9.241278639771531231e-03 9.999278109683759075e-01 -3.553361951974236543e-01
9.974371890915381123e-01 7.003408271703776000e-02 1.463834263686742895e-02 1.001640427966971103e+01 -7.024074364723917330e-02 9.974301998623845700e-01 1.411503929737420795e-02 -8.447668401328756183e-01 -1.361219119223820023e-02 -1.510707319326618642e-02 9.997932209164449580e-01 -3.454892537528717611e-01
9.967469764520098252e-01 8.039315920061446130e-02 5.692529097099999040e-03 1.047011315454665237e+01 -8.049631906681761762e-02 9.965313886471711680e-01 2.110767769399788871e-02 -9.016633895756523964e-01 -3.975871032838658621e-03 -2.149724155991323063e-02 9.997610019673927040e-01 -3.588093407242627375e-01
9.961264068289428231e-01 8.792353238309999486e-02 1.278307997918254118e-03 1.090638764205813871e+01 -8.792937636611228291e-02 9.958533480477608224e-01 2.333525131495164939e-02 -9.193068561419239781e-01 7.787104250948047920e-04 -2.335726086987391370e-02 9.997268786897401949e-01 -3.621743020013499792e-01
9.962341328487642755e-01 8.592675534734292575e-02 1.158210958973425637e-02 1.134276846808113426e+01 -8.623608215541675448e-02 9.958361158798740842e-01 2.955957448560908585e-02 -9.796855190522478773e-01 -8.993924702539511304e-03 -3.044705280916258638e-02 9.994959160965497524e-01 -3.222194152181418469e-01
9.968875837449762134e-01 7.803111439770210600e-02 1.123790732101638892e-02 1.222320203484372847e+01 -7.843535161315720594e-02 9.960468233362621548e-01 4.169677852138416879e-02 -1.058998224031941104e+00 -7.939835793227923572e-03 -4.244845000225207915e-02 9.990671089070958244e-01 -3.890353772357865170e-01
9.976102587323867343e-01 6.798805853794671894e-02 1.230429063949196183e-02 1.308523536876864313e+01 -6.862401809097364025e-02 9.957104517420209966e-01 6.205997448235144043e-02 -1.098205678587793610e+00 -8.032173613044073929e-03 -6.275603706370502799e-02 9.979965751439775490e-01 -4.895224051990346714e-01
9.992235786681337162e-01 3.750946206721540721e-02 1.205321903377539958e-02 1.398471791158117128e+01 -3.820044482293204202e-02 9.972565297383191307e-01 6.340457325473500272e-02 -1.135897930727034932e+00 -9.641879950412247935e-03 -6.381578292016060194e-02 9.979151166313239285e-01 -5.281776587070665663e-01
9.999881095851917978e-01 -3.887760032511790222e-03 -2.943808785256198188e-03 1.487348604107467054e+01 3.989232953322545579e-03 9.993692644442001560e-01 3.528681488463444177e-02 -1.154120101421030942e+00 2.804765351802737412e-03 -3.529813884878262725e-02 9.993728907095356107e-01 -5.604764531052255361e-01
9.997971965288103835e-01 -2.010390436108635409e-02 1.182726752699481132e-03 1.530972642546207396e+01 2.008256045420266089e-02 9.996717276918237749e-01 1.590998489149061598e-02 -1.129469423124267902e+00 -1.502191310903286999e-03 -1.588300610981615776e-02 9.998727286700948014e-01 -5.582461695531388823e-01
9.995008301133986306e-01 -3.158727330160740476e-02 -5.785913900314801394e-04 1.573468167708668730e+01 3.158478048153444406e-02 9.994934535986382818e-01 -3.903569571566138565e-03 -1.148694512159304626e+00 7.016014255538989162e-04 3.883346345143109165e-03 9.999922136579880716e-01 -5.589736402069637178e-01
9.997091347623144886e-01 -2.070785969467669671e-02 -1.236246009700611714e-02 1.618319511223237228e+01 2.053210563637737282e-02 9.996886555395335661e-01 -1.417831526298109560e-02 -1.187614749344529930e+00 1.265221367670988153e-02 1.392036394730492010e-02 9.998230568238829497e-01 -5.596195417166853758e-01
9.999360638571677118e-01 1.126388332407818847e-02 -9.965592284075751317e-04 1.705540112747407022e+01 -1.126838588789952876e-02 9.999257712870054382e-01 -4.634155324185247268e-03 -1.217148520237133269e+00 9.442866702213493580e-04 4.645088648114376745e-03 9.999887656739627761e-01 -6.213183697058428656e-01
9.996314946023167058e-01 2.669828753166713503e-02 4.906775113547721945e-03 1.748338171550307152e+01 -2.669012706705679167e-02 9.996422734177287106e-01 -1.721137234289323156e-03 -1.242601314405267887e+00 -4.950971246418894162e-03 1.589540534658273130e-03 9.999864805309148785e-01 -6.190538067680478873e-01
9.989655590269727048e-01 4.520712825284432801e-02 4.911968348712387154e-03 1.791575864911736105e+01 -4.523775286343452440e-02 9.989562982227911947e-01 6.313474232526005737e-03 -1.269157894759656013e+00 -4.621427679266412215e-03 -6.529149726329792035e-03 9.999680057932136545e-01 -6.358333027150840921e-01
9.983322431787570173e-01 5.761425306473592217e-02 3.651037313371319117e-03 1.834871414987671656e+01 -5.767950285057051735e-02 9.981052550547014901e-01 2.142369676550488766e-02 -1.329848689763535985e+00 -2.409809241846749394e-03 -2.159855726621211919e-02 9.997638196811464706e-01 -6.213186369609469129e-01
9.976607662111796060e-01 6.831724234626579406e-02 2.397907655346922899e-03 1.876456134902372952e+01 -6.835893473897811101e-02 9.971578464710671996e-01 3.167467857036098539e-02 -1.366667957123808286e+00 -2.271657415108009875e-04 -3.176450250492112576e-02 9.994953550549100507e-01 -6.958778735588770914e-01
9.981790964877711447e-01 6.020183446381265763e-02 3.772328465102287552e-03 1.962465779709514990e+01 -6.031556809724896578e-02 9.969037240721368986e-01 5.044796503537917615e-02 -1.410694977019944174e+00 -7.235882551876928609e-04 -5.058363429308352505e-02 9.987195664258012862e-01 -7.145481752646920537e-01
9.986934022562563573e-01 4.948112965318209738e-02 1.277129977990887691e-02 2.003535650412853641e+01 -5.011418910054343118e-02 9.972151470912787863e-01 5.523149882552748358e-02 -1.440307509419074261e+00 -1.000281663424314529e-02 -5.579935680600854597e-02 9.983918947184103887e-01 -7.472516965208872985e-01
9.992539549189116688e-01 3.834328404686114522e-02 4.618024189558979711e-03 2.046902387718879623e+01 -3.853535768343417656e-02 9.978304023665414135e-01 5.338084226795020842e-02 -1.440082924047436208e+00 -2.561208137465351749e-03 -5.351897496708726137e-02 9.985635480685988163e-01 -8.175152392911286814e-01
9.998590824836982582e-01 1.596557115820478739e-02 5.188035509647316232e-03 2.090337340596714810e+01 -1.621423774254337341e-02 9.985117913164037740e-01 5.207015552631726052e-02 -1.446609768187999467e+00 -4.348984856876843968e-03 -5.214693797049722856e-02 9.986299530812280389e-01 -7.359798024193173749e-01
9.998492450054325964e-01 -3.963999093762841409e-03 1.690485058351956851e-02 2.131104681095278153e+01 3.203710708845250530e-03 9.989923249137833139e-01 4.476685158739620446e-02 -1.444516906346774654e+00 -1.706527174587339421e-02 -4.470594451008249454e-02 9.988544213376145953e-01 -7.814845251334204823e-01
9.992460034713401829e-01 -3.780332191500328232e-02 8.850615726884973264e-03 2.216858078504788665e+01 3.766602302844414274e-02 9.991748179023335341e-01 1.519717010036300900e-02 -1.415532245442393755e+00 -9.417815870734909042e-03 -1.485234399107712364e-02 9.998453443519130790e-01 -7.341167863030824137e-01
9.987871121138707231e-01 -4.897259700686184408e-02 -5.097981721986230043e-03 2.260728494430565760e+01 4.897589918810473647e-02 9.987998226997364393e-01 5.248558770628214193e-04 -1.381920776206206458e+00 5.066159684692262723e-03 -7.738975246063664387e-04 9.999868674681036129e-01 -8.545262294504433198e-01
9.990071327476680585e-01 -4.445272242198137352e-02 -2.950286182301287228e-03 2.304922256440087835e+01 4.441663873920800171e-02 9.989487455624198597e-01 -1.133869226932722116e-02 -1.349319077859866711e+00 3.451220420936680546e-03 1.119639265755218230e-02 9.999313625789841842e-01 -8.895946333300802644e-01
9.999465329529100277e-01 -3.719586718975778205e-03 9.648622186341205414e-03 2.388289436024465573e+01 3.913343679158473934e-03 9.997894953326406098e-01 -2.014077366320900925e-02 -1.393217247158273997e+00 -9.571675752109824048e-03 2.017745517016063944e-02 9.997505955617894680e-01 -9.557153859514210259e-01
9.998814254121309864e-01 8.373838925399487709e-03 1.292338722845410431e-02 2.429306873061551997e+01 -8.123499878419190856e-03 9.997806691975017479e-01 -1.930342582861518941e-02 -1.400146095823534109e+00 -1.308219651015951265e-02 1.919615379827398910e-02 9.997301454961846634e-01 -9.246136435269169951e-01
9.997132477347230317e-01 1.750757690017862994e-02 1.633729031316257310e-02 2.468818653276010266e+01 -1.715569098100802603e-02 9.996230200881042194e-01 -2.143595057145483360e-02 -1.421917624711775074e+00 -1.670642303595787706e-02 2.114952625999047195e-02 9.996367305017965776e-01 -9.680026711291588315e-01
9.998014334852296514e-01 1.361231802157939971e-02 1.455329512375983479e-02 2.509863995834878381e+01 -1.329821940745155862e-02 9.996811366681734867e-01 -2.146584147942965509e-02 -1.438989318335178957e+00 -1.484085447240642529e-02 2.126804617044331797e-02 9.996636530606786142e-01 -9.631488046915395174e-01
9.997973888873797899e-01 1.845887311803571379e-02 8.028149051293476460e-03 2.553291071314787786e+01 -1.825134420070993746e-02 9.995158668684198666e-01 -2.519762514877916040e-02 -1.430577970778267982e+00 -8.489382123849623443e-03 2.504599531828262046e-02 9.996502530933866204e-01 -9.570967812376003359e-01
9.990941190697225638e-01 4.210863374579495999e-02 -6.148512369477022836e-03 2.637902560894055526e+01 -4.224304584223285974e-02 9.988269143313486254e-01 -2.367108542690258069e-02 -1.509610675482093933e+00 5.144542571125998269e-03 2.390937413190073399e-02 9.997008930226853884e-01 -1.103360065267049439e+00
9.979933534660275773e-01 6.331875015918168870e-02 -4.812392048113213906e-05 2.679942375290130485e+01 -6.331028281924901135e-02 9.978468773529908242e-01 -1.712943216315349765e-02 -1.570671523716582474e+00 -1.036593931729286322e-03 1.709810618649042213e-02 9.998532793554543163e-01 -9.914689058515846476e-01
9.965643978532330305e-01 8.268360910643009209e-02 4.777208029601845950e-03 2.717213210958128755e+01 -8.265414834098948338e-02 9.965598264622566038e-01 -6.066633625221463239e-03 -1.635537010918345580e+00 -5.262384768213851198e-03 5.650935024580526142e-03 9.999701866755325019e-01 -1.122915242543222947e+00
9.943213283089581411e-01 1.053270080019943072e-01 1.520912407921014460e-02 2.799143739925529317e+01 -1.055578448504202599e-01 9.942959619593957354e-01 1.526700434841525914e-02 -1.754552481163300204e+00 -1.351434276772604283e-02 -1.678575040287895795e-02 9.997677735969331403e-01 -1.021560823778308924e+00
9.945229857925311778e-01 1.015457419084623003e-01 2.474859653735350662e-02 2.840177558357619247e+01 -1.023308188173433497e-01 9.942081985704883662e-01 3.283993628794663888e-02 -1.829430998959499899e+00 -2.127050188596388280e-02 -3.519261563857263575e-02 9.991541650586434065e-01 -1.020818694671935312e+00
9.944778365121190733e-01 9.266403786255369979e-02 -4.926671059835535660e-02 2.887496293439417272e+01 -9.038241961388293610e-02 9.948123120046290513e-01 4.668492378428648615e-02 -1.847751879149854393e+00 5.333714382037041402e-02 -4.197427749243411166e-02 9.976939957311927731e-01 -9.239644915604321440e-01
9.938650553668474386e-01 7.793117615024733325e-02 -7.847919153821893146e-02 2.932925405300037980e+01 -7.437271042662138565e-02 9.961084930216037581e-01 4.729238917656262281e-02 -1.854790722359410449e+00 8.185934072817381557e-02 -4.116554280060760046e-02 9.957933753653315234e-01 -4.011635242713367244e-01
9.917250100392238643e-01 7.037654706270360383e-02 -1.073715329416150832e-01 2.969262928997169837e+01 -6.526451319258605444e-02 9.965939836531317875e-01 5.040808530499895496e-02 -1.876632322576729628e+00 1.105533707330356719e-01 -4.298340807698191463e-02 9.929402695276546842e-01 -1.133213052978570001e+00
9.908830504729300159e-01 5.882764118414129939e-02 -1.212026770255954511e-01 3.008202659545793978e+01 -5.404661354634814063e-02 9.976392499715482920e-01 4.236614781141088276e-02 -1.906486003048262656e+00 1.234088483441628248e-01 -3.542930353417265282e-02 9.917232580722562529e-01 -1.210142214842021779e+00
9.935489889455670909e-01 4.874286663295465671e-02 -1.023940404400733445e-01 3.046281150449275543e+01 -4.487463321244014591e-02 9.982015261765303515e-01 3.974896769596046597e-02 -1.932090124486119498e+00 1.041473660698643972e-01 -3.489765165806348046e-02 9.939494353584905628e-01 -7.970008700936526136e-01
9.936680001869920842e-01 4.204473191100546736e-02 -1.041928304775125991e-01 3.082230277171518651e+01 -3.786788547155267581e-02 9.984103219675398710e-01 4.174748182329931362e-02 -1.923137816444076220e+00 1.057824591049828511e-01 -3.753757460472128410e-02 9.936805330882243492e-01 -9.441570838277515421e-01
9.951728790112583933e-01 2.979560886482280138e-02 -9.350487994119764668e-02 3.152609818190658686e+01 -2.647036738045864881e-02 9.989792319599866133e-01 3.660346654866020871e-02 -1.977348964146152355e+00 9.450005572054888392e-02 -3.395166866311328385e-02 9.949457390550519031e-01 -9.290850713012795969e-01
9.958251843621863664e-01 2.808842524105514826e-02 -8.685184256822149618e-02 3.184061653867693664e+01 -2.491182932019236212e-02 9.989881205926937069e-01 3.744510214432843903e-02 -1.975186333562076735e+00 8.781573292946474873e-02 -3.512513746813301224e-02 9.955172634203315329e-01 -9.072113728096169449e-01
9.958419591642193591e-01 3.694694919619659346e-02 -8.326893366113799488e-02 3.216080084134533479e+01 -3.397937286872923512e-02 9.987455806556508886e-01 3.677862613332173042e-02 -1.956550728393179117e+00 8.452333753122387439e-02 -3.379627295872218024e-02 9.958481899098287071e-01 -9.480039364145909087e-01
9.959465539155794023e-01 4.759477457743607753e-02 -7.632299245053864034e-02 3.249183015003159625e+01 -4.498039604350587140e-02 9.983527823645691468e-01 3.561580992610770269e-02 -1.956417397340748821e+00 7.789239831621116994e-02 -3.203840473316851845e-02 9.964468449981175313e-01 -8.517472990317789261e-01
9.962569114100547907e-01 5.122379039167496151e-02 -6.962966153592888008e-02 3.279005861172646519e+01 -4.896672785044385579e-02 9.982301819381746988e-01 3.374556906171764098e-02 -2.024178950647626429e+00 7.123500565956901454e-02 -3.020971972045317228e-02 9.970019793376003747e-01 -8.469784938594182577e-01
9.967583523860943373e-01 4.737579983317113941e-02 -6.502553758890305957e-02 3.311713825359925778e+01 -4.568570102220893825e-02 9.985844655388295132e-01 2.723750918567308110e-02 -2.062007026361769135e+00 6.622389048272442347e-02 -2.417847750991757722e-02 9.975118032156985448e-01 -8.753801177330462480e-01
9.977457249097039238e-01 4.352004812817351909e-02 -5.108300926267922426e-02 3.368361903485600095e+01 -4.290137432104987325e-02 9.989928162150613078e-01 1.314630107923650884e-02 -2.079851129261771625e+00 5.160368693973980958e-02 -1.092513439836019506e-02 9.986078814692997963e-01 -8.835803533769115425e-01
9.974919282813742294e-01 5.039551005266339895e-02 -4.970055915216334969e-02 3.398318129790150266e+01 -4.983719064936389248e-02 9.986802470243961727e-01 1.241042430660487667e-02 -2.107487954050355494e+00 5.026039635423443924e-02 -9.902361830538983223e-03 9.986870559832505823e-01 -9.576000814744773937e-01
9.971626846440470038e-01 6.484655767611656463e-02 -3.822962609070198331e-02 3.427303720599319803e+01 -6.448610194693139841e-02 9.978624245775619128e-01 1.058887491094305001e-02 -2.136545218534456225e+00 3.883455946919914942e-02 -8.093551368077890260e-03 9.992128759263890769e-01 -9.150629390613211900e-01
9.966881522750141720e-01 7.730535874126757967e-02 -2.523110430603417789e-02 3.480632536940537136e+01 -7.688748910127228553e-02 9.968925571618909576e-01 1.713311106972955841e-02 -2.211277509229399474e+00 2.647718138926023410e-02 -1.513641255746807877e-02 9.995348157420882451e-01 -9.653498559343814955e-01
9.969742367922724835e-01 7.642625303642119894e-02 -1.419151222663296054e-02 3.507387770988196252e+01 -7.624591168976158073e-02 9.970063394001487111e-01 1.284212390972084769e-02 -2.224404609677695710e+00 1.513050306707718236e-02 -1.172122189570970821e-02 9.998168236403149889e-01 -9.388795821925230989e-01
9.978473620038459391e-01 6.515907883508911813e-02 -7.411921972621739359e-03 3.534208727640497472e+01 -6.505451508847709396e-02 9.977894643893192583e-01 1.356815463792060937e-02 -2.301651119543936641e+00 8.279626112856621617e-03 -1.305676832290679316e-02 9.998804771533411628e-01 -9.445684693900944229e-01
9.982628799067907455e-01 5.865000083232712463e-02 5.603570519618621126e-03 3.587643337806362354e+01 -5.870715279608205300e-02 9.982184770679041197e-01 1.064623176581981981e-02 -2.281094486577781577e+00 -4.969186128309825007e-03 -1.095670765340132219e-02 9.999276262543305149e-01 -9.725187657818037401e-01
9.980820205375523502e-01 6.097178643943323290e-02 1.071081407088630456e-02 3.614259612429161450e+01 -6.112367598141337649e-02 9.980252037580469304e-01 1.447718543875414071e-02 -2.315591263825094170e+00 -9.806962536695070995e-03 -1.510410282317458178e-02 9.998378316325656767e-01 -9.985153181508334974e-01
9.975132330037244088e-01 6.860853375038296342e-02 1.613130742004437179e-02 3.639300771033399684e+01 -6.882079194955138812e-02 9.975444285773918951e-01 1.299275219656238940e-02 -2.320053756890023244e+00 -1.520028216494619111e-02 -1.407061160103831830e-02 9.997854616422858776e-01 -1.004660652382499908e+00
9.968202426593856247e-01 7.499286349591564871e-02 2.693462918189913277e-02 3.718097062164922306e+01 -7.531622834109148734e-02 9.970968291223546442e-01 1.119728103686370123e-02 -2.356868190715908362e+00 -2.601671718253514495e-02 -1.319029108203835336e-02 9.995744827916602793e-01 -1.085853234205572893e+00
9.963463113915316249e-01 7.810826700899693720e-02 3.454166182076812142e-02 3.745067600051935841e+01 -7.842809401942275882e-02 9.968876642121824450e-01 8.001188040510589031e-03 -2.398484939757346002e+00 -3.380919763865525285e-02 -1.068099089177907031e-02 9.993712296182035715e-01 -1.106767355778575102e+00
9.959260668176952436e-01 7.927707314449135290e-02 4.296993258871294880e-02 3.771757358475119304e+01 -7.967047709432463487e-02 9.967928987858010181e-01 7.518777145425624593e-03 -2.398349443992267460e+00 -4.223605702001859835e-02 -1.091158117977624950e-02 9.990480733596150964e-01 -1.146336267910168738e+00
9.950861831672511704e-01 8.634978554528886796e-02 4.844793706562142838e-02 3.799128963725316765e+01 -8.679175800690953901e-02 9.962012431724385220e-01 7.090405048945832775e-03 -2.452089989542876936e+00 -4.765164017850642003e-02 -1.126044572699871384e-02 9.988005424259277509e-01 -1.169696519303465854e+00
9.940281376608890440e-01 9.303856449823894037e-02 5.702531941630587659e-02 3.825803734918288512e+01 -9.368326780680630295e-02 9.955637529917844564e-01 8.732643468694747946e-03 -2.484636140238246416e+00 -5.595986840105047350e-02 -1.402281159468962007e-02 9.983345400633582001e-01 -1.211497738662463464e+00
9.930239475248230363e-01 9.859188606586814785e-02 6.467673186078848335e-02 3.852064310173317807e+01 -9.948336118883720214e-02 9.949816603798595782e-01 1.070310021952674759e-02 -2.516968423513495257e+00 -6.329692321739513461e-02 -1.706269350696864792e-02 9.978488683169903783e-01 -1.228780545309638539e+00
9.910874886692937480e-01 1.092328240027718583e-01 7.624814727960270433e-02 3.904456897760890399e+01 -1.108740288020349934e-01 9.936782395057103257e-01 1.762118242450433359e-02 -2.595885655869505371e+00 -7.384131323587110607e-02 -2.591807271406597335e-02 9.969331542116504075e-01 -1.294113708085586234e+00
9.902447636723146207e-01 1.131610334669718582e-01 8.130122092717108340e-02 3.932157482948649374e+01 -1.151262103231798645e-01 9.931517298555642137e-01 1.988962497191118853e-02 -2.644635554458457438e+00 -7.849371768609740563e-02 -2.905549843983397038e-02 9.964911009608806713e-01 -1.341100622560754685e+00
9.895632471076593051e-01 1.138133200321095606e-01 8.838047384470318346e-02 3.957902765385981070e+01 -1.162586009239221507e-01 9.929522979711639108e-01 2.301459678110935603e-02 -2.692016433692455912e+00 -8.513822693102002237e-02 -3.304938935976654141e-02 9.958208775567967130e-01 -1.381690673989024898e+00
9.891236849197125869e-01 1.129061087422326137e-01 9.426848115640971970e-02 3.983965461917119200e+01 -1.155318123445389922e-01 9.930407160359652208e-01 2.285906015486275158e-02 -2.721613828563323789e+00 -9.103151249559383873e-02 -3.350144628914625278e-02 9.952843396885635574e-01 -1.443898389532571436e+00
9.896419340059193770e-01 1.023674447567871904e-01 1.006466527560139212e-01 4.009127949638505584e+01 -1.052937181147189372e-01 9.941468700290509997e-01 2.419160468053729862e-02 -2.751864304613408141e+00 -9.758112206057906191e-02 -3.453848672723531382e-02 9.946280800138265210e-01 -1.436119818716328655e+00
9.903363888960782235e-01 9.229209213229906672e-02 1.035181460330451275e-01 4.034866633168289241e+01 -9.501871728285522789e-02 9.952386279757567955e-01 2.171443646180835907e-02 -2.685088184717590920e+00 -1.010211868579876937e-01 -3.134075804405986321e-02 9.943905051291606068e-01 -1.463251964852298137e+00
9.911481664150763038e-01 8.298721449156415408e-02 1.036264176885570015e-01 4.060370845520604632e+01 -8.528084868014371156e-02 9.961962366545704661e-01 1.789510893136814912e-02 -2.737077879787367163e+00 -1.017471820760977447e-01 -2.657405325128679024e-02 9.944552934312186343e-01 -1.521791524443913302e+00
9.914537428048961765e-01 7.388994374323873404e-02 1.075162875651117927e-01 4.085604386547463207e+01 -7.581071172370984490e-02 9.970255753431138679e-01 1.388301479065004798e-02 -2.738521433520215265e+00 -1.061706732864935859e-01 -2.191525325780789915e-02 9.941063875705350439e-01 -1.562250394616115479e+00
9.915548069011710375e-01 6.674142885692246896e-02 1.111964324307115060e-01 4.108660968925848778e+01 -6.807280711635788073e-02 9.976465276070750621e-01 8.215770496115635396e-03 -2.704191600954452213e+00 -1.103864024347227801e-01 -1.571584002470322386e-02 9.937644864503044628e-01 -1.591603147972761478e+00
9.915286852827083219e-01 6.670677676502259623e-02 1.114498640428301657e-01 4.133339806032540764e+01 -6.709451256283469056e-02 9.977465872394003510e-01 -2.720957283404512941e-04 -2.685368993143083305e+00 -1.112168721260380633e-01 -7.207883583355436871e-03 9.937700205624786509e-01 -1.631596710748658419e+00
9.916581561861592675e-01 6.536211132457128703e-02 1.110940847779998408e-01 4.179792698609958990e+01 -6.442944273978903902e-02 9.978504904502421002e-01 -1.196852607681933578e-02 -2.738163911631090297e+00 -1.116375751156720164e-01 4.710956527671221472e-03 9.937378219182799732e-01 -1.703788635050961897e+00
9.911680229820950538e-01 7.001743877833928320e-02 1.126210836597067305e-01 4.204488468921078947e+01 -6.851361620058875335e-02 9.975023651007616232e-01 -1.717311892188428182e-02 -2.785654381146168479e+00 -1.135422151135143803e-01 9.305368628284904631e-03 9.934895950646932539e-01 -1.707760456184342246e+00
9.906370849367019948e-01 7.972499894863765979e-02 1.108245933480161149e-01 4.228951251886112317e+01 -7.793065722103931225e-02 9.967493028568945590e-01 -2.043624034385011640e-02 -2.822601357970941915e+00 -1.120936153989614548e-01 1.160826416543218886e-02 9.936298453598579883e-01 -1.770647661828280039e+00
9.894197366797393700e-01 9.588309815713201567e-02 1.088807428170148195e-01 4.251958846532824055e+01 -9.364839064100981270e-02 9.952795512334573491e-01 -2.546750531317347466e-02 -2.848890606879682430e+00 -1.108086801606442962e-01 1.500154606423883576e-02 9.937285293362260186e-01 -1.808982446747621875e+00
9.879095052645978647e-01 1.101838715145455616e-01 1.090611015253544064e-01 4.276790013329172524e+01 -1.078574548430135394e-01 9.937990223287440639e-01 -2.702355737536681415e-02 -2.906751917558656029e+00 -1.113623762437064707e-01 1.493377636428787694e-02 9.936676524275390721e-01 -1.847172170470406494e+00
9.857814367532276023e-01 1.228175596185456797e-01 1.146769636940537102e-01 4.304856613446291647e+01 -1.202280576600555095e-01 9.923150855059605924e-01 -2.925722523733964575e-02 -2.936563527209226976e+00 -1.173889820384890342e-01 1.505384092658868141e-02 9.929719073414535746e-01 -1.704452958330994417e+00
9.883929797902426539e-01 1.378487983469091349e-01 6.385159587416901206e-02 4.334155963454838201e+01 -1.365728011113107876e-01 9.903403360038758318e-01 -2.395597796669481777e-02 -3.057873311790629156e+00 -6.653711368834212825e-02 1.495752914232821584e-02 9.976718322294064745e-01 -1.683061037283511530e+00
9.874272448235527078e-01 1.547890671975640231e-01 3.205902144912799873e-02 4.359109492168906996e+01 -1.542913544637239953e-01 9.878708999382675993e-01 -1.747177703917813726e-02 -3.138476225239603234e+00 -3.437461444026850693e-02 1.230567882179954033e-02 9.993332558014956790e-01 -1.637492129619677161e+00
9.847538844440226757e-01 1.735055154625812501e-01 -1.247490186223421983e-02 4.387977263988639720e+01 -1.736432986482732144e-01 9.847475778865308893e-01 -1.096415437493042030e-02 -3.221877217712239450e+00 1.038228813677370514e-02 1.296317672002849156e-02 9.998620725591956804e-01 -1.746551661144528644e+00
9.817016868256756013e-01 1.889933578545375525e-01 -2.330898475888258312e-02 4.415525477236356977e+01 -1.893134700744343035e-01 9.818387740903762317e-01 -1.237059986756485451e-02 -3.287110463167498775e+00 2.054770381330655801e-02 1.655694354565006091e-02 9.996517691118376181e-01 -1.916593995989656962e+00
9.790855189827765148e-01 2.032149773491359335e-01 -9.758047920423213936e-03 4.442378673600968852e+01 -2.033355122525738190e-01 9.790152548989328185e-01 -1.355729073823013116e-02 -3.385931847583370846e+00 6.798233241844047273e-03 1.525790471092485466e-02 9.998604804514586997e-01 -1.900539245201941618e+00
9.761967255325206816e-01 2.168688943042489936e-01 2.799239689079035826e-03 4.467242667904411491e+01 -2.168451642539331869e-01 9.761806799496571818e-01 -7.032413007617521576e-03 -3.460633988441685016e+00 -4.257675336280070458e-03 6.258016960464058039e-03 9.999713543019387307e-01 -1.831897517671744247e+00
9.733957764300488202e-01 2.291302226581417301e-01 5.909968574915210851e-05 4.493870211121057423e+01 -2.291298504666735847e-01 9.733936608842832516e-01 2.071853134936291977e-03 -3.541812980228506991e+00 4.171969106544436666e-04 -2.030274593088673540e-03 9.999978519636001373e-01 -1.852249006744711046e+00
9.708764513352932113e-01 2.395586344055875838e-01 3.252218368766133377e-03 4.519571688806711762e+01 -2.395799191235211401e-01 9.708186566090981628e-01 1.061123614255252319e-02 -3.626639909451930155e+00 -6.153010280998732952e-04 -1.108136550412321987e-02 9.999384104749696744e-01 -1.832867260328792991e+00
9.672690739791525161e-01 2.537383826191785818e-01 2.715089191182092250e-03 4.543921951003623860e+01 -2.537491000638759653e-01 9.671405673976497530e-01 1.582773232415473144e-02 -3.717293887836893962e+00 1.390230299565239046e-03 -1.599862742723065848e-02 9.998710472756768830e-01 -1.880855694113507726e+00
9.635978538456525522e-01 2.673292080102158685e-01 3.777645918195357468e-03 4.570498360360264201e+01 -2.673250357812034794e-01 9.631757537943520520e-01 2.880611996191126400e-02 -3.800025039070159760e+00 4.062180280439036013e-03 -2.876737470316839684e-02 9.995778793290979181e-01 -1.925133186632172588e+00
9.607121883728423350e-01 2.771808181111869995e-01 1.424377699479172435e-02 4.594164780909459722e+01 -2.775461444913093212e-01 9.595332243572590736e-01 4.758286490503914334e-02 -3.899357352019329426e+00 -4.783198443854153742e-04 -4.966674365986792350e-02 9.987657311824187367e-01 -1.827262634610939962e+00
9.572774257103920936e-01 2.888093608184920114e-01 1.445971399782448007e-02 4.619668805095658826e+01 -2.891524870331996788e-01 9.554508436552084927e-01 5.919902533881470780e-02 -3.969435879882284191e+00 3.281686730946356198e-03 -6.085095284516452846e-02 9.981414689662160278e-01 -1.910616651607929040e+00
9.566272513913393061e-01 2.907467687148810875e-01 1.818291443379674646e-02 4.646448133306746797e+01 -2.912472230695000719e-01 9.531964240953448853e-01 8.118886713184403359e-02 -4.039584517562764709e+00 6.273511756278775560e-03 -8.296320614406624272e-02 9.965328642230224521e-01 -1.899492727865573549e+00
9.610985856162176377e-01 2.755995629929101076e-01 1.828632288413456833e-02 4.673460278609138641e+01 -2.760401197587006861e-01 9.561244612812656030e-01 9.812169394793320010e-02 -4.078002948286789220e+00 9.558295355766029122e-03 -9.935238003050876621e-02 9.950064037845008924e-01 -1.921767308547766451e+00
9.755176502505827907e-01 2.181348028413829243e-01 2.797359181321908139e-02 4.723857560999310579e+01 -2.199202711476095362e-01 9.679503896142136465e-01 1.212729053995732220e-01 -4.114440393827496045e+00 -6.232077851768044047e-04 -1.244558196109885884e-01 9.922249546232011497e-01 -1.984545623921410096e+00
9.909290324346053946e-01 1.330432853578340513e-01 1.895090761442874000e-02 4.773445959916580250e+01 -1.343858426737943867e-01 9.806955709528678566e-01 1.420445085256120121e-01 -4.075096374748029326e+00 3.129969182790442311e-04 -1.433027610851320133e-01 9.896788472521309554e-01 -2.016476190497942689e+00
9.997388732387658683e-01 2.262175751567837428e-02 3.231318954330855177e-03 4.825079852370986089e+01 -2.284864816320857778e-02 9.873906868448475427e-01 1.566447279967447537e-01 -4.135771165485239820e+00 3.530048111202376774e-04 -1.566776551361492020e-01 9.876497292910281223e-01 -2.032953040080776042e+00
9.982691764581447247e-01 -5.767115897641539313e-02 -1.151906054739164006e-02 4.847271575007846423e+01 5.875947955935936773e-02 9.862279828692341876e-01 1.546017120461307404e-01 -4.059156059527124327e+00 2.444359934764234014e-03 -1.550109777660876598e-01 9.879097235458869086e-01 -2.051690400649754054e+00
9.903507236258350943e-01 -1.371241748462902477e-01 -2.006003206649620285e-02 4.868966074082268136e+01 1.385763637745720533e-01 9.783783952924387517e-01 1.535327555540179911e-01 -3.971475977070038965e+00 -1.426750434488480851e-03 -1.548311218641665044e-01 9.879399212935375818e-01 -2.007261339897481012e+00
9.783424777231622960e-01 -2.048148413817117430e-01 -2.994790530718136057e-02 4.883905045257203170e+01 2.069671188832826192e-01 9.656523402304241221e-01 1.570992345896643494e-01 -3.788047368858373343e+00 -3.256989968791602560e-03 -1.598950860948812336e-01 9.871286407855126566e-01 -1.987915078832534155e+00
9.654511742108344841e-01 -2.564643751290562879e-01 -4.615251352400553952e-02 4.899621297783754414e+01 2.605440187389690410e-01 9.531453468767204784e-01 1.537230042205911806e-01 -3.658069561677765424e+00 4.565579291675590096e-03 -1.604368162764358285e-01 9.870355532952258537e-01 -1.953712798785880889e+00
9.442821215049963524e-01 -3.226431182233424622e-01 -6.505915207825541113e-02 4.914455646117020393e+01 3.287225894935902337e-01 9.344030030348057236e-01 1.372315090500918489e-01 -3.495111878525602567e+00 1.651466507840352455e-02 -1.509716734445742392e-01 9.884001313510095699e-01 -1.987417279015910809e+00
9.074625991218058241e-01 -4.131871002161746076e-01 -7.607924427888113073e-02 4.924699937604067657e+01 4.197106565649612597e-01 8.996795772584209594e-01 1.200817347889269887e-01 -3.284617588481020256e+00 1.883071854459943476e-02 -1.409009527258703320e-01 9.898445966716371558e-01 -1.958978346336444076e+00
8.632970704621625302e-01 -4.979548588648262664e-01 -8.221390797400943140e-02 4.930608316616698517e+01 5.041395688556279397e-01 8.584746564503262789e-01 9.415178886540549741e-02 -3.053161356461536524e+00 2.369521566708258573e-02 -1.227282476262300109e-01 9.921574038372567017e-01 -1.940476984171702668e+00
7.520773692369278063e-01 -6.534940700906759492e-01 -8.558697937177472959e-02 4.945461693583857965e+01 6.579209519575477394e-01 7.520844197185130309e-01 3.884644889744494345e-02 -2.825097501249150156e+00 3.898270971772081067e-02 -8.552500203443616500e-02 9.955731125186505492e-01 -1.955358140510313536e+00
7.101705672179519091e-01 -6.997596139269605109e-01 -7.742253014545423528e-02 4.950706384468993093e+01 7.030353749419583353e-01 7.107088933085956572e-01 2.518194893751060995e-02 -2.632151315642567546e+00 3.740356985038631454e-02 -7.231425647036988924e-02 9.966803004341887595e-01 -1.957215213835047818e+00
6.644996676882592990e-01 -7.438081635903466271e-01 -7.203892988203813852e-02 4.954777772415258852e+01 7.461941486551657565e-01 6.656515357378016695e-01 1.011560589873053764e-02 -2.479499976703482655e+00 4.042875406174806924e-02 -6.047684471152847685e-02 9.973505236870096047e-01 -1.949155246105444439e+00
6.213493650802484058e-01 -7.808699593590145982e-01 -6.455287046307937870e-02 4.959623248222905545e+01 7.824165020635157619e-01 6.227520257645142721e-01 -2.081274822360555665e-03 -2.276535258479473800e+00 4.182563583574858829e-02 -4.921403231645057191e-02 9.979121179793792873e-01 -1.952206108703896437e+00
5.390380449907737903e-01 -8.409774136533967326e-01 -4.685056859173109683e-02 4.967720259441698261e+01 8.412224331476987338e-01 5.403152255756342726e-01 -2.010659046723755131e-02 -2.015486542187684638e+00 4.222326398551339705e-02 -2.857353208819931809e-02 9.986995290088076516e-01 -1.943279133335132913e+00
5.037571382282801657e-01 -8.630551588385646511e-01 -3.693966007143765357e-02 4.969644848677509685e+01 8.629730160609210277e-01 5.047093503461589359e-01 -2.336761057265817135e-02 -1.897275663971031090e+00 3.881132869112646072e-02 -2.010632923479855130e-02 9.990442514172889199e-01 -1.960839276997087044e+00
4.716606822901553420e-01 -8.811672622716274494e-01 -3.287030091602579501e-02 4.974419087017454899e+01 8.809392854862666544e-01 4.725109529412910847e-01 -2.606481608335366185e-02 -1.774392045619312741e+00 3.849903983908057464e-02 -1.666299046504033515e-02 9.991196968733180306e-01 -1.961821087815099229e+00
4.255449942717565159e-01 -9.043463275633920606e-01 -3.269828241447485240e-02 4.978821582673980117e+01 9.041824799809832225e-01 4.263878826250432352e-01 -2.544437945737935969e-02 -1.588576083868756150e+00 3.695268252359405758e-02 -1.873748577419954986e-02 9.991413342871828807e-01 -1.956096590536127389e+00
4.080605645310803054e-01 -9.121793879076554035e-01 -3.762100411992504861e-02 4.978384445790920410e+01 9.121652583180870355e-01 4.090748179604239976e-01 -2.474540014110868449e-02 -1.532820833715135000e+00 3.796204936609322983e-02 -2.421895099010897348e-02 9.989856481556004253e-01 -1.961330313517384072e+00
3.929551560302939617e-01 -9.186555902485276093e-01 -4.072041078300918382e-02 4.978768937053435906e+01 9.188085987672678367e-01 3.940369008969965003e-01 -2.292770295561424518e-02 -1.440539591421625909e+00 3.710800695992229337e-02 -2.840470448042457449e-02 9.989074874996393127e-01 -1.973920611937715064e+00
3.757318373344268325e-01 -9.256036701976376735e-01 -4.564462870873969846e-02 4.980675630766832285e+01 9.259665482852078577e-01 3.769640761698791476e-01 -2.200083485160115454e-02 -1.409166275192663464e+00 3.757043877936133702e-02 -3.399898519150820753e-02 9.987154405214099251e-01 -1.971832669249406145e+00
3.686859046144748131e-01 -9.281851084503477400e-01 -5.042923943133378190e-02 4.979657080334761332e+01 9.289791242284460848e-01 3.698229996808083397e-01 -1.512400921840963662e-02 -1.427987772786285525e+00 3.268777273471117767e-02 -4.127170166234004484e-02 9.986131163546464462e-01 -1.966469991968417874e+00
3.705176826606155771e-01 -9.271540028240167208e-01 -5.569651589831167010e-02 4.979637822060362851e+01 9.282233832005152285e-01 3.717698578974324430e-01 -1.373039106189562902e-02 -1.434675338594222138e+00 3.343647283427305522e-02 -4.661145574133453151e-02 9.983533314804315939e-01 -1.964031282325312988e+00
3.705512274248657922e-01 -9.268793479802770463e-01 -5.988707825217411129e-02 4.977815266161176311e+01 9.281463429949741162e-01 3.719558519027562626e-01 -1.390000792628171694e-02 -1.418411032829548946e+00 3.515897949288712687e-02 -5.043330767411020182e-02 9.981083746958880898e-01 -1.956341322536018890e+00
3.696478762796012729e-01 -9.268139122501445337e-01 -6.615451323652687954e-02 4.981746623062977619e+01 9.283187752228917455e-01 3.714215518873553723e-01 -1.644026648988949207e-02 -1.429774577181861739e+00 3.980827967459284189e-02 -5.533536710974087253e-02 9.976739437392256882e-01 -1.965851363345396008e+00
