1.000000000000000000e+00 0.000000000000000000e+00 0.000000000000000000e+00 0.000000000000000000e+00 0.000000000000000000e+00 1.000000000000000000e+00 0.000000000000000000e+00 0.000000000000000000e+00 0.000000000000000000e+00 0.000000000000000000e+00 1.000000000000000000e+00 0.000000000000000000e+00
9.999999715631151531e-01 2.299081057463779035e-04 6.337216920352472898e-05 -1.016762651494983356e-02 -2.299681126509361777e-04 9.999995237106606982e-01 9.485215437124353390e-04 4.215812835640553487e-03 -6.315406622866156464e-05 -9.485360903175836392e-04 9.999995481453225477e-01 8.133420934456745202e-03
9.999996408446208962e-01 7.821461891614115260e-04 3.264321796168752278e-04 -2.456768363998840590e-02 -7.829351215911890599e-04 9.999967562313281100e-01 2.423744915868900496e-03 8.939420184177914244e-03 -3.245353978969512635e-04 -2.423999620586116382e-03 9.999970094468357829e-01 2.302289385899141533e-02
9.999992439417665357e-01 1.195800085853905483e-03 2.866671413367332766e-04 -2.202626203481189773e-02 -1.196663284840053607e-03 9.999946931246884718e-01 3.030135218572468491e-03 1.247549253799706652e-02 -2.830421840754404421e-04 -3.030475971656795744e-03 9.999953680405261336e-01 1.052147763124973434e-02
9.999997309199369910e-01 7.324878846830199658e-04 4.026850453225334572e-05 -1.014414160734792604e-02 -7.325735849815244102e-04 9.999973748754836800e-01 2.171077631946432239e-03 8.828312714531702521e-03 -3.867811076030780410e-05 -2.171106547395453522e-03 9.999976423974026307e-01 -2.968672947462948266e-03
9.999999882148651320e-01 1.392949056688203599e-04 -6.455384493273815883e-05 -2.637600191055278730e-03 -1.392390065355703023e-04 9.999996160835127323e-01 8.651273467576573502e-04 1.342661550867728544e-02 6.467432798161088935e-05 -8.651183481487784762e-04 9.999996236936666838e-01 4.527923821496037532e-03
9.999998762889162895e-01 -4.652688662546050125e-04 -1.759176914274436911e-04 -4.912629197187601271e-03 4.653017466331743905e-04 9.999998742788929196e-01 1.869130355006131685e-04 1.398215700329217062e-02 1.758307044947611953e-04 -1.869948671864838687e-04 9.999999670582410127e-01 1.060217737155848272e-02
9.999998642572690555e-01 -4.561730673048177364e-04 -2.517768380214311080e-04 -3.409105826523069118e-03 4.561922582959486070e-04 9.999998930433668942e-01 7.617006089200474702e-05 1.069829490313693558e-02 2.517420643619143472e-04 -7.628490919679626378e-05 9.999999654032721841e-01 2.426822562660446367e-03
9.999999780354547063e-01 -2.078511498351268626e-04 -2.696274447702407911e-05 4.751614396024855629e-03 2.078676871567986461e-04 9.999997894097993889e-01 6.147937715322111460e-04 1.627264517516418749e-02 2.683495320660986332e-05 -6.147993627118792694e-04 9.999998106507965723e-01 1.384362840908219018e-03
9.999999089046766043e-01 -2.887975242029239406e-04 3.143034020469814708e-04 1.072213849634909982e-04 2.882893149305199802e-04 9.999986530640706528e-01 1.615784427222917517e-03 2.675105500858454555e-02 -3.147696132426641225e-04 -1.615693669720055965e-03 9.999986452261103720e-01 1.207217737583013428e-02
9.999951637102861834e-01 -3.088389048653688261e-03 3.666184967643342906e-04 3.483449634935359938e-03 3.087498331199617363e-03 9.999923398346279857e-01 2.405748557233917083e-03 -2.232237298687510252e-03 -3.740455759039962996e-04 -2.404604988339969183e-03 9.999970389779947455e-01 2.668417927059613115e-02
9.999869943834210906e-01 -5.081291746282206971e-03 -4.376507751252548743e-04 5.714250773994916481e-03 5.083529097207395604e-03 9.999731787661374494e-01 5.272521243615432146e-03 -5.737556895545118524e-03 4.108478181141844081e-04 -5.274677481675498283e-03 9.999860043928288089e-01 1.347654367648044860e-02
9.999894015107483325e-01 -4.419440735884144593e-03 -1.290507558063486247e-03 3.754183687895691277e-03 4.429458272930131453e-03 9.999592550118957535e-01 7.865635095957083586e-03 1.485051215265019257e-02 1.255693268191711894e-03 -7.871267981487404738e-03 9.999682326828086554e-01 -1.345607011175392609e-02
9.999970499414737590e-01 -2.047377350619187294e-03 -1.307040295386818068e-03 3.735653496207494168e-03 2.057498236719473069e-03 9.999675442204799536e-01 7.789557539955352904e-03 3.038129631889356988e-02 1.291049710696517538e-03 -7.792223793407796091e-03 9.999688067329890462e-01 -2.420775118964057712e-02
9.999997745544572103e-01 2.621384596843366870e-04 -6.182026066024287570e-04 -1.209425506186793606e-02 -2.586633133448408648e-04 9.999842036156587621e-01 5.614767354676255921e-03 2.073926347862378380e-02 6.196646877022947636e-04 -5.614606182517438947e-03 9.999840459792795899e-01 -1.508500075238067631e-02
9.999972877701468477e-01 2.259039290460194971e-03 5.667396530251393033e-04 -1.647772400476734539e-02 -2.258923479704346045e-03 9.999974276365184434e-01 -2.049025593187722575e-04 1.493164080845096192e-03 -5.672010780969692460e-04 2.036217820668359004e-04 9.999998184105369781e-01 1.786041233297993441e-02
9.999859135569172386e-01 5.228828067309402444e-03 9.121648864632424681e-04 -2.673957313625640458e-03 -5.224992198904720303e-03 9.999777045007102183e-01 -4.158119528307395278e-03 2.909707351799614705e-02 -9.338866413885051152e-04 4.153294900777443170e-03 9.999909389575528662e-01 2.029593966802627908e-02
9.999813493415702359e-01 5.996339905680403773e-03 1.159688211575199066e-03 4.943859238494031916e-05 -5.988501997706719565e-03 9.999599704027477554e-01 -6.647964798284338936e-03 3.436473238865453417e-02 -1.199505246334662319e-03 6.640896014191897956e-03 9.999772295844003844e-01 -1.805908494856127422e-02
9.999944229025449216e-01 2.409899350845053599e-03 2.312260565973495510e-03 3.329272605482359437e-03 -2.382807843131599934e-03 9.999293144132888056e-01 -1.164853654983407684e-02 1.608420976989554177e-02 -2.340168923148500460e-03 1.164296191219856523e-02 9.999294800371285596e-01 -3.714253156322522287e-02
9.999831984867784129e-01 -1.197470603863126128e-03 5.671755310766056664e-03 -2.841183535811906899e-02 1.304312661031824510e-03 9.998210670209544126e-01 -1.887147873279659480e-02 -1.811573683953911565e-02 -5.648142405657931818e-03 1.887855940565926274e-02 9.998058303901474764e-01 1.294903187589665355e-02
9.999767156265688683e-01 9.302430878539941304e-05 6.823455955617546871e-03 -3.766523870807235441e-02 1.026155920878973394e-04 9.995890485210555676e-01 -2.866572076210539485e-02 -4.151731200212411405e-02 -6.823318455160804104e-03 2.866575349173146672e-02 9.995657641706275909e-01 6.246194235213836654e-02
9.999823663865586854e-01 3.886238475161982002e-03 4.490441676771131721e-03 -2.626485349402882252e-02 -3.709872510915854238e-03 9.992463787932199804e-01 -3.863821055107730801e-02 -1.899114969860059288e-02 -4.637214885150715490e-03 3.862087025366985754e-02 9.992431759181336082e-01 8.155202344610879006e-02
9.999752422956550424e-01 6.758035519139085796e-03 -1.960548818069598499e-03 -1.742555145188864202e-03 -6.838950966448278067e-03 9.989764319469471854e-01 -4.471372456220618075e-02 -2.465813365554581083e-02 1.656365124148580876e-03 4.472602565026741195e-02 9.989979174573424547e-01 2.831243741766595323e-02
9.999429069679847126e-01 8.468624389514097309e-03 -6.516533232132730273e-03 -2.013650402914353432e-03 -8.759080347632010669e-03 9.989069040245107667e-01 -4.591596240557880432e-02 -1.924804578653502990e-02 6.120564996786647359e-03 4.597041976223543297e-02 9.989240507621207632e-01 -3.276387642643235898e-02
9.999204130357080000e-01 1.073393685268834302e-02 -6.629494259871308165e-03 -2.153169889986854268e-02 -1.105633268820382584e-02 9.986538766068709938e-01 -5.067733463350531514e-02 -2.679122195867886247e-02 6.076602832744878654e-03 5.074659927237510498e-02 9.986930747533508956e-01 -5.805037063652043750e-02
9.999347276567538412e-01 1.117615603387372460e-02 -2.373596916104350751e-03 -2.550797420400357715e-02 -1.129234495068066717e-02 9.983416552332481375e-01 -5.644840450936739612e-02 -3.903679664185010639e-02 1.738784497420239709e-03 5.647152346488307911e-02 9.984026961432078684e-01 -8.760568432698956354e-03
9.999577726011060763e-01 9.030360619291124755e-03 1.704582564821463531e-03 -2.503562149844254861e-02 -8.923035127852115347e-03 9.984484480581141685e-01 -5.496431582809366279e-02 -4.373411669947714631e-02 -2.198285409553206796e-03 5.494678477790003457e-02 9.984868644022460993e-01 6.552652949864004595e-02
9.999689450909050592e-01 7.479367891764726953e-03 2.483527676927994692e-03 -1.254367501171141375e-02 -7.370899191444950371e-03 9.991263534016525671e-01 -4.113635598136618221e-02 -1.721393303839974590e-02 -2.789031891532379147e-03 4.111677266342488035e-02 9.991504552903192060e-01 8.449490684166435783e-02
9.999800872422417441e-01 6.307013861858961137e-03 -2.160905943274992694e-04 -8.696172693886358371e-03 -6.310049909385426203e-03 9.997853865180681421e-01 -1.973231296777091040e-02 -8.567707878735600704e-03 9.159224695836749267e-05 1.973328358543792807e-02 9.998052756061036606e-01 1.479327075915198852e-02
9.999404280894270691e-01 1.069654713937098246e-02 -2.173511359180240170e-03 -1.632423641159455249e-02 -1.071122182072462188e-02 9.999191291028285411e-01 -6.856017892920332132e-03 1.652171766302846286e-03 2.099999866786617705e-03 6.878890429133572779e-03 9.999741350990152267e-01 -6.832243964210882314e-02
9.999125787309377511e-01 1.318186223558465153e-02 -1.036051952515295660e-03 -7.940507487035300405e-03 -1.318600913860984783e-02 9.999046417668360220e-01 -4.103234837507598737e-03 1.901473435530901673e-02 9.818648800833608328e-04 4.116537518024784501e-03 9.999910449900138998e-01 -6.381816463923827010e-02
9.999567392245216624e-01 8.948312723877329539e-03 2.539168930492565444e-03 -6.323412878056710283e-03 -8.940906336816833305e-03 9.999557852665504898e-01 -2.913366752152631977e-03 1.821051755372804157e-02 -2.565126378592729253e-03 2.890538246066792164e-03 9.999925324297725959e-01 1.934686669843244111e-02
9.999832145199337718e-01 3.752761058857756200e-03 4.414460648287660792e-03 -2.489245235110753088e-02 -3.752720971561873241e-03 9.999929583671072209e-01 -1.736405856610738615e-05 5.645718044778969685e-03 -4.414494726439166343e-03 7.975280490847312323e-07 9.999902560703649579e-01 8.155272203851443580e-02
9.999986414000403556e-01 1.601676646815501561e-04 1.640592695557361235e-03 -2.825111424156525816e-02 -1.677797715570044377e-04 9.999892175147595541e-01 4.640765472113282317e-03 -1.414813138909296573e-02 -1.639831705322832489e-03 -4.641034425437177285e-03 9.999878858023432127e-01 3.250085102037973683e-02
9.999964475091848159e-01 1.467358495729176879e-03 -2.225270333055914991e-03 -1.862861727097748360e-02 -1.454694981451931527e-03 9.999828006043486317e-01 5.681756594090853381e-03 -2.798422413259336189e-02 2.233569233560030176e-03 -5.678499320116867956e-03 9.999813827336738736e-01 -6.065218148858095987e-02
9.999583378920493537e-01 8.417577196852297355e-03 -3.530846117452505432e-03 3.285498688606246220e-03 -8.413577497763887608e-03 9.999639484159649205e-01 1.146116068521953494e-03 4.545181647951687665e-03 3.540366345340323264e-03 -1.116361271468717256e-03 9.999931097480884157e-01 -1.094716574771109341e-01
9.999172103783685595e-01 1.286141525106193617e-02 -3.954578121296808794e-04 1.884527845990347991e-02 -1.286401509969152188e-02 9.998892555031761997e-01 -7.482903501906665485e-03 3.868287828871859457e-02 2.991732881316143964e-04 7.487371170423564627e-03 9.999719244900328041e-01 -4.771614826403705600e-02
9.999344496384344749e-01 1.044640205444479983e-02 4.687121760525197328e-03 -5.210177424967918358e-04 -1.037543509760741750e-02 9.998348889089793134e-01 -1.491795116309159279e-02 2.322014379081450974e-02 -4.842186780415798017e-03 1.486834235837812372e-02 9.998777353370249532e-01 7.988572681968564293e-02
9.999718255791251176e-01 5.854031726388415555e-03 4.698761591979009299e-03 -2.676190737972086037e-02 -5.750301922261542506e-03 9.997459465969913417e-01 -2.179395078200764557e-02 -1.236021787184589556e-02 -4.825150334927860891e-03 2.176631745225118125e-02 9.997514417838131440e-01 9.363790414831629771e-02
9.999945176099083177e-01 3.311294822383253292e-03 -8.759340687737734391e-06 -2.821258545539842913e-02 -3.310223673735800381e-03 9.995963994160881327e-01 -2.821490197789560880e-02 -5.908302412056008757e-02 -8.467205342073524780e-05 2.821477628817347857e-02 9.996018803652040319e-01 1.134855416697654051e-02
9.999726816013746467e-01 5.835880702040167206e-03 -4.536358383908964398e-03 -1.902547007113998545e-02 -5.989534889590411235e-03 9.993822409506518678e-01 -3.463036159585407975e-02 -4.245708862522103166e-02 4.331457348524300061e-03 3.465658622664357508e-02 9.993898936392908716e-01 -5.306002791124643514e-02
9.999356970070778505e-01 1.022749708778848167e-02 -4.898995232558938859e-03 5.725132187112661267e-03 -1.043851719448592001e-02 9.989241837760672871e-01 -4.518309889879424529e-02 -1.356242215851595836e-02 4.431614801602106260e-03 4.523133173627632425e-02 9.989667098655555799e-01 -4.767109218708635854e-02
9.999128648892272597e-01 1.313408574104575101e-02 -1.326054585874392091e-03 4.523614867806155515e-03 -1.318550779259428964e-02 9.985411711075720120e-01 -5.236097771594813710e-02 8.099989526712460253e-03 6.364065283253334112e-04 5.237389993943014632e-02 9.986273427019036752e-01 2.852821431943780572e-02
9.999335333646580670e-01 1.149290242812158261e-02 9.176309976514284913e-04 -6.045391855224949672e-03 -1.142610716307458293e-02 9.984585804893488792e-01 -5.431304744066810242e-02 -1.461851214637415602e-02 -1.540431098137607507e-03 5.429895248503423255e-02 9.985235354417340004e-01 6.871009263070973483e-02
9.999679268216132844e-01 8.008904461597878693e-03 -5.270113590572758546e-05 -2.014924886119201508e-02 -8.000411112863495267e-03 9.985581858631737973e-01 -5.308053190834175622e-02 -2.828284364586712563e-02 -3.724917581617549159e-04 5.307925107772635404e-02 9.985902334566054694e-01 3.533178809144345289e-02
9.999759414612007236e-01 6.330514710306598888e-03 -2.835680216077636831e-03 -2.997245847449104411e-02 -6.470225845925152430e-03 9.986094972083834342e-01 -5.231833581759155749e-02 -3.906171981337560467e-02 2.500535200309025353e-03 5.233542460630422055e-02 9.986264319829462055e-01 -3.343851339363439201e-02
9.999647084180660617e-01 7.394855946752341980e-03 -3.987232611586409396e-03 -3.113691889815838748e-02 -7.601410773941559562e-03 9.984819896947964013e-01 -5.455212928352298762e-02 -4.667862457940401277e-02 3.577774813752515170e-03 5.458051264551462556e-02 9.985029630235129350e-01 -5.543258760040314231e-02
9.999453687083027509e-01 1.012086559020025124e-02 -2.612982686796631957e-03 -1.224792864537892212e-02 -1.025492612320702719e-02 9.982777037945476106e-01 -5.776212077904577247e-02 -2.967036861634254549e-02 2.023879696020614103e-03 5.778576110419075818e-02 9.983269553230471605e-01 -1.556109962462932234e-02
9.999361892023802545e-01 1.128253359103119011e-02 -5.674144771377249725e-04 3.244700405216570469e-03 -1.129626003044657476e-02 9.981392462800343646e-01 -5.992027657520813955e-02 -2.031867291722440350e-02 -1.096938747050366005e-04 5.992286267604506056e-02 9.982030046518401978e-01 4.057696119804013457e-02
9.999472499748824905e-01 1.026357851869071601e-02 -3.952513890335421437e-04 1.117947661447046478e-02 -1.026899210373622036e-02 9.981977716063108463e-01 -5.912492335190573656e-02 -2.752807147812691424e-02 -2.122942374762740213e-04 5.912586334410682709e-02 9.982505132555509197e-01 4.403043405802924831e-02
9.999660027361649828e-01 8.103844215884056096e-03 -1.523509363511002263e-03 -3.277165563575313439e-03 -8.177696450532057765e-03 9.983309230926421529e-01 -5.717073795007255460e-02 -5.986878451699600978e-02 1.057663755159704219e-03 5.718125309852515464e-02 9.983632533509351203e-01 1.192832125394865245e-02
9.999677873229205760e-01 7.380528983563921196e-03 -3.154696249255042623e-03 -2.641530455458059382e-02 -7.546791919690162311e-03 9.983786279817161713e-01 -5.641951011012869693e-02 -6.359005005739452876e-02 2.733175483424033023e-03 5.644150052283149893e-02 9.984021668498661572e-01 -2.896990730750861193e-02
9.999575228743550204e-01 8.601637044547858976e-03 -3.311236496771472436e-03 -2.974642451391997303e-02 -8.776360717335019920e-03 9.983370813835996671e-01 -5.697409435028424896e-02 -4.068788529768347512e-02 2.815659699414716985e-03 5.700073486043609472e-02 9.983701659634203196e-01 -3.017361916491300561e-02
9.999448882233066271e-01 1.028105013003441544e-02 -2.126152464536327884e-03 -6.567619640098675687e-03 -1.038744895493968166e-02 9.982483463447464622e-01 -5.824379730226688506e-02 -1.773995082570278131e-02 1.523620781972027764e-03 5.826267268331198484e-02 9.983001249882271777e-01 -4.744379281055619707e-03
9.999427803699999506e-01 1.066496415312133406e-02 -8.333819812500458529e-04 1.097096534803535840e-02 -1.069549374648358364e-02 9.982186313543308653e-01 -5.869557419946941357e-02 -1.390783480663947483e-02 2.059112259345666565e-04 5.870112909219997455e-02 9.982755807109917612e-01 2.649958309436232021e-02
9.999551875947867430e-01 9.429483100029705661e-03 -8.412197935575675689e-04 -1.404289728141241284e-03 -9.462440661878776527e-03 9.982639084815660979e-01 -5.813459589459446519e-02 -3.761010934190971849e-02 2.915801694936988038e-04 5.813995073590647045e-02 9.983083997990956915e-01 2.272740289530644081e-02
9.999627978874492396e-01 8.452518755522728591e-03 -1.719816208779343953e-03 -1.251183771901526014e-02 -8.537249593086592217e-03 9.983175368752214007e-01 -5.735164284287197489e-02 -4.607848292045697847e-02 1.232156844637259750e-03 5.736419174082854622e-02 9.983525586161592358e-01 2.104355592229500277e-03
9.999609688876480718e-01 8.441171912394294582e-03 -2.609083751364749387e-03 -1.829121631050494717e-02 -8.576257370177366515e-03 9.983355231682139452e-01 -5.703184189528800324e-02 -4.018126400074400334e-02 2.123325409989795711e-03 5.705199205281139690e-02 9.983689506850706996e-01 -2.142982494521303988e-02
9.999570939445253659e-01 8.904508307772233261e-03 -2.553429422677158753e-03 -1.556961864040058360e-02 -9.036482597619920759e-03 9.983085292977061931e-01 -5.743189282718905164e-02 -4.434706559296335004e-02 2.037707604807535797e-03 5.745250267175167069e-02 9.983461612509308969e-01 -1.319025071079021200e-02
9.999525326137629344e-01 9.569964825764094504e-03 -1.829834023874732287e-03 -1.274130254737857251e-02 -9.660108667158046405e-03 9.982647095255209324e-01 -5.808831221912022502e-02 -4.392568084018402125e-02 1.270755625598241761e-03 5.810323131428175858e-02 9.983097714091448971e-01 3.682470851742912499e-03
9.999517174849718026e-01 9.734504051527167676e-03 -1.342434253878187992e-03 -3.335361386102663091e-03 -9.797470711693777659e-03 9.981539795435333540e-01 -5.993865771821352273e-02 -5.506884796750115968e-02 7.564829863830178523e-04 5.994891618935621613e-02 9.982011596773532336e-01 1.163800020790247899e-02
9.999536715721480951e-01 9.509244364312031961e-03 -1.492977227016752551e-03 -8.648921298654535517e-03 -9.583364656092500239e-03 9.980408825961886166e-01 -6.182682094762078501e-02 -5.373274967763484733e-02 9.021259606883181084e-04 6.183826435339694755e-02 9.980857754875130938e-01 8.126089327155614633e-03
9.999568908889514551e-01 9.085078905458961185e-03 -1.917734335920517896e-03 -2.318888301763239596e-02 -9.187452365273324206e-03 9.979903508876888374e-01 -6.269649315634409636e-02 -4.029798914148068761e-02 1.344277775393732787e-03 6.271140945911879427e-02 9.980307971405057987e-01 7.024775672390386021e-03
9.999584364660057956e-01 8.742020239669317030e-03 -2.588903742957700174e-03 -2.815494380739649166e-02 -8.884150082306320126e-03 9.980844293626344177e-01 -6.122535211151874240e-02 -5.389951249627980556e-02 2.048711247624946958e-03 6.124580757891603250e-02 9.981206108663572829e-01 -2.020652468081563478e-03
9.999549792979109952e-01 9.059610979220854635e-03 -2.821848014955107096e-03 -1.823001291299210236e-02 -9.208367692040786076e-03 9.982662352388421700e-01 -5.813544139779753400e-02 -5.500681691821439345e-02 2.290271111136098128e-03 5.815880871350231213e-02 9.983047168211035549e-01 -1.121090063379525693e-02
9.999518331627164081e-01 9.579332172648266641e-03 -2.137229432943945490e-03 -1.083437921717969252e-02 -9.683038606807668064e-03 9.984173263953191046e-01 -5.539928805464933853e-02 -3.769911702105498141e-02 1.603158713929566650e-03 5.541731452126678198e-02 9.984619928336726513e-01 2.502133451409514070e-03
9.999547394971491920e-01 9.394850481914379658e-03 -1.501912650883148806e-03 -4.540651451960132229e-03 -9.461840286862317762e-03 9.985184425142979991e-01 -5.358538548155113851e-02 -2.858041444523212044e-02 9.962607963374440177e-04 5.359717103768626284e-02 9.985621416422628682e-01 1.380813862525058153e-02
9.999595119866429016e-01 8.906652099655704841e-03 -1.282940298947725724e-03 -7.128694548264347640e-03 -8.961070902746955114e-03 9.986226270836240371e-01 -5.169669123722644283e-02 -2.981277878146416926e-02 8.207287681733324049e-04 5.170609465988396797e-02 9.986620079783310455e-01 3.175655055844023300e-03
9.999627952515866003e-01 8.479033391637568265e-03 -1.585593067888869598e-03 -1.681937602307485846e-02 -8.549111814235911197e-03 9.986514181609027485e-01 -5.120798465479219769e-02 -3.918788204540442355e-02 1.149260554066869246e-03 5.121963488703561856e-02 9.986867517906792280e-01 -8.593543042057835007e-03
9.999588981208448191e-01 8.860337803595762229e-03 -1.922623975733111536e-03 -2.086724706776582963e-02 -8.948894216445044819e-03 9.985871257241416554e-01 -5.238004992647669195e-02 -3.131394556236152815e-02 1.455802613257854618e-03 5.239510236657130698e-02 9.986253721425005780e-01 -4.521822121055101701e-03
9.999511556148822367e-01 9.572832147819487422e-03 -2.459119584589991060e-03 -1.617038780384119634e-02 -9.690672937792932720e-03 9.985218052797120158e-01 -5.348172808499682823e-02 -2.048156204773930733e-02 1.943512921070495586e-03 5.350294632648266296e-02 9.985658002815394063e-01 2.399925145467240919e-03
9.999510503840237652e-01 9.584967295503302176e-03 -2.454635987626815116e-03 -1.786763705343942174e-02 -9.704423012043821017e-03 9.984694214808470525e-01 -5.444849439338032143e-02 -3.049854048632321540e-02 1.928991936461868246e-03 5.446964998645379558e-02 9.985135633632936658e-01 5.286736378052553885e-03
9.999532695912001223e-01 9.453086655985352277e-03 -2.024299025115662391e-03 -8.610727313269164393e-03 -9.549474503979051704e-03 9.984645404244980593e-01 -5.456527331182069868e-02 -2.772201782607432510e-02 1.505380538769703503e-03 5.458205444622133556e-02 9.985081537783571104e-01 3.789046078777168723e-03
9.999567133333661095e-01 9.202969456667835571e-03 -1.369968142657530591e-03 -7.935707827124015290e-03 -9.264325188667913227e-03 9.984477076019172559e-01 -5.492128424641001816e-02 -2.136727504821805609e-02 8.624026500833840026e-04 5.493159871745943723e-02 9.984897474305948206e-01 -2.187398873119919367e-03
9.999576144297924740e-01 9.141345885551465864e-03 -1.097788358125229274e-03 -1.634688381403175128e-02 -9.188307736509112103e-03 9.984049332050282111e-01 -5.570605310738049876e-02 -3.492342644660405282e-02 5.868090129938130419e-04 5.571377879181954595e-02 9.984466087417586122e-01 5.513810657011194646e-03
9.999556982074352396e-01 9.332526926904489636e-03 -1.227014115343496702e-03 -2.875173670559604683e-02 -9.385943241102234422e-03 9.984381718557820973e-01 -5.507377825025715906e-02 -4.334009405183821689e-02 7.111202116779089064e-04 5.508285506800000147e-02 9.984815338230358384e-01 1.841458277936234081e-02
9.999539829657777545e-01 9.355436909521659336e-03 -2.123146511412217930e-03 -2.510267922166447771e-02 -9.454127322103855410e-03 9.985725999570663758e-01 -5.256788079770918776e-02 -5.053360671561678980e-02 1.628320439720450097e-03 5.258553427718190565e-02 9.986150960992573600e-01 4.769525109583269695e-03
9.999511371726943487e-01 9.475683639852364171e-03 -2.816857574121455973e-03 -1.048103372103792973e-02 -9.603717308916143863e-03 9.987240719380626741e-01 -4.957818820112198238e-02 -2.406805177198016038e-02 2.343476239665260447e-03 4.960281797451512181e-02 9.987662732431954460e-01 -1.455756550100166524e-02
9.999519798596000486e-01 9.340073526593082459e-03 -2.966648173255125205e-03 1.099803134026572544e-02 -9.470001153519785886e-03 9.988353906297885443e-01 -4.730942298940032931e-02 -2.179874155496438256e-03 2.521319697772739059e-03 4.733524534588895438e-02 9.988758769211648625e-01 -3.041240737413009043e-02
9.999568494023280962e-01 9.091081305636536034e-03 -1.910909224413442388e-03 7.393292430024300116e-03 -9.170269040214428999e-03 9.988714542565764187e-01 -4.660176002129352152e-02 6.550458407038073708e-03 1.485092286602819958e-03 4.661727267919534706e-02 9.989117200177670686e-01 -1.324059161715047950e-02
9.999628182220141603e-01 8.571852959221512580e-03 -9.410155857529493070e-04 -1.169690412848131515e-02 -8.606077483770929737e-03 9.989035732491519104e-01 -4.601724438098733772e-02 -1.204260249660122142e-02 5.455307786693789924e-04 4.602363183106766842e-02 9.989402022690085925e-01 9.524835633325781301e-03
9.999646839344669136e-01 8.394357940794013734e-03 -4.069872277368991476e-04 -2.323166513118272644e-02 -8.404198927012700854e-03 9.988929365855818698e-01 -4.628467003045289713e-02 -4.337891131227671754e-02 1.800657965977326878e-05 4.628645583963558047e-02 9.989282074711718362e-01 2.133784121193606220e-02
9.999594771534223714e-01 8.837508069613454753e-03 -1.715372313424401614e-03 -8.761493573297033516e-03 -8.911432753891179032e-03 9.987406546463510892e-01 -4.937297968373961093e-02 -4.265725709160534534e-02 1.276877960895802643e-03 4.938626537507777997e-02 9.987789376909063099e-01 2.244841240945830152e-03
9.999539864867142969e-01 9.054615280612311398e-03 -3.168414658479772484e-03 9.242750691580729414e-04 -9.211069526819182576e-03 9.985279109054968627e-01 -5.345247740634911232e-02 -3.285373715914192277e-02 2.679758851104047882e-03 5.347920235777887249e-02 9.985653678190905547e-01 -1.082353293585517143e-02
9.999543610678365280e-01 9.014246817104143092e-03 -3.165301839508718757e-03 -1.760581918647443483e-03 -9.175648552839197822e-03 9.984252203322513397e-01 -5.534335441704024694e-02 -3.443824301449412151e-02 2.661438530127901558e-03 5.536987230268529403e-02 9.984623648321125922e-01 -2.111460975528545864e-03
9.999573768827825226e-01 9.022471437689982138e-03 -1.959445549345914441e-03 -1.979763668691647896e-02 -9.117786945878406102e-03 9.983994590801820168e-01 -5.581564359218160742e-02 -3.445023800484049020e-02 1.452714326477288695e-03 5.583113036251319272e-02 9.984391691553019532e-01 3.506165173737859058e-03
9.999584180363506603e-01 9.111001044817122752e-03 -3.896898771700466968e-04 -2.846551740129062841e-02 -9.118515755965402036e-03 9.983843154587405122e-01 -5.608574967306998588e-02 -3.139678282314712493e-02 -1.219370626110744145e-04 5.608697091075074553e-02 9.984258794850068286e-01 1.632386336977666857e-02
9.999556069877741926e-01 9.413212374371156266e-03 -4.189110969517460033e-04 -2.052914443334513325e-02 -9.421855012097208465e-03 9.983636583575297152e-01 -5.640243185449236862e-02 -3.959361644918089201e-02 -1.127024541980224334e-04 5.640387490026392558e-02 9.984080279096277932e-01 1.986834443900866581e-02
9.999514183236482001e-01 9.685881185481536731e-03 -1.828851602803433949e-03 -2.078594090940230621e-02 -9.774007112555951893e-03 9.983433876286763597e-01 -5.670052171772529959e-02 -2.528076497767418884e-02 1.276627388100212137e-03 5.671564231990383620e-02 9.983895563049288713e-01 1.313512745181035120e-02
9.999529024634626895e-01 9.180092300562138485e-03 -3.149406332918105837e-03 -2.372481853659546419e-02 -9.340148986109332585e-03 9.984281267613251964e-01 -5.526334507418445563e-02 -2.889912077742656793e-02 2.637133256766849808e-03 5.529015823113790640e-02 9.984668466859386582e-01 -1.123792174263627680e-02
9.999582099229774590e-01 8.589646407307428497e-03 -3.129917288342519855e-03 -1.414999040199755448e-02 -8.746560787964019132e-03 9.984945956153236102e-01 -5.414831669935623454e-02 -4.972845418271881757e-02 2.660090603134604697e-03 5.417342984885451657e-02 9.985279983137149706e-01 -2.181331003915269739e-02
9.999637336383780939e-01 8.328993386465536469e-03 -1.777435558066285844e-03 -7.357013306463076191e-03 -8.409780330311839025e-03 9.986263984300619567e-01 -5.171645727811352566e-02 -5.885502760267469213e-02 1.344248039152427104e-03 5.172952955296669653e-02 9.986602268887241340e-01 3.913258725984219977e-05
9.999611349840555885e-01 8.794765527208982595e-03 -6.169446658166545441e-04 -9.242304877823659046e-03 -8.814636989457667535e-03 9.987034599494014619e-01 -5.013682538651868109e-02 -3.861038229134457211e-02 1.752031487953696035e-04 5.014031496127239335e-02 9.987421679890365889e-01 2.025466650089642259e-02
9.999556037912374906e-01 9.357456811896541424e-03 -1.108353966542249738e-03 -1.319917819029447700e-02 -9.401507252781963683e-03 9.986786305884104431e-01 -5.052330618074341723e-02 -1.939019637374571683e-02 6.341197659331146127e-04 5.053148333534993736e-02 9.987222672415247970e-01 1.173282275827607427e-02
9.999497122206694177e-01 9.734596560111706889e-03 -2.410530981390201014e-03 -6.334115510088934170e-03 -9.845564827142940303e-03 9.986319835315859983e-01 -5.135393189430281780e-02 -1.531978493571033466e-03 1.907323526543545792e-03 5.137508245815307351e-02 9.986776071482643680e-01 -4.168638283966085573e-03
9.999482219744453282e-01 9.626885633479995846e-03 -3.297945291450686545e-03 -5.902203970109726021e-03 -9.784290293509956965e-03 9.986197147263040641e-01 -5.160361444131005004e-02 -3.481606531724152492e-03 2.796611091630754262e-03 5.163321056214645322e-02 9.986622004128559160e-01 -1.057399714100739838e-02
9.999566895388896093e-01 8.918093800128024801e-03 -2.662076144084137615e-03 -1.025921090381726013e-02 -9.041075538360539288e-03 9.986854408307208608e-01 -5.045442721762372768e-02 -3.196584180589634450e-02 2.208619372921111299e-03 5.047631004462340559e-02 9.987228164634793792e-01 4.951735825239160504e-04
9.999630364322120712e-01 8.431617851715891149e-03 -1.683326965626821738e-03 -1.217739387686572403e-02 -8.504028616108699062e-03 9.987607620850131873e-01 -4.903694134690896739e-02 -5.327976310906260005e-02 1.267780172973554352e-03 4.904944382728933933e-02 9.987955470433709237e-01 6.333809507761196077e-03
9.999602491960709605e-01 8.806620090950453145e-03 -1.394084038111002930e-03 -4.207849251671329227e-03 -8.862988715335244627e-03 9.988278060159117011e-01 -4.758635687328949954e-02 -4.554991565801504855e-02 9.733749346927662686e-04 4.759682102844573631e-02 9.988661547821222619e-01 -1.784732507818730454e-03
9.999573616549954913e-01 9.184998564009554112e-03 -9.542920725713252821e-04 -3.188944687880696394e-03 -9.219210029274341883e-03 9.988958968794706683e-01 -4.606509919444531920e-02 -2.652626120926321676e-02 5.301305657641648683e-04 4.607193287389950431e-02 9.989379840424760237e-01 4.993773957594569574e-03
9.999563596644500674e-01 9.195828551492991540e-03 -1.647878597625740535e-03 -4.079307632949310918e-03 -9.260695715284624277e-03 9.989433788995423225e-01 -4.501516708437539732e-02 -2.551913676783458540e-02 1.232185655603770065e-03 4.502846310964734450e-02 9.989849444453571259e-01 -8.695458228016837710e-04
9.999533058268202934e-01 9.320585157231508350e-03 -2.552030238907695113e-03 -1.268877762822976860e-02 -9.425381439582054821e-03 9.989557564837066028e-01 -4.470524323593223076e-02 -1.560732741306877433e-02 2.132686271322076742e-03 4.472720962000958228e-02 9.989969611409615924e-01 -8.161312860138289146e-03
9.999530401508706090e-01 9.414465837253671240e-03 -2.298983695147547267e-03 -2.306704751732810074e-02 -9.506896341691358290e-03 9.989775703766243797e-01 -4.419765611845175024e-02 -6.561615579600305927e-03 1.880535822500120982e-03 4.421743680286956135e-02 9.990201608914629494e-01 -5.447104714385295199e-03
9.999563559300101989e-01 9.198184373829553992e-03 -1.636960414873064092e-03 -7.375802355307277403e-03 -9.260226662920449311e-03 9.990269004278619080e-01 -4.312192509211765223e-02 -1.771635569092357490e-02 1.238724071841979055e-03 4.313520170028078971e-02 9.990684761000868663e-01 -3.744408082072146673e-03
9.999598150505382144e-01 8.926601770730320864e-03 -8.270821725669889445e-04 -2.573406054504808957e-03 -8.953213666348146596e-03 9.991005228778301328e-01 -4.144858441842227958e-02 -3.119631072449274845e-02 4.563432240108568523e-04 4.145432385256278551e-02 9.991402958467788809e-01 -5.973738412352691627e-04
9.999627378033877356e-01 8.631985671135948904e-03 -1.087571910642187972e-04 -1.477265109342465813e-03 -8.629828980813778264e-03 9.992309929926097567e-01 -3.824851232093889886e-02 -2.514160333993207402e-02 -2.214870542744250715e-04 3.824802565331199278e-02 9.992682520109944511e-01 6.036323247728221306e-03
9.999644219347185725e-01 8.434662809259601060e-03 -1.064333507796967279e-04 -1.368389746773280083e-02 -8.433046381079464457e-03 9.993197678920848759e-01 -3.590104774020001083e-02 -1.061649892270714358e-02 -1.964522807905750180e-04 3.590066800776346018e-02 9.993553439308251463e-01 1.131594871749478162e-02
9.999694998107307997e-01 7.796551692650658706e-03 -4.617683193741535215e-04 -2.434728597943410996e-02 -7.808033855809430081e-03 9.993385188927682572e-01 -3.551843555838082173e-02 -2.210604613538408314e-02 1.845415494819720832e-04 3.552095774204495210e-02 9.993689146183727390e-01 1.200778734223746994e-02
9.999708420662364317e-01 7.615498100982982452e-03 -5.649831996237410616e-04 -1.793142073720156715e-02 -7.630840148165408607e-03 9.993302393457160759e-01 -3.578886709393069854e-02 -2.155401082434935459e-02 2.920547467161400176e-04 3.579213486099723507e-02 9.993592135894465711e-01 1.222551336294583173e-02
9.999701701620387073e-01 7.720173112583600741e-03 -2.402357488417430291e-04 -5.369153332035605380e-03 -7.723808469262084461e-03 9.993137349835010674e-01 -3.622708732502694096e-02 -2.379743854318154897e-02 -3.960850206229059030e-05 3.622786221179374877e-02 9.993435547551852149e-01 2.188784710653139329e-02
9.999676143669000705e-01 8.043189928673392594e-03 -2.780524086131627693e-04 9.034660708800192064e-04 -8.047977339622735746e-03 9.992968922096918671e-01 -3.661900163565796201e-02 -1.751538785369995826e-02 -1.667667735544557835e-05 3.662005346559025348e-02 9.993292607574670861e-01 1.135604083666439529e-02
9.999681436900910159e-01 7.976858006281905417e-03 -2.852040343197142277e-04 -5.501196758560670738e-03 -7.981952300128852817e-03 9.993000977817307895e-01 -3.654590279226677119e-02 -2.445229280194932686e-02 -6.517057901858836670e-06 3.654701505965926578e-02 9.993319346682347781e-01 6.551256535352484658e-03
9.999687912553142377e-01 7.868560813514389671e-03 -7.087073513774745778e-04 -1.440782776149673698e-02 -7.890076991222893035e-03 9.992213892657862973e-01 -3.865697762144155308e-02 -3.251418693115960129e-02 4.039807649452981488e-04 3.866136294126325951e-02 9.992522883711928428e-01 3.965359713326589968e-04
9.999672056263156916e-01 8.041836651535910416e-03 -9.573584321607160174e-04 -1.812843805700917882e-02 -8.075069347167547137e-03 9.990769888424024803e-01 -4.218961508044864750e-02 -3.055658702977186170e-02 6.171927867778675969e-04 4.219596223417589054e-02 9.991091631269307660e-01 1.259693544943554962e-02
9.999591043521922629e-01 8.985687708207802313e-03 -1.023249516061775942e-03 -1.486674262621799289e-02 -9.022014373329253004e-03 9.989905712640533286e-01 -4.400501996554172929e-02 -1.597930843478997942e-02 6.268012515924124492e-04 4.401245212358485120e-02 9.990307859011453573e-01 1.966604580485058554e-02
9.999547743774671593e-01 9.485111036986787827e-03 -6.941673608110189575e-04 -6.533221210093250603e-03 -9.506062392273461129e-03 9.990485450612688334e-01 -4.256335734826406647e-02 -1.143314176902734611e-02 2.897887212920371904e-04 4.256803119217344999e-02 9.990935285261931531e-01 1.878448703185466029e-02
9.999586473662026576e-01 9.067702115606470978e-03 -6.930626934431874603e-04 1.091301536111467102e-03 -9.088549245366379578e-03 9.991107253976468927e-01 -4.117228033522626895e-02 -9.228629120263658753e-03 3.191083968919961782e-04 4.117687668741444595e-02 9.991518217949164615e-01 5.972052951498390758e-03
9.999602689580339154e-01 8.819016303137946003e-03 -1.298251447719547249e-03 -1.323005731109053347e-02 -8.867063698409104536e-03 9.990180696094640433e-01 -4.340819939998025179e-02 -7.997966583727063664e-03 9.141590369701855937e-04 4.341798642527169849e-02 9.990565763599327243e-01 3.296448749189305645e-03
9.999559529317278983e-01 9.168327474305985533e-03 -2.008473978905813383e-03 -2.594004670664218012e-02 -9.254425110557901527e-03 9.987969585075353596e-01 -4.815590609644660597e-02 -3.095614419741139853e-03 1.564548584458503536e-03 4.817237224198735873e-02 9.988378120297140006e-01 -2.083191252922077675e-03
9.999529349271708556e-01 9.378921432820179135e-03 -2.482692750643106586e-03 -1.843431509570805926e-02 -9.497659193811727393e-03 9.985409430748666271e-01 -5.315806122305643394e-02 -3.834560889055966398e-02 1.980505080860211348e-03 5.317913910466207789e-02 9.985830244720323989e-01 -4.498286468572171293e-03
9.999526556878609584e-01 9.330302351581887255e-03 -2.762578654474793713e-03 -5.931800285338107402e-03 -9.468882343360351950e-03 9.984234686760284916e-01 -5.532555886834825826e-02 -6.255480440614255566e-02 2.242019170679147508e-03 5.534909805006343192e-02 9.984645465388757302e-01 -4.883743340705412085e-03
9.999564541166868770e-01 9.074684710390669429e-03 -2.177146708276603195e-03 -9.849124017731861885e-03 -9.179120422559007564e-03 9.984957447313057566e-01 -5.405544840016919539e-02 -5.122410675554611714e-02 1.683335572759630736e-03 5.407307879973356768e-02 9.985355619758703449e-01 -2.760021556834986196e-03
9.999577198222142638e-01 9.070555133527877234e-03 -1.511157677933822963e-03 -1.806459053802665637e-02 -9.137011560956708606e-03 9.985982160067533586e-01 -5.213557334358717016e-02 -1.303070760779745721e-02 1.036140768858529642e-03 5.214717650745095273e-02 9.986388728637634049e-01 -4.459774205621263622e-03
9.999601535987466816e-01 8.850834378811935077e-03 -1.163591667991798872e-03 -2.540203937895077826e-02 -8.900302099770805025e-03 9.985368882938564505e-01 -5.333729782202399627e-02 -4.449044992622195466e-03 6.898096141650881391e-04 5.334552884001911299e-02 9.985758752921456427e-01 2.102123943476558177e-03
9.999608517340076164e-01 8.700733400139413348e-03 -1.610042762727996761e-03 -2.809661074893431143e-02 -8.778189944214680879e-03 9.983446931073528541e-01 -5.684027731889367691e-02 -3.647583720702914784e-02 1.112825548503711430e-03 5.685218538178764963e-02 9.983819863341953926e-01 4.203418720500673444e-03
9.999574318992606736e-01 8.998224670488936053e-03 -2.041161976639027133e-03 -2.062191029429465139e-02 -9.103366112754489661e-03 9.982017884196348056e-01 -5.924793938408175198e-02 -5.707389525290483545e-02 1.504365265693756188e-03 5.926399875659822680e-02 9.982412109988874072e-01 1.447680690726554573e-02
9.999552643369884475e-01 9.155477659895426903e-03 -2.376247790661751517e-03 5.597801200007553393e-03 -9.280413076223256383e-03 9.981933203185614500e-01 -5.936302893670863945e-02 -5.977062192306552280e-02 1.828457786806538020e-03 5.938242585331958423e-02 9.982336320931572970e-01 1.022222006694693819e-02
9.999539905051627597e-01 9.385805955808557838e-03 -1.980787560763557463e-03 4.960601069129315366e-03 -9.484294555414364558e-03 9.982961097104459114e-01 -5.757538965370153500e-02 -3.867664472728739311e-02 1.437021080953392559e-03 5.759152701178648498e-02 9.983391963590648732e-01 -9.479984465138304936e-04
9.999589210201167422e-01 8.953817359050550775e-03 -1.409051803431636898e-03 -1.861782526472349764e-02 -9.018896183324119978e-03 9.983765805147396533e-01 -5.623933668998937208e-02 -3.901843208650418449e-02 9.032075721618895367e-04 5.624973452734091661e-02 9.984163217724785211e-01 -1.046060650159580385e-03
9.999605783497670375e-01 8.783107859945765705e-03 -1.303365919451731888e-03 -3.156107795045122455e-02 -8.843078526991097338e-03 9.983382897267727429e-01 -5.694259589786682813e-02 -3.736136925655265950e-02 8.010671413173351459e-04 5.695187689394310554e-02 9.983766032964175308e-01 5.948712807730164535e-04
9.999576757109316372e-01 9.042026769726405760e-03 -1.699570147662884381e-03 -2.283611265968273421e-02 -9.126782739375120107e-03 9.982048865607421329e-01 -5.919211335206860103e-02 -4.302848829574947714e-02 1.161302552963769082e-03 5.920511969544056674e-02 9.982451628624248174e-01 3.436916369098835626e-03
