1.000000000000000000e+00 0.000000000000000000e+00 0.000000000000000000e+00 0.000000000000000000e+00 0.000000000000000000e+00 1.000000000000000000e+00 0.000000000000000000e+00 0.000000000000000000e+00 0.000000000000000000e+00 0.000000000000000000e+00 1.000000000000000000e+00 0.000000000000000000e+00
9.999560452688798229e-01 8.297973013524785613e-03 -4.364765066855600534e-03 3.177978446901516540e-01 -8.281370057183417427e-03 9.999584571004619393e-01 3.808278251329265569e-03 3.471297678172238083e-02 4.396184732016444885e-03 -3.771964624751399098e-03 9.999832227805982576e-01 -6.699368921907149221e-02
9.998730607758348210e-01 1.567049079075789192e-02 -2.880634155963411429e-03 7.012888713439507926e-01 -1.563007498219076002e-02 9.997859639544404153e-01 1.355459463581957721e-02 6.955441213243261644e-02 3.092424746833031916e-03 -1.350784949823866446e-02 9.999039828459120871e-01 -6.503796687760364514e-02
9.999018966835133693e-01 1.353457875048529914e-02 3.607240879057151128e-03 1.073925527687019876e+00 -1.360209968247619132e-02 9.997192396463595587e-01 1.940166913264534942e-02 5.438716829033494321e-02 -3.343634690065632950e-03 -1.944883181457369992e-02 9.998052625627191770e-01 -9.877843172143835337e-02
9.999351112079659654e-01 8.834213552590074875e-03 7.192360142537217345e-03 1.445373683321053759e+00 -9.008852814641549883e-03 9.996562353492336461e-01 2.462217899296528095e-02 9.276194380256322369e-02 -6.972370076010679825e-03 -2.468537620342719369e-02 9.996709549933009420e-01 -8.532913495078695010e-02
9.999566795346556125e-01 -5.531042816226306065e-03 7.486429014637125887e-03 1.837263304659199514e+00 5.339283607729619456e-03 9.996632030342724740e-01 2.539630976766584294e-02 1.395700321259386034e-01 -7.624375684759966687e-03 -2.535523741999039585e-02 9.996494289653715670e-01 -1.036102359555573227e-01
9.997138521201387462e-01 -2.290213532991151879e-02 6.906958552345589773e-03 2.214310353407915599e+00 2.273913600761189729e-02 9.994809486630780171e-01 2.282027504612644739e-02 1.427744592934610535e-01 -7.426006513647121117e-03 -2.265668680288342521e-02 9.997157240787879484e-01 -1.291482381693499770e-01
9.994045319015728568e-01 -3.357564317481521315e-02 7.953477226692925312e-03 2.623044045048549933e+00 3.343477649313075090e-02 9.992924144559929278e-01 1.722748186957351671e-02 1.591790896244283382e-01 -8.526273245236127424e-03 -1.695130072028626714e-02 9.998199618273472256e-01 -1.353515375279524258e-01
9.989309915814224006e-01 -4.544257056080563961e-02 8.476251469985016801e-03 3.034946311360955384e+00 4.536234637768199462e-02 9.989261059803318243e-01 9.428272486630797852e-03 1.252842593645185354e-01 -8.895593811962417691e-03 -9.033690928804150380e-03 9.999196271895733901e-01 -1.797482751266218370e-01
9.989032212213785344e-01 -4.631311358208254486e-02 6.888406483853124797e-03 3.424463468524920451e+00 4.626439247237017910e-02 9.989041979634203372e-01 7.071723991966576833e-03 1.484389623480165121e-01 -7.208371710460415201e-03 -6.745279934085720089e-03 9.999512691005970622e-01 -1.714875997676120201e-01
9.988892772205617554e-01 -4.679999062288039968e-02 5.474735745404287444e-03 3.832831432337055144e+00 4.680299203025670152e-02 9.989040506560338262e-01 -4.213312039998324838e-04 1.801096777064706000e-01 -5.449017415959405385e-03 6.770972352937801048e-04 9.999849247606358293e-01 -2.230927519166213679e-01
9.989888099186509107e-01 -4.456034309616912353e-02 5.977748779366256170e-03 4.677673209539083388e+00 4.463223773737125949e-02 9.989254382955962130e-01 -1.248727674498245968e-02 1.900753988381411741e-01 -5.414887983356170102e-03 1.274145003924982700e-02 9.999041626271114591e-01 -2.447700624354209598e-01
9.996492426520419139e-01 -2.586232958154005904e-02 5.703645660007718859e-03 5.540293466245345577e+00 2.592277189141147312e-02 9.996057062239539492e-01 -1.079082860470523091e-02 1.370032741799183662e-01 -5.422320782190409236e-03 1.093489794767539373e-02 9.999255104477577927e-01 -2.690668704243505682e-01
9.999538939082348588e-01 -8.707518853983735319e-03 4.048354377538653653e-03 5.953360716185121859e+00 8.729129700162052002e-03 9.999475804231151566e-01 -5.351513863899056908e-03 1.538053801639863161e-01 -4.001543756647846575e-03 5.386605736943519268e-03 9.999774858096548424e-01 -3.291161612271066850e-01
9.999176099765616499e-01 9.672261392498207253e-03 8.439230907847561705e-03 6.763010957687900948e+00 -9.722474483584866642e-03 9.999351559831599623e-01 5.929360745439717605e-03 2.150824441737740345e-01 -8.381333347196146324e-03 -6.010922432431555114e-03 9.999468096168088183e-01 -3.385428376492419233e-01
9.999539721785488666e-01 -1.134650689941198100e-06 9.594452723030237953e-03 7.209905206115195142e+00 -1.190244958247994216e-04 9.999215741430549365e-01 1.252323426453837672e-02 2.591335042021550850e-01 -9.593714479349915378e-03 -1.252379982224573023e-02 9.998755497963238703e-01 -3.371872150830579340e-01
9.999031186012431460e-01 -1.091878574834278734e-02 8.633280331946690742e-03 7.659543175708924956e+00 1.081127487259529729e-02 9.998646294599730089e-01 1.240318872306959627e-02 2.317981596799810751e-01 -8.767539400389408669e-03 -1.230865031807621551e-02 9.998858071701037797e-01 -3.356735699413400109e-01
9.998573973915162449e-01 -1.682721928974495809e-02 -1.424630632246440178e-03 8.118536580667733205e+00 1.683846140055575077e-02 9.998238895010178595e-01 8.285903735767624623e-03 2.289588565672772691e-01 1.284951020659451035e-03 -8.308710732192390452e-03 9.999646564888396982e-01 -3.773038448577218373e-01
9.997805760153681831e-01 -2.093527944036497473e-02 -7.168661887234361067e-04 8.595681057644174672e+00 2.093884086592517901e-02 9.997662550393437986e-01 5.385185957534556651e-03 2.222376911311891856e-01 6.039582520050418681e-04 -5.399014665621613106e-03 9.999852428286480910e-01 -3.747617463630389389e-01
9.997427396764474450e-01 -2.252037133842775540e-02 2.699507179184123563e-03 9.050961268545098193e+00 2.252825097821784667e-02 9.997419280218768911e-01 -2.924938112637900066e-03 2.108423390918741924e-01 -2.632939819587908764e-03 2.985000817362832605e-03 9.999920786676396167e-01 -4.653057741436730788e-01
9.996399953805984451e-01 -2.595133666356293223e-02 6.812324188675352062e-03 9.508323342435717862e+00 2.600047317084059478e-02 9.996358122289531467e-01 -7.226223374184051300e-03 2.184356393995408319e-01 -6.622313067923871720e-03 7.400745552687239097e-03 9.999506857514998126e-01 -4.446855390230105565e-01
9.995797916095663371e-01 -2.858690104352978531e-02 4.798884714525691007e-03 9.979312076563228828e+00 2.863587267557670887e-02 9.995351096830913384e-01 -1.046667602053094094e-02 2.280137770177511625e-01 -4.497443927836343620e-03 1.059969808711709073e-02 9.999337075019413268e-01 -4.359228299962457087e-01
9.996880972987118863e-01 -2.491774565188401708e-02 1.677519272380474007e-03 1.047348973548701778e+01 2.493831032314761803e-02 9.995962050535056598e-01 -1.362011456839615914e-02 1.914872999519212082e-01 -1.337459348010824412e-03 1.365770091405810877e-02 9.999058347705720440e-01 -4.838167564913664620e-01
9.999582469376081528e-01 -8.705497362469527892e-03 2.778254332747974106e-03 1.096631743594140396e+01 8.746959318262042052e-03 9.998450263711439190e-01 -1.527789067807716790e-02 1.520032338682640594e-01 -2.644822139590044183e-03 1.530155405697880382e-02 9.998794264106504182e-01 -4.856702662435504192e-01
9.999730147122741775e-01 7.278099674640042295e-03 -9.995560873753161525e-04 1.143113896983464173e+01 -7.285992779465473752e-03 9.999403738620969984e-01 -8.134066003369732137e-03 1.457308802663342673e-01 9.402959445735826084e-04 8.141129261693537053e-03 9.999664183650773808e-01 -4.919419175768602881e-01
9.998498784283552654e-01 1.700445237775344981e-02 -3.327041649264047239e-03 1.190451400232583268e+01 -1.699709654952347854e-02 9.998530591365623055e-01 2.226846232704071931e-03 1.354955524270320955e-01 3.364419071608007288e-03 -2.169961886910980620e-03 9.999919859427474078e-01 -4.914869031492536400e-01
9.998047106204703827e-01 1.960783426671671228e-02 -2.464438371383032185e-03 1.236574472980960593e+01 -1.959280533953386763e-02 9.997901510791237234e-01 5.981286158510829183e-03 1.414840711296800890e-01 2.581201279348118403e-03 -5.931832815566359836e-03 9.999790751607773309e-01 -5.494477575259009150e-01
9.998972804963806027e-01 1.424633089723799893e-02 -1.571786216021732983e-03 1.286041898532985961e+01 -1.422876861340739880e-02 9.998418365069537961e-01 1.066977573090861081e-02 1.364215360244072639e-01 1.723542772485328525e-03 -1.064631515446428506e-02 9.999418409957366860e-01 -5.629708826887549478e-01
9.999573888225957718e-01 9.172678310723261438e-03 1.040438226954527954e-03 1.335338640788111064e+01 -9.185944574104791191e-03 9.998659094682479376e-01 1.355660376033887560e-02 1.193910450463548795e-01 -9.159483487598906295e-04 -1.356558350537662855e-02 9.999075637191575661e-01 -5.598720168639589323e-01
9.999908892661709681e-01 4.010173791969389064e-03 -1.462836563230968286e-03 1.385489967411449008e+01 -3.986945956536273351e-03 9.998711394155667120e-01 1.555020339918299077e-02 1.114397258058549417e-01 1.525007079387697036e-03 -1.554422947509798841e-02 9.998780182019371132e-01 -5.865076716567365622e-01
9.999982037477390673e-01 -1.823998490019923795e-03 5.152968113106318974e-04 1.435114484042459715e+01 1.815635263708648573e-03 9.998736948646393952e-01 1.578916673935801956e-02 9.869105777980805017e-02 -5.440311429683903233e-04 -1.578820278696967117e-02 9.998752105552337621e-01 -6.030747457464855632e-01
9.999925475894324567e-01 -3.857522077086005929e-03 1.558493552479586590e-04 1.486043717246658957e+01 3.854832361119412461e-03 9.998857617789982388e-01 1.461518590713573387e-02 1.172487181047835447e-01 -2.122099535923632090e-04 -1.461447621563176369e-02 9.998931803207172786e-01 -6.240865717151319325e-01
9.999661690133628822e-01 -8.155366862182758178e-03 -1.072762826434566939e-03 1.538005392582615016e+01 8.170309690438770991e-03 9.998577913606305767e-01 1.475273178106409691e-02 9.131484763598562981e-02 9.522963303986930420e-04 -1.476099748610871024e-02 9.998905970579552438e-01 -6.512960961931946180e-01
9.999183599522712962e-01 -1.277521095669597630e-02 2.596447034273327765e-04 1.587638534470601925e+01 1.277044579426668720e-02 9.998242882341389359e-01 1.372254973804737897e-02 9.744912685484719006e-02 -4.349075485653054328e-04 -1.371811364982091809e-02 9.999058076705599207e-01 -6.519351079753162859e-01
9.998799064507485346e-01 -1.549666945453083422e-02 -1.609716107253544989e-04 1.690813057514068163e+01 1.549742370661792712e-02 9.998544338171811985e-01 7.137298829503065448e-03 9.054627018081191914e-02 5.034381794342020482e-05 -7.138936331210710140e-03 9.999745162020674538e-01 -6.889965783335818550e-01
9.999173987430943766e-01 -1.277598786821756288e-02 -1.403504483373679487e-03 1.744124638682119155e+01 1.278366989488681840e-02 9.999025587763162859e-01 5.608095629875161151e-03 8.976523568519462204e-02 1.331718762448285027e-03 -5.625574332138729219e-03 9.999832895796665344e-01 -7.142172943401051688e-01
9.999520541413983166e-01 -9.045371265362842778e-03 -3.751090117508605604e-03 1.795451456102311383e+01 9.075761925506561911e-03 9.999254745858894289e-01 8.165526293838085148e-03 8.899513957134015663e-02 3.676950349059384705e-03 -8.199178791536622379e-03 9.999596259366050344e-01 -7.346222810615248289e-01
9.999973960768725467e-01 2.240819843031646025e-03 -4.319327557763410846e-04 1.902581820499498377e+01 -2.234572212688704096e-03 9.999000661480453855e-01 1.395938408958802106e-02 4.569303759014937960e-02 4.631700559367200984e-04 -1.395838255549113928e-02 9.999024697588929644e-01 -7.560177481789792653e-01
9.999610613363324463e-01 7.052735649668820557e-03 -5.304218224353347833e-03 2.008575325812871526e+01 -6.867749885421724036e-03 9.993941442243752249e-01 3.412006010457738908e-02 1.718387223716932866e-02 5.541644397375344519e-03 -3.408230347093010176e-02 9.994036655763718358e-01 -7.899843849267854656e-01
9.999827195163920601e-01 1.160173096737016638e-03 -5.763216722145052782e-03 2.062814222126402797e+01 -9.367413136596679495e-04 9.992534871508244043e-01 3.862112029225198834e-02 -1.475858890739256690e-02 5.803721591538303116e-03 -3.861505425741264957e-02 9.992373063493901197e-01 -8.245312889919946819e-01
9.999287345107819025e-01 -9.977142215813545462e-03 -6.556106532973429192e-03 2.116969659390804637e+01 1.024428859024530125e-02 9.990624331071397135e-01 4.206315852764416774e-02 -1.143138692026360315e-02 6.130289629865432084e-03 -4.212732352342581088e-02 9.990934431582496611e-01 -8.262116398258111394e-01
9.997164292125355622e-01 -2.295754577575470634e-02 -6.325524048772608252e-03 2.169014984867185802e+01 2.320381344938816232e-02 9.988445161072980749e-01 4.208581333161548477e-02 3.074015325015816077e-02 5.352028021550922499e-03 -4.222065530438529057e-02 9.990939755907473074e-01 -8.375216097461029019e-01
9.992778900657146579e-01 -3.669277408997798778e-02 -9.866040512556175854e-03 2.223129245351069727e+01 3.702459859493623801e-02 9.986704555034090491e-01 3.586781849370520442e-02 5.301994768716384449e-02 8.536833411599704588e-03 -3.620720417534852714e-02 9.993078408784288325e-01 -8.623504962224024517e-01
9.988651367054298680e-01 -4.712526694622033024e-02 -6.902745083680303199e-03 2.277595224036871713e+01 4.728188619735414905e-02 9.985780372417218942e-01 2.462370354131924663e-02 7.830214437197439981e-02 5.732531034652161260e-03 -2.492213381148974602e-02 9.996729591892635769e-01 -8.748574600379773747e-01
9.984676956429267003e-01 -5.461391019556809806e-02 -8.920850332466536206e-03 2.332790442199839021e+01 5.474623463874905144e-02 9.983825901117857615e-01 1.533145637442674854e-02 8.939345185325725529e-02 8.069110879327314953e-03 -1.579634688250231012e-02 9.998426700610375528e-01 -8.962240953261136900e-01
9.985864870058528409e-01 -5.228325590912110549e-02 -9.564994555727244011e-03 2.386210428653520310e+01 5.236081589965788791e-02 9.985958152828855461e-01 8.046282236611735500e-03 1.313951427282503692e-01 9.130877703259021247e-03 -8.535739631129374977e-03 9.999218810593744067e-01 -8.966307866601583854e-01
9.987812901057240289e-01 -4.843696985848904013e-02 -9.475995233926039207e-03 2.441317704032755387e+01 4.845185494579015706e-02 9.988246102636426649e-01 1.347473188764296585e-03 1.040448485059588396e-01 9.399589728157013713e-03 -1.804960556398061073e-03 9.999541938660650997e-01 -9.239526121441232753e-01
9.992237596828894564e-01 -3.863547756881374751e-02 -7.692721119407594510e-03 2.550411052877325702e+01 3.858729984848419114e-02 9.992352735065683778e-01 -6.315731996907568424e-03 1.185657336620340174e-01 7.930849613658164446e-03 6.013988134614156253e-03 9.999504655587306834e-01 -9.535258594748695637e-01
9.993731458192857131e-01 -3.473381032267398166e-02 -6.846739058356684192e-03 2.602596202194947139e+01 3.469310387028986392e-02 9.993801391252855604e-01 -5.977128555591766125e-03 1.172191169103918573e-01 7.050103482219192801e-03 5.735847138243686978e-03 9.999586971962876047e-01 -9.501423240670044956e-01
9.999204797032347214e-01 1.316356588930387610e-03 -1.254198849400777437e-02 2.761926443529017661e+01 -1.124193263776456517e-03 9.998820658610386714e-01 1.531634940079760338e-02 6.143328935947911518e-02 1.256067114284596838e-02 -1.530103182116856683e-02 9.998040347816410378e-01 -9.828704625472483025e-01
9.998687852598036052e-01 8.228653190309239557e-03 -1.395354900225651180e-02 2.812413405449557047e+01 -7.858196407766127739e-03 9.996205872604809750e-01 2.639943700589096609e-02 6.014144222737682899e-02 1.416548665954444654e-02 -2.628632328197778867e-02 9.995540846777695165e-01 -1.000970037798269097e+00
9.998997096626163206e-01 4.603658133440095834e-03 -1.339316797497808534e-02 2.863278902090103983e+01 -4.193162477327325513e-03 9.995254248657483576e-01 3.051790352209552207e-02 1.474313023599198025e-01 1.352730590525334092e-02 -3.045868314184982731e-02 9.994444860102086325e-01 -9.958511916758340243e-01
9.998277516089844053e-01 -1.328951800431924304e-02 -1.295591848291050875e-02 2.913270303029852215e+01 1.371741984441839091e-02 9.993439705817084295e-01 3.351806758745946163e-02 1.524359843092440991e-01 1.250198005657120019e-02 -3.369001592754771596e-02 9.993541330886998031e-01 -1.001651052052771718e+00
9.994599770193510757e-01 -2.827659541570105850e-02 -1.673883174462579421e-02 2.964767202611418284e+01 2.873079176691892278e-02 9.992075648244782560e-01 2.754603423329890499e-02 1.660913586521036156e-01 1.594665924023216941e-02 -2.801207863106351670e-02 9.994803787518007354e-01 -1.023953631965147881e+00
9.988798982698167128e-01 -4.190017239236679819e-02 -2.198463977349961879e-02 3.015227146127860181e+01 4.244805348677658380e-02 9.987839375388979368e-01 2.507606168198061453e-02 1.651674231138001714e-01 2.090721377095360739e-02 -2.598117910689747012e-02 9.994437786811977142e-01 -9.920217761083409691e-01
9.984339656425267329e-01 -5.065381606843789158e-02 -2.374462400297619111e-02 3.065722931968842602e+01 5.111068757943276059e-02 9.985113696560828922e-01 1.904579435704621335e-02 1.317253468389198434e-01 2.274453487094134710e-02 -2.022957204782492233e-02 9.995366179126538020e-01 -1.018360132410682350e+00
9.986374287568103858e-01 -4.400095565309000700e-02 -2.805711652328448172e-02 3.113718486051574530e+01 4.438191944048278104e-02 9.989287064339109623e-01 1.310285041705722651e-02 1.119064666952606646e-01 2.745052117474007167e-02 -1.433022553514378024e-02 9.995204417736273106e-01 -1.056268856686662483e+00
9.989142258420855569e-01 -3.776437004778977063e-02 -2.728042824444823489e-02 3.162436506056826246e+01 3.809246354739787704e-02 9.992067871709979787e-01 1.160864730716142969e-02 1.139266889627645885e-01 2.682039580612214508e-02 -1.263522165636601739e-02 9.995604121525109020e-01 -1.046440963386009670e+00
9.990148669582619156e-01 -3.623854030669324683e-02 -2.561374226477489829e-02 3.208505788236259093e+01 3.660737588131601078e-02 9.992305221354703670e-01 1.408061305339275947e-02 1.166995766624767950e-01 2.508377219339606029e-02 -1.500439366703970080e-02 9.995727449981989254e-01 -1.031056387540378649e+00
9.990739743925030059e-01 -3.439847409258052491e-02 -2.584450950725142304e-02 3.255082968543510447e+01 3.472009190461143591e-02 9.993238206805543644e-01 1.210027431732573280e-02 1.121638791945613750e-01 2.541080301178375717e-02 -1.298639289877152533e-02 9.995927394142951616e-01 -1.054306234995680658e+00
9.990950887525223978e-01 -3.230804514863116345e-02 -2.766213746736599643e-02 3.300563552449008142e+01 3.271371171281180906e-02 9.993618826311904124e-01 1.434017467864089762e-02 1.059097244299458118e-01 2.718118276603288114e-02 -1.523212928375098155e-02 9.995144648982937641e-01 -1.049078067409405568e+00
9.991884523047324107e-01 -2.902415180788645022e-02 -2.792911371143620702e-02 3.344431659289023173e+01 2.954086248134378534e-02 9.993965999588559912e-01 1.826946727566580719e-02 1.110005817889367918e-01 2.738200549141547174e-02 -1.907969083897982643e-02 9.994429404286955254e-01 -1.037830300353128621e+00
9.991892829525975683e-01 -3.014175210522319556e-02 -2.668804250411182036e-02 3.388359383996139229e+01 3.057294032640540601e-02 9.994060878031019168e-01 1.589864717190013835e-02 1.194305566497105564e-01 2.619297906829346975e-02 -1.670168979851402100e-02 9.995173742388884230e-01 -1.064377849849773794e+00
9.989468913192063315e-01 -3.842412574281724863e-02 -2.507378879615069708e-02 3.433267268395852767e+01 3.887113271702408862e-02 9.990893898137267470e-01 1.759051457265316601e-02 1.278001143215866386e-01 2.437505620484397076e-02 -1.854663642107088131e-02 9.995308293957096968e-01 -1.064115291290994358e+00
9.987135972391095740e-01 -4.646356715667469134e-02 -2.030486682533966941e-02 3.473594736022631224e+01 4.669545044123035032e-02 9.988475098664258978e-01 1.109896129062637807e-02 1.259341528040875402e-01 1.976576833336357586e-02 -1.203282845873753296e-02 9.997322268695124636e-01 -1.077646286316233049e+00
9.984794093083650957e-01 -5.150416208341810492e-02 -1.965172957536751724e-02 3.516792699489903384e+01 5.164360247576160051e-02 9.986434045884871047e-01 6.654982737828250144e-03 1.124687427755390323e-01 1.928231081960582460e-02 -7.659749343175564773e-03 9.997847371956904983e-01 -1.086221720532390300e+00
9.982611343955740679e-01 -5.663511710426821777e-02 -1.634536833012640786e-02 3.556775288629159348e+01 5.667837533622534230e-02 9.983900756314907365e-01 2.195142317082450761e-03 1.314688070401744679e-01 1.619473138115097924e-02 -3.117754180834211245e-03 9.998639958936216265e-01 -1.060979171642950636e+00
9.980924559649283490e-01 -5.979268991643465342e-02 -1.537151841734056557e-02 3.596591943497419663e+01 5.968390895736314788e-02 9.981895915164121780e-01 -7.441128937698261898e-03 1.295748552433382272e-01 1.578861480519218666e-02 6.509502350821971643e-03 9.998541623765327957e-01 -1.095850542117333237e+00
9.987597479384037191e-01 -4.672296949768137142e-02 -1.720261664209623426e-02 3.672055792932476237e+01 4.645983503304657036e-02 9.988015846724958013e-01 -1.539084742349745676e-02 1.800028155242636152e-01 1.790110685735070428e-02 1.457252816192221821e-02 9.997335604030964662e-01 -1.096125848775965972e+00
9.993970812213359700e-01 -2.783159353463960858e-02 -2.075756362382115069e-02 3.711747066125792571e+01 2.753456099814332106e-02 9.995162502015749739e-01 -1.446075840411428087e-02 1.457527775667034620e-01 2.114998810670826526e-02 1.388048933954577277e-02 9.996799537946036152e-01 -1.132605052165566395e+00
9.997407759987926301e-01 -1.647063002380238367e-02 -1.571938777277992819e-02 3.750984673942507186e+01 1.632756378255203339e-02 9.998244929450588181e-01 -9.186618969066369378e-03 1.108603714411795504e-01 1.586793831153558362e-02 8.927578270456908854e-03 9.998342397017448979e-01 -1.119092857318908951e+00
9.998482552545594482e-01 -2.011300253750748866e-03 -1.730378963414069479e-02 3.787936212805359304e+01 1.923467527211580050e-03 9.999851905262612251e-01 -5.091070695713239246e-03 1.125508381827708682e-01 1.731377304590467694e-02 5.057014875027529034e-03 9.998373166988060445e-01 -1.160527475721589319e+00
9.998549746024942841e-01 7.864130902332204173e-03 -1.510580046858062131e-02 3.825823158755883213e+01 -7.790419834137902663e-03 9.999574899083384372e-01 4.932315381562002096e-03 7.853957499050503999e-02 1.514394669343026995e-02 -4.813919542982207644e-03 9.998737355572353547e-01 -1.150428396248531326e+00
9.997388947124152825e-01 1.756569503347748737e-02 -1.461467608909376367e-02 3.857883051660311224e+01 -1.739046625368139906e-02 9.997763782460687976e-01 1.203184045161999685e-02 1.051839913042129371e-01 1.482275556965819904e-02 -1.177454284312283439e-02 9.998208069740085469e-01 -1.154746505010673552e+00
9.997284389776215363e-01 1.685920569761963084e-02 -1.608774324177949036e-02 3.898888753826831532e+01 -1.662533213431157536e-02 9.997557428188210693e-01 1.456204079829063504e-02 6.930226951220808118e-02 1.632931813615923558e-02 -1.429062224091742252e-02 9.997645380214160715e-01 -1.169969888148569392e+00
9.999496148849013055e-01 3.927356866503493860e-03 -9.238157802322691237e-03 3.935253620323954493e+01 -3.734205688946998399e-03 9.997759934950544158e-01 2.083311159787795339e-02 4.918605548869781074e-02 9.317907458765817275e-03 -2.079756473773140477e-02 9.997402852249026584e-01 -1.110072013150459780e+00
9.993139715691036207e-01 -4.053610459375001605e-03 -3.681242275412373310e-02 3.971715071283499299e+01 4.826123447320172961e-03 9.997694927740985449e-01 2.092056047750618514e-02 7.149409082032306961e-02 3.671913342190835650e-02 -2.108386967483466545e-02 9.991031857021969165e-01 -1.094764128570106632e+00
9.983546577508770614e-01 -1.669472793126958524e-02 -5.485675351704595581e-02 4.040350519335986945e+01 1.766024943591416527e-02 9.996967209350533512e-01 1.716338374456648219e-02 1.048325427061117809e-01 5.455357859013779120e-02 -1.810392805450913162e-02 9.983467107433202647e-01 -1.137043144755701674e+00
9.990475353239550715e-01 -1.432504098238087872e-02 -4.121668793078733795e-02 4.069701789622280330e+01 1.477218952390126419e-02 9.998350713646749766e-01 1.056468105837223004e-02 1.172872977357847235e-01 4.105855062956732804e-02 -1.116347929851153192e-02 9.990943759976587124e-01 -1.160005193426684844e+00
9.994640447242479908e-01 -9.833561779323417643e-03 -3.122377885808719916e-02 4.105393573494562531e+01 1.013460971966107481e-02 9.999035337628178199e-01 9.498044770351455127e-03 1.199048656678889935e-01 3.112736720759812226e-02 -9.809395055847174374e-03 9.994672894994420798e-01 -1.140702083886381502e+00
9.992597190359240322e-01 -9.570305929200821626e-03 -3.726155064765365038e-02 4.171515455032010777e+01 9.734474853991294252e-03 9.999436849834690832e-01 4.226920983153316033e-03 9.059845683590664334e-02 3.721899933586562265e-02 -4.586513501813141783e-03 9.992966076107405726e-01 -1.125660867603289317e+00
9.992790083163030079e-01 -9.462015137685679533e-03 -3.676865251705917215e-02 4.204165649871333699e+01 9.443845535305070427e-03 9.999551829013217930e-01 -6.678100699004214068e-04 8.381517713137827397e-02 3.677332348172154819e-02 3.200911094813213022e-04 9.993235813397932654e-01 -1.105837253195971037e+00
9.992582437841852627e-01 -1.130971789606845593e-02 -3.681103788888882844e-02 4.236104810522108721e+01 1.103159684268081170e-02 9.999091185723073538e-01 -7.749739805434249958e-03 8.950526942776457218e-02 3.689533982017803582e-02 7.337906858411752213e-03 9.992921940165903072e-01 -1.099911418187103918e+00
9.991477205908263493e-01 -1.245740692903107155e-02 -3.935283281748082340e-02 4.269975456838064076e+01 1.177632975640981183e-02 9.997776562489056884e-01 -1.749160149652579169e-02 6.651255704582130501e-02 3.956198295869867154e-02 1.701326182862930927e-02 9.990722688706388244e-01 -1.134977050982906022e+00
9.993346718259346062e-01 -1.053294916203053114e-02 -3.491805648230752318e-02 4.299824412299543042e+01 9.596529141330665397e-03 9.995926669789518826e-01 -2.687762545958560095e-02 7.863673414401103900e-02 3.518693386743337176e-02 2.652465087152426626e-02 9.990286895685992485e-01 -1.105115151591492317e+00
9.993242788371615726e-01 -4.286723357976996232e-03 -3.650492746793545379e-02 4.328401565205489021e+01 3.097928770212238399e-03 9.994649868222094113e-01 -3.255983651395314565e-02 8.506465866548465482e-02 3.662497186240209340e-02 3.242474547830467152e-02 9.988029071427182437e-01 -1.130899166670414235e+00
9.993253914660468196e-01 1.374273423570001977e-02 -3.405729330054180215e-02 4.359668086926176755e+01 -1.491795438528863670e-02 9.992934646752066330e-01 -3.449675483839038936e-02 5.154369915014456183e-02 3.355915088602001717e-02 3.498154818112660103e-02 9.988243462584704968e-01 -1.134281589421334280e+00
9.979790076782645292e-01 5.408248483488060920e-02 -3.336143083848903956e-02 4.422852249730617302e+01 -5.507231878967640271e-02 9.980464663994479402e-01 -2.950068830898326319e-02 -3.588040428482630606e-02 3.170078763429443058e-02 3.127835899884190418e-02 9.990078699998838907e-01 -1.100355927926090827e+00
9.968151837848326924e-01 6.668825494881416849e-02 -4.372832066169569931e-02 4.456672758347880858e+01 -6.809524459576624111e-02 9.971809336728945095e-01 -3.151544355862949398e-02 -1.067554474134586595e-01 4.150333769051459121e-02 3.439276335417604247e-02 9.985462486982817909e-01 -1.103009170109087833e+00
9.963463264642824502e-01 7.355619593653668631e-02 -4.339912188599340248e-02 4.487962782757306002e+01 -7.522671315192606956e-02 9.964344169880596791e-01 -3.820201918777819949e-02 -1.256567741885065148e-01 4.043438350571602891e-02 4.132721477442394264e-02 9.983271617808969767e-01 -1.100127577869015383e+00
9.956980764901808278e-01 7.901628160631200826e-02 -4.839181454405239863e-02 4.519533804138195876e+01 -8.113547708995148822e-02 9.957527282932915336e-01 -4.351480729421063065e-02 -1.875449921930537611e-01 4.474790309209941003e-02 4.725390288196655575e-02 9.978800999274821670e-01 -1.072788514608526311e+00
9.950098095755200989e-01 8.728624755386076017e-02 -4.833828541077380553e-02 4.552855229196084963e+01 -8.985569735275379666e-02 9.945000499432290475e-01 -5.381081969423313904e-02 -2.503572508826693022e-01 4.337548272627760743e-02 5.788576380148308109e-02 9.973804719601148117e-01 -1.106137274795980341e+00
9.937726820696272112e-01 1.014534066409824575e-01 -4.607670401709648006e-02 4.580350913891952302e+01 -1.041554095910749711e-01 9.927124420818890238e-01 -6.061070853180584167e-02 -2.821270750236310465e-01 3.959175450842087468e-02 6.503240435930053576e-02 9.970974272147097306e-01 -1.109522345259232656e+00
9.913510389512913967e-01 1.236153857018310043e-01 -4.407214526186304521e-02 4.612771294368535280e+01 -1.264827584924845816e-01 9.895221369107767284e-01 -6.962795679654784631e-02 -3.639295491543017569e-01 3.500327662272519763e-02 7.460011381571526878e-02 9.965990134674804768e-01 -1.108299575637489820e+00
9.882956506290184739e-01 1.454558958826261683e-01 -4.598140168315589804e-02 4.641957828158800936e+01 -1.486004135656298908e-01 9.860798029736205228e-01 -7.459583939891971383e-02 -4.350999594668344961e-01 3.449092686329090218e-02 8.055559893941745264e-02 9.961531867356661074e-01 -1.124296726326138529e+00
9.840670573257180864e-01 1.718359312308060938e-01 -4.565566147087901649e-02 4.672897258220260142e+01 -1.751693518772152180e-01 9.810002906701972281e-01 -8.339141363416772978e-02 -4.891344454345197823e-01 3.045857595519188901e-02 9.006021565058662526e-02 9.954704579784131591e-01 -1.144427629657961409e+00
9.783676476544178602e-01 2.016029275589824310e-01 -4.640049162248828518e-02 4.703254354004240412e+01 -2.050606666791896238e-01 9.747144299353819319e-01 -8.878008254574744351e-02 -6.128448065467774208e-01 2.732890419038433438e-02 9.637447626519755894e-02 9.949698946804177435e-01 -1.137328044656248371e+00
9.557522155513016315e-01 2.897993991284134041e-01 -5.053722126896967315e-02 4.754501445882642940e+01 -2.932905058796552722e-01 9.520149319425512680e-01 -8.745426530064312476e-02 -7.944018177274863035e-01 2.276799573160058487e-02 9.840669501222917837e-02 9.948857928160075303e-01 -1.159805831511772078e+00
9.421336564810749437e-01 3.306716433926624732e-01 -5.514016305376513022e-02 4.788585862982900920e+01 -3.342135030465352430e-01 9.393095242946245538e-01 -7.745290150000640195e-02 -1.028663493973045462e+00 2.618220210302302925e-02 9.139957234802555119e-02 9.954700449876101587e-01 -1.185241996459300617e+00
9.289535570883276083e-01 3.679664836611737377e-01 -4.057037928063269433e-02 4.817850506815190670e+01 -3.700500322688458632e-01 9.260736454613649471e-01 -7.382802177848360459e-02 -1.238369136638474366e+00 1.040492146867658292e-02 8.359587360587431015e-02 9.964454162297609052e-01 -1.149644146095250452e+00
9.125404995343908698e-01 4.069383283099189397e-01 -4.087827860677430841e-02 4.844686733284660107e+01 -4.087842104848448122e-01 9.106642248476566337e-01 -5.988437893890743990e-02 -1.409875712948690296e+00 1.285713684326796058e-02 7.135731591746710678e-02 9.973679499047722885e-01 -1.177143896225075093e+00
8.949100506128713217e-01 4.442974095598631323e-01 -4.166309122548698951e-02 4.870022425566915558e+01 -4.458478095009882902e-01 8.941510405613319890e-01 -4.139622478267336592e-02 -1.620457145325308490e+00 1.886086093577130432e-02 5.562129557536724112e-02 9.982737797835217197e-01 -1.138994847560893531e+00
8.766641931018324119e-01 4.791875470695025618e-01 -4.288574666047285239e-02 4.899009602721972101e+01 -4.801603463724721244e-01 8.770405751340707434e-01 -1.568028507285660483e-02 -1.847653153248228541e+00 3.009874257474246667e-02 3.433837943193727982e-02 9.989569266957448734e-01 -1.168505969650404319e+00
8.488132631231826153e-01 5.284674088585431528e-01 -1.543509379667485151e-02 4.943424206693048717e+01 -5.279137860923942549e-01 8.487855763067699844e-01 2.949711692993120526e-02 -2.218391697382372740e+00 2.868934993631792538e-02 -1.688914526912713154e-02 9.994456853537914132e-01 -1.224040982180188086e+00
8.438375818479361135e-01 5.365976982680020768e-01 1.022582275438973023e-03 4.968999703081505714e+01 -5.360325723960195354e-01 8.428583077851369287e-01 4.752845808651334769e-02 -2.269912977552444922e+00 2.464176924520270623e-02 -4.065443654827453901e-02 9.988693608262336765e-01 -1.220203674199166421e+00
8.493694997697531779e-01 5.276944454369382198e-01 1.048928576603099655e-02 4.994625801289124922e+01 -5.273426733049720871e-01 8.476420986789506840e-01 5.841727020932696579e-02 -2.297436692892709242e+00 2.193530880668880662e-02 -5.514929557252912229e-02 9.982371448836238059e-01 -1.201215715463107125e+00
8.624361766164512222e-01 5.059621225978863102e-01 1.435868237126163363e-02 5.018028542841406647e+01 -5.057952683567334962e-01 8.603727077037515159e-01 6.268931604711466821e-02 -2.304362728067175681e+00 1.936460098058738130e-02 -6.132808764959529757e-02 9.979297960749073937e-01 -1.200806192416610907e+00
8.780328911104073875e-01 4.784489332094203351e-01 1.203579823140539691e-02 5.039259443928774118e+01 -4.782659417615162112e-01 8.762021535023610808e-01 5.942621600602544796e-02 -2.350688745189855489e+00 1.788661732327813392e-02 -5.793448462351678818e-02 9.981601396630392919e-01 -1.178160893665866960e+00
8.925477820165532705e-01 4.507881163639598787e-01 1.218732794193184803e-02 5.061799200906629181e+01 -4.508290043851975737e-01 8.913434772132799999e-01 4.753960911061911460e-02 -2.455608906698699023e+00 1.056719557795483301e-02 -4.792577359179405611e-02 9.987950012906778863e-01 -1.178570859266070414e+00
9.029389609439425479e-01 4.297339860147328383e-01 5.471204014002119254e-03 5.088586463431756357e+01 -4.296237140389315701e-01 9.022301809502761838e-01 3.747218859135587055e-02 -2.607822122147906985e+00 1.116678758049014647e-02 -3.618565801973462615e-02 9.992826932399114792e-01 -1.186375088596485661e+00
9.113197689127738865e-01 4.116989866349375915e-01 -4.724325706922227058e-04 5.114139115979921968e+01 -4.114895699086176806e-01 9.108916331349512507e-01 3.086691661248720797e-02 -2.721169551713923607e+00 1.313821316577008444e-02 -2.793523023901674229e-02 9.995233915553471959e-01 -1.180583935173937116e+00
9.162288079141490682e-01 4.005827726063430627e-01 -7.629799422804623386e-03 5.143686487809814167e+01 -4.003928447272350755e-01 9.161516271758550767e-01 1.875542359599710260e-02 -2.882863683341518879e+00 1.450315274171880275e-02 -1.412934230769036757e-02 9.997949891085183838e-01 -1.169651769266573993e+00
9.208442088770131262e-01 3.891672232645525531e-01 -2.438883585220347899e-02 5.197565918218060688e+01 -3.894845584955579643e-01 9.209808427675008069e-01 -9.801323828151185455e-03 -3.110420186193935788e+00 1.864729661876230599e-02 1.852456725059740267e-02 9.996544996832605889e-01 -1.163805592116942345e+00
9.185488048943616368e-01 3.938383301026753269e-01 -3.405088499695822085e-02 5.224404936805299826e+01 -3.946967242967436285e-01 9.185074395762427013e-01 -2.363428172200816510e-02 -3.296994993057021262e+00 2.196790514728930860e-02 3.514901399799180010e-02 9.991406097033633804e-01 -1.195290664163382255e+00
9.092749154827416413e-01 4.144055818759643794e-01 -3.856347733149010498e-02 5.255254770559063360e+01 -4.153548770256503819e-01 9.094214219422163126e-01 -2.080873479105213586e-02 -3.663548822568708729e+00 2.644719654065157480e-02 3.493838895313924192e-02 9.990394660735376631e-01 -1.231445394375067837e+00
8.599554888715200685e-01 5.091716872161062835e-01 -3.493923435407140371e-02 5.293585417095073353e+01 -5.093483365539264174e-01 8.605496435549927492e-01 4.310803535668700573e-03 -3.934088056431615854e+00 3.226188477899408907e-02 1.408914173676901159e-02 9.993801413254258525e-01 -1.248510519349029568e+00
8.526180775670760825e-01 5.218142645762778864e-01 -2.742785245952934770e-02 5.312435575553656264e+01 -5.216190723032302357e-01 8.530567398577209026e-01 1.441325753722000856e-02 -3.958375021117316539e+00 3.091855778235762936e-02 2.017887022345872874e-03 9.995198701959976395e-01 -1.242260732870342999e+00
8.495916369942285717e-01 5.268223545340818825e-01 -2.553932482727763742e-02 5.334895583239747907e+01 -5.265498993154079654e-01 8.499748633883011939e-01 1.696865165451854479e-02 -4.073796393802472160e+00 3.064724914899685793e-02 -9.686956203606971599e-04 9.995297933270395063e-01 -1.253165560010268464e+00
8.482255502328430730e-01 5.293603683773803192e-01 -1.705920055438946842e-02 5.379037085355977155e+01 -5.290356869772255832e-01 8.483579058818994101e-01 2.025106002690382420e-02 -4.360218152379355061e+00 2.519241625421543562e-02 -8.152540649545129275e-03 9.996493776541012233e-01 -1.230470728806898784e+00
8.419956221656434980e-01 5.393550571086935808e-01 -1.181078427407834634e-02 5.421125100205065195e+01 -5.387090337041353649e-01 8.417573320783098278e-01 3.517344023496640076e-02 -4.720013961470225006e+00 2.891278712694016900e-02 -2.325330651076986527e-02 9.993114301742317407e-01 -1.248435474465728223e+00
8.349950723896649718e-01 5.502100280510102692e-01 -7.221780741940892964e-03 5.442448046135562834e+01 -5.495576342972419148e-01 8.345230381939714448e-01 3.946777557859155322e-02 -4.864446928061572528e+00 2.774230831414305903e-02 -2.898661338635068890e-02 9.991947460699507344e-01 -1.276360276775779568e+00
8.341397703370578842e-01 5.515529922800953555e-01 3.744982155121368006e-04 5.464380479080754327e+01 -5.510203464262583006e-01 8.333040039002201915e-01 4.450859364378983996e-02 -4.902051514478635852e+00 2.423677714397136015e-02 -3.733274421650380204e-02 9.990089313128980297e-01 -1.275426533049658584e+00
8.375975180627667216e-01 5.462878099901518070e-01 1.624538610530690264e-04 5.480198043574954880e+01 -5.456334546192536106e-01 8.365796004750033488e-01 4.918033417274420699e-02 -4.972478907633791856e+00 2.673071146363686229e-02 -4.128196610201064626e-02 9.987899020011166140e-01 -1.238427179615390727e+00
8.433692751130089649e-01 5.373285883652707540e-01 2.500784025709055364e-03 5.499072075167470786e+01 -5.368169486898681786e-01 8.423437750466538088e-01 4.779673879514891727e-02 -5.017394971215806798e+00 2.357603432846880342e-02 -4.165276420044407985e-02 9.988539522071308019e-01 -1.246857513609762602e+00
8.520667263347921905e-01 5.234322665071385883e-01 9.778815420654497076e-04 5.510316213788183148e+01 -5.227664716769145903e-01 8.508856827864036410e-01 5.204585400957086744e-02 -5.030636000261936580e+00 2.641041392292473727e-02 -4.485774412869710653e-02 9.986442173407424905e-01 -1.270711055580873827e+00
8.570480482809692546e-01 5.152208052217844836e-01 4.020547773304197769e-03 5.527543018732303892e+01 -5.146763531859283036e-01 8.557264790824701262e-01 5.329582036475571938e-02 -5.156962562592066313e+00 2.401862629325254850e-02 -4.774635969092103083e-02 9.985706738770422364e-01 -1.259463538679888028e+00
8.619782138266542937e-01 5.067741294575511812e-01 1.317348096563496912e-02 5.549412231959282593e+01 -5.067251062851823029e-01 8.605469545853258184e-01 5.185176577699066730e-02 -5.247253608709789852e+00 1.494073453620635775e-02 -5.137042599066566489e-02 9.985679014393844533e-01 -1.363911448090833645e+00
8.658228326342862768e-01 4.995385577496465612e-01 2.849652277987291607e-02 5.568402121304863783e+01 -5.003482067039953796e-01 8.642333914619916291e-01 5.246253072622286684e-02 -5.342754545854902837e+00 1.579410407950416345e-03 -5.968144103075052886e-02 9.982162246022934227e-01 -1.320990581002793540e+00
8.690184090821252427e-01 4.932106317683249141e-01 3.937356203167134000e-02 5.587879031662116347e+01 -4.947320459647382984e-01 8.672839766322554267e-01 5.530557451546394554e-02 -5.376788212529032940e+00 -6.870762105922564866e-03 -6.754092527964970782e-02 9.976928465416862180e-01 -1.310990950832012558e+00
8.786379496132665778e-01 4.763125797489408120e-01 3.349148955038791509e-02 5.603550565574291653e+01 -4.774872841218229524e-01 8.766355858720922267e-01 5.929538839285295598e-02 -5.365839986127168615e+00 -1.116692151118172521e-03 -6.809093886562773978e-02 9.976784938260606639e-01 -1.286230190927284855e+00
8.908187716530714395e-01 4.532811819760795280e-01 3.127436868877066234e-02 5.621844335445116059e+01 -4.543547872468781113e-01 8.889873142677671147e-01 5.712514662411268679e-02 -5.370581943068361674e+00 -1.908763043715528546e-03 -6.509781207806047965e-02 9.978770623109304294e-01 -1.283804960181909260e+00
