1.000000000000000000e+00 0.000000000000000000e+00 0.000000000000000000e+00 0.000000000000000000e+00 0.000000000000000000e+00 1.000000000000000000e+00 0.000000000000000000e+00 0.000000000000000000e+00 0.000000000000000000e+00 0.000000000000000000e+00 1.000000000000000000e+00 0.000000000000000000e+00
9.997783413383134477e-01 -2.012941927503403283e-02 6.170467604702864831e-03 4.588738484448924848e-01 2.015865534289891514e-02 9.997856848883739378e-01 -4.713057081267198363e-03 1.159171873824622022e-02 -6.074274078193381624e-03 4.836400721089840864e-03 9.999698557569063340e-01 2.869516463152477215e-02
9.991993554067561956e-01 -3.965506028116039944e-02 -5.303239464747673895e-03 9.215439403305915045e-01 3.959479145126167804e-02 9.991550069781137688e-01 -1.102381605872109274e-02 3.597050419468681565e-02 5.735908354743579629e-03 1.080500923937397981e-02 9.999251727657840760e-01 -7.444869188240038627e-02
9.986556495751850449e-01 -5.162518709452568189e-02 -4.661934042899362404e-03 1.367380246599457783e+00 5.152144359928768902e-02 9.984685550932674847e-01 -2.015155923019384260e-02 4.210975857492546548e-02 5.695122563259014462e-03 1.988427890112721280e-02 9.997860676322568585e-01 -3.167674590574912075e-02
9.979937423443446809e-01 -6.331044594352125410e-02 -5.269496771687624424e-04 1.812943549482563643e+00 6.327540839091064240e-02 9.976577203125025495e-01 -2.598645404482850460e-02 8.497920718850696109e-02 2.170929407712510716e-03 2.590097556643341722e-02 9.996621561958889401e-01 -5.097799638243151465e-02
9.970709467288197958e-01 -7.642606791100585439e-02 -2.929732574364698160e-03 2.267683368639849650e+00 7.625812052478576908e-02 9.963501566182957347e-01 -3.835445815970708189e-02 1.175884905763624894e-01 5.850319933321595882e-03 3.801870000880875483e-02 9.992599022308049639e-01 -3.004049669113219995e-02
9.963715019780926552e-01 -8.505214508280745100e-02 -3.156368599007712897e-03 2.727121054054785887e+00 8.476320152961319687e-02 9.949686557464652026e-01 -5.340949118389108630e-02 1.561177030552947931e-01 7.683079614966286872e-03 5.294815104311982601e-02 9.985677060614093214e-01 -6.476559981786050857e-02
9.957510775852694840e-01 -9.195029444522841156e-02 -4.993479669568998656e-03 3.167911071642605325e+00 9.142026150832920084e-02 9.936077522881789914e-01 -6.622665912290547074e-02 1.799570757582250324e-01 1.105112091705210201e-02 6.548876196927692905e-02 9.977921100019823131e-01 -1.089639315354787030e-01
9.958396123971985370e-01 -9.109033748153699817e-02 2.452916243368056907e-03 3.603156723559421071e+00 9.099642602803301172e-02 9.926717528848424399e-01 -7.951378166493494604e-02 1.996344906004283715e-01 4.807996539308301287e-03 7.940618012493688704e-02 9.968307487869965122e-01 -7.962598910373597239e-02
9.966342677956346874e-01 -8.195951760941148911e-02 1.665451497871633978e-03 4.044641470570326192e+00 8.179073803801738263e-02 9.928046849828668918e-01 -8.745931995657652003e-02 2.078914462072650460e-01 5.514655624389496087e-03 8.730117381400420706e-02 9.961666997164889681e-01 -1.049519475966108201e-01
9.981160472088652647e-01 -6.134582417408004917e-02 1.022819902531324964e-03 4.471665455141454970e+00 6.117216321945767588e-02 9.937301694598131840e-01 -9.358587902254754398e-02 2.104585636660876169e-01 4.724695884624605449e-03 9.347213575057398971e-02 9.956106855026336522e-01 -1.254919177523125817e-01
9.991380428107387024e-01 -4.093300625546146543e-02 6.903651730564202248e-03 4.908480250045252902e+00 4.139260359339584638e-02 9.949685261339679121e-01 -9.123751624501662272e-02 1.868038186998922379e-01 -3.134290364111647596e-03 9.144463353138899964e-02 9.958052295615962279e-01 -1.568807727823425535e-01
9.997622277727771234e-01 -2.155466463047270298e-02 -3.299144052880649026e-03 5.364475431642360626e+00 2.120626287464417309e-02 9.963177118453585557e-01 -8.307413242472393156e-02 1.639358529523375907e-01 5.077630717696673436e-03 8.298441718718597981e-02 9.965379090483200697e-01 -1.417698544973479136e-01
9.999745752534291432e-01 -3.284689363976324265e-03 -6.329270298073651387e-03 5.817786470016411471e+00 2.837891320320392111e-03 9.975882076963438205e-01 -6.935210334265605459e-02 1.644048470148852525e-01 6.541805528900007487e-03 6.933237830176154637e-02 9.975721658604170816e-01 -9.830418952743501249e-02
9.998065444514718791e-01 1.290048051322625899e-02 -1.484760164251761917e-02 6.233139488017434893e+00 -1.363618020683151147e-02 9.986276890293745989e-01 -5.056474357907470019e-02 1.300681176326977384e-01 1.417491662669797918e-02 5.075742612050604397e-02 9.986104122390511151e-01 -1.788076988137471124e-01
9.993771512085998232e-01 2.905292490185171217e-02 -2.003090604118672527e-02 6.690182828639358981e+00 -2.960984662478435836e-02 9.991667291242034565e-01 -2.809100201305402694e-02 1.161224804984577336e-01 1.919808909866376270e-02 2.866661762203598363e-02 9.994046519849063559e-01 -2.089957037068374546e-01
9.992016212850185486e-01 3.829060284781057172e-02 -1.139955064647336057e-02 7.130575086044758315e+00 -3.833201636693529119e-02 9.992591481102307549e-01 -3.436777452922211255e-03 9.049784701608659665e-02 1.125950898730824525e-02 3.871001364911994501e-03 9.999291168906911942e-01 -1.569705390687688440e-01
9.992973166152778752e-01 3.134426088199231825e-02 -2.055262307508940595e-02 7.586344642445122410e+00 -3.106825486590692603e-02 9.994245479300444268e-01 1.361383613877193734e-02 6.107156365506589968e-02 2.096751165713619386e-02 -1.296573579045509454e-02 9.996960803915958538e-01 -2.395653361457427410e-01
9.995283765056103276e-01 3.152349554636785104e-04 -3.070708691787224845e-02 8.044673142818210110e+00 2.786107571438131312e-04 9.998130642470126617e-01 1.933284606685839804e-02 8.657058329884267933e-02 3.070744105432608381e-02 -1.933228356717571830e-02 9.993414410880664400e-01 -2.324898538986133190e-01
9.987641762680298241e-01 -3.523115690819191015e-02 -3.505546728478005358e-02 8.441871373753093266e+00 3.598335753836531814e-02 9.991303987298192357e-01 2.106286576557518317e-02 1.122209608320452329e-01 3.428291387717925798e-02 -2.229824918918149254e-02 9.991633849872537665e-01 -2.427922333267319432e-01
9.966172666705502836e-01 -6.950054791533542831e-02 -4.385997735509536422e-02 8.856338769682350787e+00 7.004293526115830393e-02 9.974838626687567711e-01 1.095129834393994417e-02 1.638591224196151441e-01 4.298849839343658885e-02 -1.398633457646996509e-02 9.989776631391678041e-01 -2.256317739010844092e-01
9.939194479950728134e-01 -1.022746498053332953e-01 -4.079248588117840441e-02 9.254435025805353376e+00 1.023769408688560700e-01 9.947455879221053232e-01 4.210556256356522663e-04 2.266692849350058492e-01 4.053508203401653270e-02 -4.594705289958053371e-03 9.991675514185766049e-01 -2.385927044986192735e-01
9.909086979253931560e-01 -1.278253697765103503e-01 -4.195982861381142293e-02 9.641195419954494028e+00 1.272874637691811806e-01 9.917484544530453805e-01 -1.526121414584120754e-02 3.061586564527030152e-01 4.356436551829280523e-02 9.781509673574528482e-03 9.990027367957979854e-01 -2.194647359786575380e-01
9.879165154283443551e-01 -1.513765334489992620e-01 -3.325813682216633566e-02 9.991047887182578080e+00 1.504100341603900048e-01 9.881722532769099399e-01 -2.987339079356320093e-02 3.455125186546515459e-01 3.738689834404871487e-02 2.451005864127317468e-02 9.990002386674454726e-01 -1.947103012578705328e-01
9.865779963868879232e-01 -1.602692734986909673e-01 -3.126686772664699632e-02 1.035010131905207587e+01 1.585163533843420569e-01 9.859745828515976696e-01 -5.221769508843156909e-02 4.060414508931492472e-01 3.919722891945594256e-02 4.656051914250760454e-02 9.981461292326970769e-01 -2.228388514760081263e-01
9.855185042683067831e-01 -1.671276337739223405e-01 -2.866411997408932835e-02 1.071546477388240959e+01 1.647130602084798945e-01 9.836858163987274306e-01 -7.233133769485305953e-02 4.682598489999477143e-01 4.028505357470643644e-02 6.656251681764213668e-02 9.969686784515269240e-01 -1.913207597708137808e-01
9.856694140915713831e-01 -1.669173422313042499e-01 -2.438046321988459816e-02 1.103951462555288821e+01 1.641575055855523935e-01 9.823959749914273898e-01 -8.916536143913833534e-02 5.048032297756150921e-01 3.883451408615575667e-02 8.388533353978211426e-02 9.957183996153790018e-01 -2.048563296407459877e-01
9.902654930371275199e-01 -1.381905006087276455e-01 -1.666249805533246559e-02 1.172319409306553695e+01 1.352108296112334018e-01 9.834523801009924515e-01 -1.205796319016402690e-01 5.561675117105374655e-01 3.304973306664864274e-02 1.171528984498560882e-01 9.925638082909435944e-01 -2.323970236144723145e-01
9.918467136335092915e-01 -1.272315284550751546e-01 -7.227366144924828040e-03 1.203509957008002118e+01 1.250096825953308788e-01 9.824071720756186732e-01 -1.387397834501711558e-01 5.530695084339432022e-01 2.475229104188208379e-02 1.367051075174997299e-01 9.903024980614796302e-01 -2.595396501421802782e-01
9.937906066380263193e-01 -1.112663185248498332e-01 1.911019366828952543e-04 1.234498121891323308e+01 1.099331027746664746e-01 9.816148108300065678e-01 -1.560354961971954224e-01 5.569177115336295669e-01 1.717390672963391152e-02 1.550876188517221199e-01 9.877514299693748168e-01 -2.221946211556767303e-01
9.967658300144416339e-01 -7.991921118035560934e-02 -8.414261698503715942e-03 1.267885674084167924e+01 7.743227346841868863e-02 9.831699882814012303e-01 -1.654721038974888148e-01 5.141688698902633359e-01 2.149704959135569429e-02 1.642854035727429884e-01 9.861785756300973649e-01 -2.127684685577961587e-01
9.996084716227711109e-01 -2.388107477897642023e-02 -1.458073137357866061e-02 1.300415211467502807e+01 2.093527063263586618e-02 9.840754401745466229e-01 -1.765141424611938736e-01 4.422461783333676566e-01 1.856388708018390926e-02 1.761397806081104467e-01 9.841901034778803847e-01 -2.301941835260574720e-01
9.961743683228748703e-01 8.337617371706372571e-02 -2.617329847045131441e-02 1.356982812399401794e+01 -8.672972462335733213e-02 9.799739536253876393e-01 -1.792456556867786377e-01 3.095098931289448352e-01 1.070433385493563781e-02 1.808299307972234260e-01 9.834561268122709032e-01 -3.230696371378496412e-01
9.917907454660176425e-01 1.259014096077984701e-01 -2.235961240116690618e-02 1.385475824287064128e+01 -1.278605062242967605e-01 9.741351272060698729e-01 -1.863127609458905265e-01 2.156994399450050670e-01 -1.675755360319252860e-03 1.876421834289489776e-01 9.822360219631476319e-01 -3.210484572673976134e-01
9.864383466684867319e-01 1.624789860496136662e-01 -2.323719678084823492e-02 1.412124378142006265e+01 -1.639144336210976716e-01 9.679155643425774169e-01 -1.904508302792737029e-01 1.074313807381542807e-01 -8.452613360209207394e-03 1.916769140916020631e-01 9.814216799784399869e-01 -3.498611230547099549e-01
9.784732075027822162e-01 2.047220517495378644e-01 -2.605885121560040998e-02 1.438640056349918162e+01 -2.057518374224362734e-01 9.579191346666762197e-01 -2.001427311613828697e-01 -2.038579452043734475e-02 -1.601135835925884474e-02 2.011959566365730256e-01 9.794201465339508195e-01 -3.438964323708675330e-01
9.238191732965316261e-01 3.773038728676187947e-01 -6.480680958671411473e-02 1.512025832090852262e+01 -3.825381465504402723e-01 9.031950588394555002e-01 -1.946875756738122576e-01 -5.450172286573300440e-01 -1.492318610306731658e-02 2.046471920332360861e-01 9.787220367956598333e-01 -4.372085821200874522e-01
8.998318441832922066e-01 4.300893100939129909e-01 -7.297833607747762630e-02 1.535105893526566057e+01 -4.358071050729442342e-01 8.788526070279202296e-01 -1.941398008862885438e-01 -7.513069924414762513e-01 -1.936025210670252669e-02 2.064976524398521029e-01 9.782555393020756496e-01 -4.471482961998289873e-01
8.712981086148605669e-01 4.837857332654625364e-01 -8.240734319807573038e-02 1.556645575847252694e+01 -4.902685712793297124e-01 8.506086136667022624e-01 -1.900045114510068023e-01 -9.243320809766190083e-01 -2.182507594239994908e-02 2.059523018681988227e-01 9.783186165126874778e-01 -4.728570635811514822e-01
8.409733605667315537e-01 5.338529587328264547e-01 -8.811824595000354587e-02 1.575950785678186250e+01 -5.402725982163203433e-01 8.196388132020335782e-01 -1.905196459931319530e-01 -1.166989225835945332e+00 -2.948434217825832149e-02 2.078298206345013666e-01 9.777205322694959566e-01 -4.899894150914628765e-01
8.004712589518384602e-01 5.905608248798878135e-01 -1.023898222932600049e-01 1.595697544829140746e+01 -5.986563875964080461e-01 7.794241876746085262e-01 -1.846847726744028362e-01 -1.423916056383046413e+00 -2.926248762627818578e-02 2.091311736326345316e-01 9.774496708439563974e-01 -4.917656460307484600e-01
6.977159731808642018e-01 7.064555198608571951e-01 -1.187982290541643726e-01 1.622282084850538908e+01 -7.157140941555028002e-01 6.803020404752126993e-01 -1.579318497087590922e-01 -1.859984725471885536e+00 -3.075314935819842971e-02 1.952171411105800003e-01 9.802777726854589035e-01 -5.013194371350755407e-01
5.704948195094261543e-01 8.123562156631023434e-01 -1.208844067133165306e-01 1.641469395177947987e+01 -8.202177238802730308e-01 5.559791711338717413e-01 -1.346478618395303417e-01 -2.390859227486180405e+00 -4.217281524360953771e-02 1.759674405644866824e-01 9.834922030782003999e-01 -5.264028051011306886e-01
5.055232882039351061e-01 8.546699190728080930e-01 -1.182604520351614730e-01 1.645889491313936404e+01 -8.619023899788919030e-01 4.939284223042332833e-01 -1.147126139041610704e-01 -2.652305146378123091e+00 -3.962922194738687648e-02 1.599188640283897567e-01 9.863343660725373274e-01 -5.437080630949906457e-01
4.378682744680184591e-01 8.918360757681776940e-01 -1.135772343950040564e-01 1.648591232434635501e+01 -8.981674434596121914e-01 4.283771396744967541e-01 -9.893568473266585450e-02 -2.929352518332316357e+00 -3.958052202314656792e-02 1.453321718089782000e-01 9.885908871285740140e-01 -5.290479892639612380e-01
3.802039333973927793e-01 9.190716647004723017e-01 -1.036930285692027887e-01 1.651564232154345291e+01 -9.243691609332885806e-01 3.737815764672793861e-01 -7.634780552919238905e-02 -3.209138492159912648e+00 -3.141056103667953098e-02 1.248783737816036438e-01 9.916747291410743514e-01 -5.487448765666619321e-01
2.569724932920754989e-01 9.636019729390111754e-01 -7.373178038878151763e-02 1.652348638659061564e+01 -9.661522847242248746e-01 2.543615057159209769e-01 -4.301147674853633696e-02 -3.795749658557147299e+00 -2.269141717510392287e-02 8.228889449965157143e-02 9.963501580411430192e-01 -5.032323771753922648e-01
2.023394621135733429e-01 9.770744143500158518e-01 -6.621428013777296007e-02 1.656045276559236612e+01 -9.789423661162708346e-01 1.999333979424737784e-01 -4.121262197256781584e-02 -4.032262833996572482e+00 -2.702935245741548351e-02 7.315890383097645167e-02 9.969539552536931248e-01 -6.118525191457405699e-01
1.518852378756011534e-01 9.871807165198918099e-01 -4.904189481194040634e-02 1.656344575931350249e+01 -9.881160841455911559e-01 1.504695997382623496e-01 -3.139273494601416831e-02 -4.302689061125380299e+00 -2.361098829476665842e-02 5.322717807549558894e-02 9.983032549009663859e-01 -6.229999030506273572e-01
8.920938320641003116e-02 9.955524580617132191e-01 -3.028182945618572430e-02 1.658398128373240965e+01 -9.952077505781167233e-01 8.787384507602469252e-02 -4.289196359226974536e-02 -4.803680020962783459e+00 -4.004021899512616445e-02 3.396307699305892852e-02 9.986206938893195106e-01 -7.202055475737009216e-01
6.859626353616510297e-02 9.974000384885568504e-01 -2.208428970791085494e-02 1.656167958105637084e+01 -9.968391079738183613e-01 6.763478462840366578e-02 -4.168127543912264477e-02 -5.080952017408944421e+00 -4.007923954916722820e-02 2.487366340721477997e-02 9.988868581705663274e-01 -7.093517365768728933e-01
4.409587472584586276e-02 9.988780123043311532e-01 -1.727050569934585403e-02 1.654107699497026118e+01 -9.977927544178540886e-01 4.317564178500576944e-02 -5.045278176359702105e-02 -5.352896740782021823e+00 -4.965050919572513988e-02 1.945714499615756876e-02 9.985771109159290448e-01 -6.319631062023545187e-01
1.920675259311532823e-02 9.997370227891917427e-01 -1.252940219764915770e-02 1.653229435457334162e+01 -9.992766401307606738e-01 1.878349852681571175e-02 -3.306624671884721145e-02 -5.603732470684702704e+00 -3.282220504179175768e-02 1.315543415082563207e-02 9.993746231561505544e-01 -7.830514498216756269e-01
-3.173047827367492246e-03 9.999637469355807662e-01 -7.901682228440211342e-03 1.649964000900647321e+01 -9.994339944323592517e-01 -3.435803834021866621e-03 -3.346469819067966062e-02 -5.907194187362842186e+00 -3.349063362291607865e-02 7.791024744417748490e-03 9.994086638572668990e-01 -7.039763453867906584e-01
-2.674718553988553182e-02 9.996412718872701442e-01 -1.384053935335662761e-03 1.647398405830903201e+01 -9.991120383302315444e-01 -2.677806160354756493e-02 -3.252799225846415843e-02 -6.188499800374354542e+00 -3.255338583473343927e-02 5.127927043150938557e-04 9.994698665364241119e-01 -7.700431102359877045e-01
-4.458848853307806337e-02 9.989764202006741201e-01 7.614366249524094979e-03 1.642604295596136055e+01 -9.984530597984551115e-01 -4.430911127146464068e-02 -3.358854026950046368e-02 -6.467779797183339063e+00 -3.321677391677990698e-02 -9.100249522912867012e-03 9.994067397157087029e-01 -8.441009901461352660e-01
-6.183081521895661403e-02 9.979780873059942436e-01 1.472031067704829971e-02 1.638218812589612128e+01 -9.971778445392278645e-01 -6.113855874580576000e-02 -4.357089618754080712e-02 -6.749792177695406181e+00 -4.258282106036478248e-02 -1.737279170298297593e-02 9.989418849257376554e-01 -8.940359479170169044e-01
-9.291460385509231479e-02 9.953191007894743869e-01 2.658503327220109597e-02 1.634145555010949025e+01 -9.937176407593062422e-01 -9.102596969441822949e-02 -6.511162173490911420e-02 -7.309635786269215174e+00 -6.238691236317365357e-02 -3.246783708262100665e-02 9.975237905538725247e-01 -9.239724180286477129e-01
-9.977938523176010932e-02 9.944414050595365984e-01 3.362091887480891939e-02 1.629464570368724807e+01 -9.922677549756845350e-01 -9.694090235038599346e-02 -7.750589582094755126e-02 -7.616047014444686347e+00 -7.381582972700805045e-02 -4.109444432897726290e-02 9.964248440936255280e-01 -9.646038017821076949e-01
-1.070464514392313049e-01 9.933346824322903945e-01 4.274653098683770663e-02 1.624606010988208382e+01 -9.915335317748197319e-01 -1.034765317024815001e-01 -7.844655985432182066e-02 -7.917120739867724133e+00 -7.350042585196780998e-02 -5.078204470052140318e-02 9.960014414324979137e-01 -9.922211871794854865e-01
-1.171717568853005709e-01 9.918018288929228987e-01 5.098932822724484837e-02 1.621045372768798032e+01 -9.901589599357767391e-01 -1.127130487490086708e-01 -8.295180950771754991e-02 -8.244671763156144806e+00 -7.652459374157495609e-02 -6.020714946214672514e-02 9.952482533048373492e-01 -9.496394272295205496e-01
-1.240574347280638534e-01 9.904881929912321414e-01 5.952220118289013734e-02 1.616487984688511759e+01 -9.894134734540942500e-01 -1.189245826922580296e-01 -8.317404750868709340e-02 -8.574917774875954635e+00 -7.530425908404653201e-02 -6.921042678987451846e-02 9.947558420976305715e-01 -9.690085596325931361e-01
-1.229703018688723670e-01 9.906556103461107154e-01 5.898954609126100951e-02 1.612959094797472304e+01 -9.904459262617925086e-01 -1.187717456337944455e-01 -7.007238821761910263e-02 -8.895064815043319584e+00 -6.241131315473081448e-02 -6.704277834991517748e-02 9.957962110097760000e-01 -1.120405605179869868e+00
-1.139719096797859876e-01 9.919134171955091839e-01 5.584063566499180425e-02 1.610355822925247438e+01 -9.910707413183311720e-01 -1.096000783908015475e-01 -7.593818880815789152e-02 -9.237106399933814771e+00 -6.920397031006238209e-02 -6.399684058028018430e-02 9.955476959388064317e-01 -1.087476146582546432e+00
-1.032253703645336085e-01 9.935825120309502712e-01 4.624191496220494968e-02 1.607515796845215661e+01 -9.920624934834472164e-01 -9.948833914607657647e-02 -7.690305193788496418e-02 -9.567600336525643456e+00 -7.180899620876650402e-02 -5.381321547930567606e-02 9.959656650222773466e-01 -1.119902219423142720e+00
-9.508854188516724371e-02 9.946389570077390774e-01 4.063882878122941633e-02 1.601746787383059001e+01 -9.929104056524981070e-01 -9.184012705416910727e-02 -7.546070109445114638e-02 -9.897386789749511138e+00 -7.132387783305690898e-02 -4.752616400711669187e-02 9.963203140484608866e-01 -1.154625816201216404e+00
-9.697105694071828097e-02 9.944628849522961778e-01 4.049919219140589444e-02 1.596507114505924463e+01 -9.934271854487469744e-01 -9.422313949067917527e-02 -6.499559366527377091e-02 -1.026675428073289176e+01 -6.081974455044468486e-02 -4.653568992586725600e-02 9.970633822560841519e-01 -1.224589154972962612e+00
-1.046236307627184114e-01 9.936834314742362118e-01 4.058489743258253402e-02 1.588911057847190911e+01 -9.924456076375893776e-01 -1.016900232191852993e-01 -6.863566899606733662e-02 -1.063618375155126472e+01 -6.407504792727446163e-02 -4.745921608358531774e-02 9.968159363903894565e-01 -1.253590043750857363e+00
-1.121357739168651335e-01 9.928437935892948651e-01 4.107030240068266363e-02 1.586232028380374715e+01 -9.915660492511249036e-01 -1.090974372393500591e-01 -6.996084019165248191e-02 -1.098836354490806677e+01 -6.497952124001504792e-02 -4.856903045175896272e-02 9.967039234900174627e-01 -1.303785799461794959e+00
-1.183579621322710107e-01 9.921118927917872421e-01 4.129630711085227612e-02 1.577170723141065878e+01 -9.908561653116142454e-01 -1.152908398486693908e-01 -7.008624623242366847e-02 -1.135973547389674643e+01 -6.477231247886236498e-02 -4.921396578296002161e-02 9.966857745087236431e-01 -1.320244052672150392e+00
-1.265989731010106478e-01 9.910825075578646448e-01 4.157118259787057762e-02 1.570612530736598167e+01 -9.899819416305073450e-01 -1.235950239709702192e-01 -6.826437793686072897e-02 -1.173507595827019401e+01 -6.251763955285630225e-02 -4.979692021030208970e-02 9.968007882632857752e-01 -1.381635691224859519e+00
-1.376802523659952371e-01 9.896463509179891371e-01 4.054933073608368160e-02 1.563341951704597044e+01 -9.882866372910528163e-01 -1.345396846428208448e-01 -7.203190826400203417e-02 -1.210052290035656597e+01 -6.583062099341882578e-02 -4.999173302575887767e-02 9.965777219909655038e-01 -1.394882169695941698e+00
-1.502359195867923880e-01 9.876773327674991387e-01 4.384808779399613360e-02 1.554771552995133099e+01 -9.864416245677524175e-01 -1.467899328990747154e-01 -7.338689882818838495e-02 -1.247490283161662816e+01 -6.604611862966998370e-02 -5.427892718877474348e-02 9.963391532390921679e-01 -1.517728678790778662e+00
-1.680675069927584087e-01 9.843709528551765064e-01 5.260361459282411611e-02 1.542412677368303697e+01 -9.832598995657693131e-01 -1.635899309758146458e-01 -8.023904529118641715e-02 -1.287182183928502432e+01 -7.037956378915639910e-02 -6.520860110690543388e-02 9.953866361080645486e-01 -1.483630977848710231e+00
-1.911790609418759779e-01 9.798480217936916814e-01 5.786554107905383243e-02 1.535747661780036566e+01 -9.793416692008182212e-01 -1.864592451916025073e-01 -7.824860924983348398e-02 -1.323286932870501786e+01 -6.588217986935285264e-02 -7.162963122596002763e-02 9.952531006262151925e-01 -1.592808229120058261e+00
-2.045628616710268854e-01 9.765841069970807586e-01 6.661469496796149081e-02 1.525754284348404255e+01 -9.757410635456907899e-01 -1.980170834442873673e-01 -9.337350574409329640e-02 -1.358437366363150467e+01 -7.799623411219555602e-02 -8.409944485507832301e-02 9.934001564522643157e-01 -1.552886012988462738e+00
-2.038928158257107270e-01 9.757181885498600327e-01 8.001085043694448895e-02 1.517536797443321817e+01 -9.764777289562578400e-01 -1.968335970238088706e-01 -8.802147428382683936e-02 -1.397237047183484115e+01 -7.013532994926587050e-02 -9.607575977138615997e-02 9.929000372027682042e-01 -1.665251518349675219e+00
-2.039494891912492225e-01 9.742929118734197091e-01 9.569706229473222414e-02 1.509829001986307340e+01 -9.768220720137285040e-01 -1.960361180181970919e-01 -8.595626829476807340e-02 -1.436603972061858059e+01 -6.498650233267762311e-02 -1.110097396878710896e-01 9.916922870573290361e-01 -1.635252905912784271e+00
-1.917844134772490605e-01 9.748913231245587285e-01 1.131620379969988932e-01 1.505687232985518520e+01 -9.797254046231390623e-01 -1.833662430478890659e-01 -8.071525535193714573e-02 -1.477339848405185485e+01 -5.793850432323446875e-02 -1.263476513709264892e-01 9.902925833862623595e-01 -1.827810201723527372e+00
-1.784220879771902801e-01 9.754728124907940945e-01 1.289121817872933007e-01 1.495943118744547640e+01 -9.812247265060447532e-01 -1.666420063478057934e-01 -9.710034919358408179e-02 -1.518133377742883461e+01 -7.323656610599604821e-02 -1.438166673639678927e-01 9.868906583676450017e-01 -1.833297084031653146e+00
-1.442669142897616830e-01 9.752314429259517636e-01 1.676624292138123862e-01 1.484310269978969288e+01 -9.857722771114633131e-01 -1.268705620066195028e-01 -1.102582340444694803e-01 -1.600505739246485959e+01 -8.625587005990384415e-02 -1.811835898327733285e-01 9.796593446987162945e-01 -1.822015209014851145e+00
-1.211840273947417668e-01 9.760467197632798353e-01 1.806854513892355574e-01 1.477327410677078490e+01 -9.896716027659249182e-01 -1.047611380112154489e-01 -9.785306659129362761e-02 -1.644679810708229795e+01 -7.658035115560349326e-02 -1.906774889753282132e-01 9.786610981412043886e-01 -1.911841812597733448e+00
-1.006953803477947940e-01 9.754871342967272874e-01 1.956662750659180494e-01 1.474510012292594396e+01 -9.917443365391567234e-01 -8.271988201531299545e-02 -9.798261101787691940e-02 -1.690586797453359935e+01 -7.939528524491118455e-02 -2.039173164322521936e-01 9.757633507874478029e-01 -1.999257442627567327e+00
-7.011448176240797636e-02 9.748949332375406174e-01 2.113381853687604228e-01 1.469601416502866620e+01 -9.933927508385854699e-01 -4.894189003530735604e-02 -1.038052695248181112e-01 -1.733942393992330366e+01 -9.085594107452316104e-02 -2.172200739976474781e-01 9.718850947637376336e-01 -1.997967534717643323e+00
-3.657203080095938752e-02 9.764058358159616313e-01 2.128241770749453310e-01 1.473024160183826048e+01 -9.954775209351992560e-01 -1.691080446409198856e-02 -9.348010486241314920e-02 -1.779500208269319828e+01 -8.767549187660260424e-02 -2.152804414639454267e-01 9.726085233264638585e-01 -2.082313074118131269e+00
4.315524775069246033e-04 9.750018263261923668e-01 2.221964275659027432e-01 1.470460540701052388e+01 -9.959761063046246310e-01 2.033190371789928008e-02 -8.728235423890637334e-02 -1.824571518072426102e+01 -8.961813116071454255e-02 -2.212646658456708104e-01 9.710872969076800310e-01 -2.096760914009488275e+00
3.890306730528958479e-02 9.726103648223453080e-01 2.291628887808523640e-01 1.469304702388400230e+01 -9.960748138500826743e-01 5.599402627322613846e-02 -6.855387833840900780e-02 -1.870512582989419315e+01 -7.950796543595020638e-02 -2.255964256406967905e-01 9.709710274618791326e-01 -2.148460310016385932e+00
7.436966773036868261e-02 9.682476318587225350e-01 2.386748330294816145e-01 1.475076311248351502e+01 -9.940855958908536572e-01 9.097401863595599991e-02 -5.930898730843037203e-02 -1.916529799422195879e+01 -7.913899521728455511e-02 -2.328524239367095183e-01 9.692867316242379516e-01 -2.176262042342666625e+00
1.090318394548791536e-01 9.630329953193462744e-01 2.463321089735027725e-01 1.482943280445859280e+01 -9.912854932890712290e-01 1.237680450516275288e-01 -4.510589560956959621e-02 -1.961028931371566841e+01 -7.392650931654048962e-02 -2.392674673881647618e-01 9.681352954365030072e-01 -2.257593022142533101e+00
1.459421886325138473e-01 9.556197224466267404e-01 2.559137035177758701e-01 1.497282797310547942e+01 -9.869829553153872670e-01 1.583134924877677152e-01 -2.831049298811476322e-02 -2.006888356728535427e+01 -6.756865763100768085e-02 -2.484507680957292464e-01 9.662849954017633802e-01 -2.309655642499769179e+00
1.812411484721141441e-01 9.455370884243564644e-01 2.703909401487040176e-01 1.511911197583071598e+01 -9.804917554353987930e-01 1.950028910446837127e-01 -2.469392652911830965e-02 -2.051672851719386870e+01 -7.607603843339481864e-02 -2.606405319558072753e-01 9.624338675867939452e-01 -2.324170488566310144e+00
2.206489785783718460e-01 9.338275978932792931e-01 2.815671246171849718e-01 1.524228993380909003e+01 -9.719635995840596454e-01 2.345673888748278646e-01 -1.627578446784019861e-02 -2.096374398798824856e+01 -8.124524192787831167e-02 -2.700817607490618721e-01 9.594034882023136923e-01 -2.425453842025831364e+00
2.612367222048791460e-01 9.205943631239146274e-01 2.902781313776923167e-01 1.541403986097646239e+01 -9.615110187199960023e-01 2.747033394930368244e-01 -5.885248627620520701e-03 -2.138984334910157514e+01 -8.515829878342075221e-02 -2.775681787522614186e-01 9.569242239030560926e-01 -2.440092397059566487e+00
3.089450349676706731e-01 9.036411732814518816e-01 2.966236594058975218e-01 1.557985778943492150e+01 -9.468399723706232285e-01 3.216430546901591914e-01 6.309682304282471232e-03 -2.182481754076139424e+01 -8.970525118421124322e-02 -2.828044824964845438e-01 9.549736083211268767e-01 -2.464085170668952607e+00
3.671330335464705330e-01 8.836431683249990066e-01 2.904962766569026411e-01 1.575620511462995665e+01 -9.264651864566886275e-01 3.752213886997942671e-01 2.951555091762866900e-02 -2.227684737683295779e+01 -8.291920141161145119e-02 -2.799708208630954376e-01 9.564207993882740677e-01 -2.516679094035170650e+00
4.192261768830225499e-01 8.614916086980305421e-01 2.864989018459304648e-01 1.607332928751502976e+01 -9.035094335784864539e-01 4.268226227514771987e-01 3.864132686946500361e-02 -2.269253900797561130e+01 -8.899503385429623215e-02 -2.750539162608480748e-01 9.573010117506630667e-01 -2.569783511174081880e+00
4.758303818162682441e-01 8.336701898262335320e-01 2.803202852732500361e-01 1.632673398782256413e+01 -8.739236508919032698e-01 4.840886013750617112e-01 4.376846388101397756e-02 -2.311007021981284382e+01 -9.921139124289839184e-02 -2.658048920050729014e-01 9.589081599578866966e-01 -2.643360030085840418e+00
5.267193042281328452e-01 8.076734159485373654e-01 2.650102407897719781e-01 1.666028659660261368e+01 -8.443956791944210449e-01 5.330103175773219792e-01 5.381392304892070044e-02 -2.348767054866998905e+01 -9.778911755008541651e-02 -2.521183343712702918e-01 9.627427662478861281e-01 -2.677511478091407326e+00
5.724600599654465771e-01 7.798718836566341794e-01 2.531586949449117219e-01 1.703746142094337301e+01 -8.143674145182543400e-01 5.767070670848828406e-01 6.492051251497166220e-02 -2.384092122883323839e+01 -9.536872608571157761e-02 -2.433285923524113326e-01 9.652440117548425347e-01 -2.751465260548388247e+00
6.347974208718036859e-01 7.357331851997251926e-01 2.360697241290660164e-01 1.761286173561770241e+01 -7.670882602267324879e-01 6.367566571622902405e-01 7.820844316204385305e-02 -2.459841015986785706e+01 -9.277842139652597853e-02 -2.307328319840343811e-01 9.685837727155024446e-01 -2.859130868086258825e+00
6.638435997529760213e-01 7.114816503774600287e-01 2.304463847474640947e-01 1.800851371984916227e+01 -7.416324956497525323e-01 6.659923684467613514e-01 8.022098582660999733e-02 -2.496273723632657138e+01 -9.639977418713391311e-02 -2.241607154405940994e-01 9.697726832561487376e-01 -2.911484087938650323e+00
6.923490489222633437e-01 6.875149271824310127e-01 2.190342880869889375e-01 1.838431085544974053e+01 -7.152698536644483962e-01 6.939294751137260464e-01 8.277028456654832167e-02 -2.531668566166365864e+01 -9.508854239747333015e-02 -2.139745509861519790e-01 9.722001134720148485e-01 -3.014408482671400602e+00
7.166308431040611104e-01 6.625656345896530075e-01 2.178233563527403882e-01 1.870480846212010562e+01 -6.892751588764461923e-01 7.204873582388185982e-01 7.614277361574198211e-02 -2.563912323501710944e+01 -1.064893894611683434e-01 -2.047064886095667224e-01 9.730134960283587375e-01 -3.026461104187005979e+00
7.443991024441425353e-01 6.351044711917976926e-01 2.061850793644922908e-01 1.909217453230975536e+01 -6.595704184155934957e-01 7.475044535972383830e-01 7.876518903280232964e-02 -2.595391572272357195e+01 -1.041001413612581417e-01 -1.946263150873517866e-01 9.753377661323716641e-01 -3.116913843690843233e+00
7.769192252720901193e-01 5.997251959774475560e-01 1.916408273631368120e-01 1.949922837226949923e+01 -6.212597395737887718e-01 7.796309489110220259e-01 7.881573120137647104e-02 -2.624048341308838417e+01 -1.021413402463643982e-01 -1.802921873235544536e-01 9.782953918948840144e-01 -3.177122012999339606e+00
8.382083504755422076e-01 5.230674085163504738e-01 1.542959731848504989e-01 2.039184428507920188e+01 -5.376573518148015651e-01 8.399733201213021028e-01 7.327614566754560299e-02 -2.681866212808311190e+01 -9.127613725703660752e-02 -1.443790415274532890e-01 9.853036887858730442e-01 -3.320013258268892820e+00
8.764911705272231401e-01 4.723652456624883311e-01 9.292094854248603153e-02 2.171542156622672337e+01 -4.749199499296851701e-01 8.800069836172403903e-01 6.224945274555932634e-03 -2.753298230448068296e+01 -7.883063583787477957e-02 -4.958612179937975373e-02 9.956540299613583223e-01 -3.474601137245756366e+00
8.754946448694328476e-01 4.762323907403584466e-01 8.192580066540830486e-02 2.211884472663894385e+01 -4.766821166578383839e-01 8.789435831327009341e-01 -1.524261553841159064e-02 -2.782980139892071136e+01 -7.926718402686327991e-02 -2.570773579239201204e-02 9.965218642141676630e-01 -3.546931435675705568e+00
8.699545177004713858e-01 4.870400432404503044e-01 7.727310924817593074e-02 2.254858848156183626e+01 -4.861048887069797098e-01 8.733231545058646184e-01 -3.176011616950547706e-02 -2.812858205530288913e+01 -8.295284387961099348e-02 -9.932979626773771539e-03 9.965039696900453992e-01 -3.609508596001029357e+00
8.685156108455618362e-01 4.890052168918577191e-01 8.096006157425862659e-02 2.293305684117186161e+01 -4.877115664676455742e-01 8.722453928286963976e-01 -3.640607947566637526e-02 -2.837348930730761154e+01 -8.841980350145510481e-02 -7.865910097398256390e-03 9.960522405010209246e-01 -3.702798622768900927e+00
8.685908194774526470e-01 4.862736098573073318e-01 9.533081703117071704e-02 2.336634428665573537e+01 -4.850909462778513759e-01 8.736896898251338417e-01 -3.678450397273387573e-02 -2.863726706934298605e+01 -1.011768854963719100e-01 -1.429343379334277117e-02 9.947657692098423876e-01 -3.698545535524258909e+00
8.694312589282250370e-01 4.881642025684784225e-01 7.605916992160234591e-02 2.381477504259991207e+01 -4.865562877403146191e-01 8.727481720326462078e-01 -3.966871656656864586e-02 -2.887673011663635236e+01 -8.574534890503283935e-02 -2.517845181125917542e-03 9.963139041470805424e-01 -3.842388848113814426e+00
8.725312217693725891e-01 4.810496702503302968e-01 8.532573931525321009e-02 2.478336731441778795e+01 -4.809390488767162353e-01 8.764468488068086760e-01 -2.320673355245334718e-02 -2.943943482097295217e+01 -8.594706686795987316e-02 -2.078788033118210421e-02 9.960828106779731073e-01 -3.865823728115505009e+00
8.754388404298066861e-01 4.769518970695216797e-01 7.825423022878681689e-02 2.524211437098633581e+01 -4.761112579559086955e-01 8.788636430009955092e-01 -3.027816141480297804e-02 -2.970820837240916745e+01 -8.321602438567766991e-02 -1.075104147527735157e-02 9.964735362229341087e-01 -3.990247828004275465e+00
8.816548114136604219e-01 4.669574051427010652e-01 6.808505925339429499e-02 2.568114911136687795e+01 -4.654283194901523424e-01 8.842783031975128827e-01 -3.779367553837828519e-02 -2.995263271249940473e+01 -7.785417732989992345e-02 1.632261168723222328e-03 9.969634209918444290e-01 -4.029569657302032759e+00
8.838907652284553329e-01 4.629924848752814404e-01 6.614434286367994187e-02 2.620160902188702678e+01 -4.611985218280049148e-01 8.863428680546076022e-01 -4.113688992128309435e-02 -3.024048273132429543e+01 -7.767263744407716664e-02 5.854843955627721253e-03 9.969617255415256230e-01 -4.129791543747538540e+00
8.878594000048383172e-01 4.559825545557822379e-01 6.152719531907510642e-02 2.672708614807338279e+01 -4.535553132974287638e-01 8.898407279199647135e-01 -4.970972454700009480e-02 -3.052536389183567778e+01 -7.741617145480500506e-02 1.622925986145010158e-02 9.968667651805981356e-01 -4.197832934419332140e+00
8.876812103982475444e-01 4.559285519015619514e-01 6.442999508650398832e-02 2.726548185791083512e+01 -4.528942137221786957e-01 8.897677341613323687e-01 -5.657040235297908920e-02 -3.075520744781697502e+01 -8.311979236542690885e-02 2.103651126858228221e-02 9.963175022605871289e-01 -4.233987173658597669e+00
8.860512531026975003e-01 4.597559247198773069e-01 5.947828645909297024e-02 2.773019185351026650e+01 -4.564130916472734500e-01 8.876138451802810803e-01 -6.187690697872344492e-02 -3.103430401858115317e+01 -8.124202513549858007e-02 2.767944235794017604e-02 9.963099827978421086e-01 -4.296418204480047187e+00
8.866631247289230577e-01 4.598754947062244636e-01 4.840488213649044719e-02 2.820450702655684694e+01 -4.573592636931573807e-01 8.875874394507741183e-01 -5.487295548146908092e-02 -3.130026076753611264e+01 -6.819829294047730084e-02 2.651540491721113973e-02 9.973193701829324853e-01 -4.369309286817612659e+00
8.843653651910000635e-01 4.637292599997319131e-01 5.341417668269541480e-02 2.910382029978205765e+01 -4.602491762828014865e-01 8.853321698827485431e-01 -6.601245868551534890e-02 -3.180337734482757739e+01 -7.790119756198815582e-02 3.379530131253700997e-02 9.963881176668070161e-01 -4.438518664122454993e+00
8.829077863908090240e-01 4.677766901768328767e-01 4.072847723263026132e-02 2.982943146421953884e+01 -4.649074586070816029e-01 8.830528439973047705e-01 -6.386493278612689894e-02 -3.218775926269300669e+01 -6.583992452901396564e-02 3.745187359103858971e-02 9.971271039855122975e-01 -4.552933289493782176e+00
8.806468216153500173e-01 4.722960914177469216e-01 3.738418930913246785e-02 3.032928447806915173e+01 -4.694218109741094547e-01 8.805076527388576713e-01 -6.595026042476807848e-02 -3.248631898300404686e+01 -6.406511500472980569e-02 4.052993338048470340e-02 9.971223523417797052e-01 -4.655271277550887099e+00
8.783163633275679061e-01 4.768358608050030645e-01 3.446632793593682603e-02 3.081112273382169064e+01 -4.733236286314740360e-01 8.774595608697250970e-01 -7.764960796709573232e-02 -3.278176667693835356e+01 -6.726892663162017949e-02 5.188719387923089454e-02 9.963847703679381551e-01 -4.677607840601496925e+00
8.718469139780327115e-01 4.895126890108266737e-01 1.613337795908123540e-02 3.123352534940815417e+01 -4.873349198838913265e-01 8.703127245368333931e-01 -7.113675119820341008e-02 -3.303138022603484103e+01 -4.886342649407718342e-02 5.415799854743137687e-02 9.973360901644913179e-01 -4.729648150512334226e+00
8.679333221379836871e-01 4.960463604457963638e-01 2.509495190276642140e-02 3.172363518844230157e+01 -4.941155768899296308e-01 8.674763687485369523e-01 -5.774553088841127835e-02 -3.331336183740671686e+01 -5.041373817973772431e-02 3.771946382613988735e-02 9.980158801599368079e-01 -4.771838683244510548e+00
8.658197424061147007e-01 4.998503681732318626e-01 2.248962198201055057e-02 3.225628089419571154e+01 -4.980681582294455567e-01 8.652831093974233667e-01 -5.668553915642512986e-02 -3.363200370091167457e+01 -4.779417765520398848e-02 3.787809431071127719e-02 9.981387511531909507e-01 -4.863678645779204501e+00
8.636368499246920294e-01 5.037815733644686045e-01 1.831714471678270312e-02 3.278448766918313595e+01 -5.027277787140218557e-01 8.633856888538850027e-01 -4.277771372535021932e-02 -3.397008046194486752e+01 -3.736538453462748960e-02 2.773587245289027559e-02 9.989166879264037568e-01 -4.925242948440709867e+00
8.611813977619456884e-01 5.076164365492064068e-01 2.630881019481825372e-02 3.333082657392638737e+01 -5.066768717155183399e-01 8.614147720290683541e-01 -3.525816499315437280e-02 -3.429217558587400561e+01 -4.056042180941438896e-02 1.703361016325813729e-02 9.990318855309116008e-01 -4.939397931205554038e+00
8.614914920159137957e-01 5.057983074638963128e-01 4.472674089236355899e-02 3.388145130500622315e+01 -5.054720888058279460e-01 8.626301893046226521e-01 -1.916047855728407120e-02 -3.459227269770707380e+01 -4.827397458743094838e-02 -6.101529884286470938e-03 9.988154958302375430e-01 -4.935220094235342359e+00
