1.000000000000000000e+00 0.000000000000000000e+00 0.000000000000000000e+00 0.000000000000000000e+00 0.000000000000000000e+00 1.000000000000000000e+00 0.000000000000000000e+00 0.000000000000000000e+00 0.000000000000000000e+00 0.000000000000000000e+00 1.000000000000000000e+00 0.000000000000000000e+00
9.995760194178208158e-01 -2.906355753727108554e-02 -1.758131992219424261e-03 1.730490647490498801e-01 2.905689244694825007e-02 9.995708941310554874e-01 -3.704673719599687904e-03 2.625108744356905235e-02 1.865048565269585273e-03 3.652017157673809796e-03 9.999915921469185731e-01 2.701204221486521589e-02
9.980235169624696034e-01 -6.246569357512099518e-02 -6.862704717697663305e-03 3.185677700582879024e-01 6.242520712906678149e-02 9.980318283606163243e-01 -5.963480029180919136e-03 7.275836094228500806e-02 7.221710653046995061e-03 5.523287548590691091e-03 9.999586692408337640e-01 1.752455028685390159e-02
9.960495809405808254e-01 -8.850500751522125120e-02 -7.217752615875274412e-03 4.781767744874007575e-01 8.841594880707820403e-02 9.960132198515438962e-01 -1.184423393488174582e-02 9.164419497140756377e-02 8.237251036448582989e-03 1.115927980161378515e-02 9.999038044580447204e-01 3.815826802791970514e-03
9.891243932722058041e-01 -1.464630630268690392e-01 -1.347240894117411429e-02 7.644896030821138888e-01 1.462097503294633449e-01 9.890864484655620403e-01 -1.818533393636721437e-02 2.010195625537752329e-01 1.598885682238839964e-02 1.601775984863617816e-02 9.997438611099067618e-01 2.495212192484558278e-02
9.842339986429149423e-01 -1.756962890449010883e-01 -2.035313074760311883e-02 9.047317866479681614e-01 1.752585720382084933e-01 9.842852541866804472e-01 -2.160951914758544104e-02 2.635786678792202409e-01 2.382999879367477328e-02 1.770176280804677468e-02 9.995592922638362188e-01 2.881121636547855080e-02
9.783839379808560999e-01 -2.050487786652487043e-01 -2.683036095474906207e-02 1.040089962499465726e+00 2.044250074979468146e-01 9.785816331991944450e-01 -2.425702938658319541e-02 3.201846152766451570e-01 3.122957269218816501e-02 1.824789119561542189e-02 9.993456500412538634e-01 3.326004929530540499e-02
9.647320025847039293e-01 -2.609531234478548178e-01 -3.457789108253168237e-02 1.297896450178999350e+00 2.600884362645637937e-01 9.651906539437489219e-01 -2.758635280518872274e-02 4.496651645470877701e-01 4.057300223499297337e-02 1.762012776477581144e-02 9.990212022710990292e-01 2.221954101589356662e-02
9.559553308322870091e-01 -2.914972440182099778e-01 -3.433310622592729289e-02 1.415327059660107301e+00 2.905745307308854608e-01 9.563988313361694305e-01 -2.945704515620936950e-02 5.094261211191233318e-01 4.142279015057241665e-02 1.818329311751328350e-02 9.989762361075182895e-01 2.486919518543220450e-02
9.442849365007954798e-01 -3.271290117575887391e-01 -3.622938536867491982e-02 1.535275373435072588e+00 3.260650936035773273e-01 9.447943420190433317e-01 -3.232964617952604341e-02 5.993664343810097828e-01 4.480528351633242951e-02 1.871525995828987599e-02 9.988204170989470887e-01 2.833001177207304655e-02
9.303635852785346882e-01 -3.646025553329210744e-01 -3.858206620147343335e-02 1.645693689009362748e+00 3.632778005613124250e-01 9.309329064793436803e-01 -3.732510218682499881e-02 6.777303613996186193e-01 4.952614266229490858e-02 2.070990774063996565e-02 9.985580909062667931e-01 2.383758940234280768e-02
9.166474151486601052e-01 -3.980984636449276803e-01 -3.570895608706884522e-02 1.739056190426894188e+00 3.965295909133366714e-01 9.169720605975697492e-01 -4.389218169046399387e-02 7.641624839935071689e-01 5.021752514194539191e-02 2.607399714265145121e-02 9.983978900426537795e-01 2.485637003437698306e-02
9.016232678039790560e-01 -4.315232644881092372e-01 -2.937950237835283696e-02 1.840293317064252809e+00 4.298379125015404090e-01 9.015140618309078757e-01 -5.011751487709845826e-02 8.644476460565566622e-01 4.811290815147659106e-02 3.255869356505882578e-02 9.983111136026404653e-01 2.091523241137631037e-02
8.861616306787484243e-01 -4.628697328250338527e-01 -2.166044199141031051e-02 1.939560648487715255e+00 4.610808674639236271e-01 8.854550033230376149e-01 -5.808503033411559907e-02 9.534805532979284681e-01 4.606514920736875379e-02 4.148550981585297920e-02 9.980766275711607793e-01 2.758107378113188249e-02
8.738464883781147385e-01 -4.859447226298772016e-01 -1.581269418566001034e-02 2.040120237791299029e+00 4.842009920868836081e-01 8.727374302825015029e-01 -6.227982856409922108e-02 1.028933958848250674e+00 4.406488410645346271e-02 4.676648727526602767e-02 9.979334555252755701e-01 3.507430361336509594e-02
8.689356378252193203e-01 -4.946836863532893536e-01 -1.545664171803475505e-02 2.165379375011776908e+00 4.928319604763226613e-01 8.677078650443592611e-01 -6.480524417996201547e-02 1.106652719753361769e+00 4.546994667188016676e-02 4.869405914565519411e-02 9.977782181194254640e-01 -6.567285304093291309e-03
8.707717368179115347e-01 -4.915564529633370539e-01 -1.135059069917994032e-02 2.286062745821804576e+00 4.901697547419870959e-01 8.696649511274279210e-01 -5.845069988211174655e-02 1.159691288514182128e+00 3.860302961294515001e-02 4.533350119537523509e-02 9.982257659337746558e-01 -2.155185998168112488e-02
8.761888960188601860e-01 -4.819275130565927046e-01 -6.236237033565331447e-03 2.416201593643763079e+00 4.809979901370683986e-01 8.751729715792373465e-01 -5.208841811063257693e-02 1.198465239324396858e+00 3.056062789524699452e-02 4.263967608056067754e-02 9.986230049655341334e-01 9.878584101430568087e-03
8.814444318750657148e-01 -4.722037878175483483e-01 -8.904846276186571125e-03 2.540063136278925437e+00 4.712856340450137793e-01 8.806454109465252644e-01 -4.851300157292999515e-02 1.274134250538538016e+00 3.075003510944417442e-02 3.856478898665947896e-02 9.987828554751940757e-01 -8.769161328282037982e-03
8.830710882475687473e-01 -4.691572812610979581e-01 -8.769181315810420374e-03 2.655814716712788570e+00 4.684361604960882164e-01 8.824987059829227931e-01 -4.199520779981756602e-02 1.322741759429649555e+00 2.744114868108958605e-02 3.297695222669541626e-02 9.990793281721429553e-01 2.259871134847244584e-02
8.840797931939943233e-01 -4.672018611106265595e-01 -1.119554557987935059e-02 2.792238008724643450e+00 4.664680717191714843e-01 8.836440063156861813e-01 -3.975937837745391334e-02 1.362977942136887499e+00 2.846853232364253070e-02 2.992809845497081123e-02 9.991465616165664532e-01 2.483795701027985414e-02
8.793124158361445009e-01 -4.760087004845522940e-01 -1.501307494856028713e-02 2.898967965576339179e+00 4.753275613947591238e-01 8.791377957697497081e-01 -3.435761091253750760e-02 1.418409749416525312e+00 2.955308334023418887e-02 2.307494554952572996e-02 9.992968338551722063e-01 1.563228987787545349e-02
8.776994796023861456e-01 -4.789737833496432451e-01 -1.509100292988015124e-02 3.012824457042694082e+00 4.782847613096434802e-01 8.775252089954163059e-01 -3.454265010864445568e-02 1.494814457190335677e+00 2.978775930945391781e-02 2.310026929020368713e-02 9.992892809162130519e-01 1.825027209886189578e-02
8.705972176230660775e-01 -4.917045858221554266e-01 -1.694358133448574041e-02 3.130157701771221213e+00 4.910394100170930032e-01 8.705353114079590338e-01 -3.238162136016363435e-02 1.566768353144660564e+00 3.067217757253174262e-02 1.987138327621959868e-02 9.993319496792087975e-01 2.494163921291009389e-02
8.442405800954723150e-01 -5.353921194093981262e-01 -2.476128822119775391e-02 3.359734109962054571e+00 5.342447772913728743e-01 8.443311773297865752e-01 -4.107774246216395336e-02 1.769292465489783917e+00 4.289942723337746705e-02 2.145090821408842524e-02 9.988490865390221574e-01 4.268532714013480167e-02
8.264683809700548167e-01 -5.624457850939205139e-01 -2.459174834816787308e-02 3.450619627183197924e+00 5.611830523674185001e-01 8.265297844036039177e-01 -4.384172931487938241e-02 1.887989655974620540e+00 4.498440832470135958e-02 2.243333064471948746e-02 9.987357752097705266e-01 3.111671093696797077e-02
8.137029134335753700e-01 -5.809778700485292990e-01 -1.876920838995578891e-02 3.557705612040370724e+00 5.795532113821042497e-01 8.133489975064258637e-01 -5.080830081770205953e-02 2.006393261517758209e+00 4.478441521781323376e-02 3.046510740447486154e-02 9.985320392378165266e-01 9.692855368339140659e-03
8.000309179093778589e-01 -5.997784146492706192e-01 -1.470998673983137800e-02 3.680439322759566423e+00 5.982945591036248345e-01 7.993968284232946253e-01 -5.484825661565720378e-02 2.105274148124500755e+00 4.465591714518515887e-02 3.507939605502577440e-02 9.983863405697901428e-01 2.577383539892589420e-02
7.885718550592365483e-01 -6.146881812093984987e-01 -1.768811154182624995e-02 3.809668478140208148e+00 6.128410977822891237e-01 7.879277630038146185e-01 -5.996356524426647849e-02 2.218865019568068142e+00 5.079584901774237410e-02 3.644557818564840568e-02 9.980438374907589782e-01 4.854211033499561401e-02
7.867848653847318019e-01 -6.170648567512632132e-01 -1.416114981463209577e-02 3.938062350956602398e+00 6.149899637065890934e-01 7.856782557506062359e-01 -6.705984626326905174e-02 2.334406033442858686e+00 5.250638191398901422e-02 4.405270710442279330e-02 9.976484545445225560e-01 2.535514602430406772e-02
7.817199887943810932e-01 -6.235081649465610276e-01 -1.230558264710649580e-02 4.082336413112907181e+00 6.213821517330841981e-01 7.804248836851325200e-01 -6.943502309792838612e-02 2.424932729377954566e+00 5.289688674085727543e-02 4.663227605446184504e-02 9.975105764868387181e-01 4.087011538085975199e-02
7.762356633138718376e-01 -6.303578609059725668e-01 -1.035191739340630274e-02 4.221984982591854951e+00 6.282099360055199977e-01 7.747628520417428888e-01 -7.137786351583449984e-02 2.519286695300139378e+00 5.301387840569588700e-02 4.890286586889461273e-02 9.973956278258868657e-01 4.009394922519481791e-02
7.746798900356001161e-01 -6.321995581982022827e-01 -1.395659659187880458e-02 4.361699707086856392e+00 6.301559617208634112e-01 7.736380393065834804e-01 -6.623932401163949713e-02 2.634391072718582638e+00 5.267382539824012194e-02 4.251943969366386855e-02 9.977061518132743778e-01 6.667944787401941520e-02
7.731791998559613965e-01 -6.337597247828405944e-01 -2.329240548490995460e-02 4.481638392688393147e+00 6.319447333218688456e-01 7.730111244168417217e-01 -5.567455033102698680e-02 2.750661573860461395e+00 5.328957624946332322e-02 2.832689130469763505e-02 9.981772429244039069e-01 5.649603205600294692e-02
7.791461631603779914e-01 -6.263357291928873805e-01 -2.519545135288696336e-02 4.594829194880377443e+00 6.251381636352674187e-01 7.793618538314445177e-01 -4.239548512683536524e-02 2.870921207916415696e+00 4.619018076590859778e-02 1.728164138119117621e-02 9.987831656931270841e-01 3.997228522149386121e-02
7.790025559016420242e-01 -6.263123081337915732e-01 -2.979782842476192545e-02 4.741787562929110855e+00 6.254620714589729236e-01 7.795368730630359844e-01 -3.345834277657499384e-02 2.959279365705052456e+00 4.418387788503602004e-02 7.426723047654503265e-03 9.989958101612907981e-01 3.390010937903944338e-02
7.651215828861376300e-01 -6.430577820256655475e-01 -3.264433148408747709e-02 4.858257568392873260e+00 6.424625030494022226e-01 7.658176359919491860e-01 -2.766370508806303280e-02 3.086875836972642340e+00 4.278896560222336665e-02 1.933389098328457123e-04 9.990841140978860002e-01 5.099350139148839389e-02
7.442086585787334174e-01 -6.672545157439696561e-01 -3.041190088966587435e-02 4.943539322295023020e+00 6.665363667649849555e-01 7.448242947719112550e-01 -3.108121132225621225e-02 3.262755568449104526e+00 4.339060124238669491e-02 2.860268659723738324e-03 9.990540899205699876e-01 8.623313171293750523e-03
7.084598901907432911e-01 -7.051945646432153936e-01 -2.802159860868127725e-02 5.031357588155719540e+00 7.044802413900577154e-01 7.090081929724437737e-01 -3.185862189354580348e-02 3.418436857395503292e+00 4.233406999009209359e-02 2.829893216350779298e-03 9.990995036644038096e-01 4.363530334664050131e-02
6.678758981179999665e-01 -7.438897757994451521e-01 -2.387019426243346468e-02 5.107642742029565142e+00 7.429550808044447230e-01 6.682581138504151141e-01 -3.806364643523756086e-02 3.561894042186152909e+00 4.426660840787501050e-02 7.687309941516250189e-03 9.989901764511636140e-01 4.729970708711681709e-02
6.332282720755681993e-01 -7.737493343457114703e-01 -1.827356133211797268e-02 5.197480946364930965e+00 7.724531901246479704e-01 6.332901654414186954e-01 -4.753562265748711990e-02 3.749925650726058990e+00 4.835312306816048206e-02 1.598542945150385752e-02 9.987023788570879024e-01 2.157143625453725871e-02
5.991795558721829673e-01 -8.005424090757935485e-01 -1.075690921864971492e-02 5.275494893068136903e+00 7.993022934915621214e-01 5.989123610240945084e-01 -4.919174149868425772e-02 3.918720120407379159e+00 4.582252114345373994e-02 2.087666361441362084e-02 9.987314260963195967e-01 5.343503939815560932e-02
5.775458287915317124e-01 -8.163582494747818608e-01 -1.554347855083730578e-04 5.353892084586018285e+00 8.152245795011325846e-01 5.767538055913770112e-01 -5.257311777957954235e-02 4.049813444567063492e+00 4.300814600403232713e-02 3.023667062250616488e-02 9.986170653093016103e-01 2.129814412892046260e-02
5.588324679239558002e-01 -8.292533200058156417e-01 6.723395968813061091e-03 5.433232084456853350e+00 8.283369332591947742e-01 5.577915619653588397e-01 -5.221588263160494015e-02 4.208062236150384550e+00 3.954994049013656199e-02 3.474916775374124744e-02 9.986131871488824752e-01 3.012796177991174107e-02
5.496833732533137340e-01 -8.352386523981155664e-01 1.498608384596932311e-02 5.520800645401283013e+00 8.348357051288129993e-01 5.485980146161506532e-01 -4.571174686331237053e-02 4.374104394805131690e+00 2.995888200410684946e-02 3.763790508779644300e-02 9.988422565598964464e-01 1.617856237123945981e-02
5.496645310943959473e-01 -8.351091380340298631e-01 2.148559584553286911e-02 5.638082207749373076e+00 8.350931480432686183e-01 5.486100661027348835e-01 -4.057621793534382793e-02 4.496085793745472792e+00 2.209835622759147994e-02 4.024578167724619793e-02 9.989454137785637178e-01 4.191804400637536010e-02
5.480590648638425932e-01 -8.362440135056672386e-01 1.808898273822708361e-02 5.745730911587511258e+00 8.361689413651554048e-01 5.472034155873801708e-01 -3.728167734665699395e-02 4.647517356591588822e+00 2.127822635573274265e-02 3.555800676976024477e-02 9.991410637331026301e-01 5.191528409911079500e-02
5.583487630771867272e-01 -8.294862998141203647e-01 1.411159774280886479e-02 5.981036178620153798e+00 8.291704673414019844e-01 5.574233621625388491e-01 -4.189906209275140458e-02 4.960472737841085333e+00 2.688856372171661430e-02 3.509520958892069220e-02 9.990221876439446813e-01 5.175624946527170728e-02
5.523174178836763870e-01 -8.334989887808509357e-01 1.499685312348177438e-02 6.085757725116845762e+00 8.331120550000893354e-01 5.512459199137544896e-01 -4.530165109537003659e-02 5.133579923541303103e+00 2.949192628222868304e-02 3.751495008310041374e-02 9.988607784893879238e-01 8.205109592633530458e-02
5.469854545129336776e-01 -8.370283393857916865e-01 1.380114547215102391e-02 6.191076441752447757e+00 8.360090187182421806e-01 5.453133943484922419e-01 -6.101002020887871802e-02 5.322937143557803452e+00 4.354116641801533683e-02 4.490947571715749043e-02 9.980417355089760134e-01 9.532888462510540062e-02
5.314314313034889103e-01 -8.469599023893591427e-01 1.547764734488122837e-02 6.302154112877131453e+00 8.457191194464180883e-01 5.294324034510937693e-01 -6.678698360289790636e-02 5.482525911249685358e+00 4.837152907962122272e-02 4.858244457214581924e-02 9.976472027996138303e-01 5.343090847723300230e-02
5.270100861174916718e-01 -8.495652487479714576e-01 2.234406521275438678e-02 6.412643005660608075e+00 8.485596848979455320e-01 5.245691528614998544e-01 -6.909171464125125894e-02 5.674555287204924525e+00 4.697691237548177329e-02 5.537230341936499878e-02 9.973600542019417370e-01 2.216780329160233931e-02
5.246766885748171960e-01 -8.508631819915423167e-01 2.731699100179150325e-02 6.535541307958858681e+00 8.504314293399862779e-01 5.224200148873938687e-01 -6.199767766459569895e-02 5.850126242755499639e+00 3.848059844794913392e-02 5.575996391931006824e-02 9.977023954901605984e-01 3.498403396708649887e-02
5.306486828159845404e-01 -8.470437456329955594e-01 3.047734256272726164e-02 6.647636393817870193e+00 8.468777021307249964e-01 5.283829205084642489e-01 -6.008033745518611551e-02 6.023053469869504184e+00 3.478696680430443805e-02 5.769213377030777551e-02 9.977281616961531929e-01 3.331958357060987863e-02
5.409693109392951227e-01 -8.402255209306283001e-01 3.705777379604167920e-02 6.901506488059999000e+00 8.408754108675092764e-01 5.394588527059687166e-01 -4.373430730625028212e-02 6.377053202979111823e+00 1.675553700308437394e-02 5.481988885445136100e-02 9.983556639623596407e-01 -6.245529407178943698e-02
5.526087999570388209e-01 -8.304588483619715911e-01 7.043873499254080239e-02 7.184146093877415318e+00 8.316029743400817908e-01 5.550269611130848046e-01 1.953370180748173479e-02 6.687198679453277173e+00 -5.531733253484727442e-02 4.778256601399859249e-02 9.973248312893583378e-01 9.198400926685990076e-02
5.627903698022964640e-01 -8.254290708342687521e-01 4.397554638057419446e-02 7.287617944065093667e+00 8.265403905792806372e-01 5.625901575705644087e-01 -1.798047123347017856e-02 6.901524221540593196e+00 -9.898605904093311925e-03 4.646680133604130097e-02 9.988707894291194433e-01 -6.847229316682734712e-02
5.623364991759653986e-01 -8.263568025048908527e-01 3.020093787305965990e-02 7.412364303231311347e+00 8.268326140127790769e-01 5.614149742642422503e-01 -3.407425827035647642e-02 7.139677392814219203e+00 1.120223635325783354e-02 4.413231951498940847e-02 9.989628863350793475e-01 1.152657618563469044e-01
5.538914217034405230e-01 -8.323157469635060757e-01 2.132581346448707282e-02 7.536565064211560028e+00 8.323654954711785514e-01 5.529677787001650024e-01 -3.734056331156163089e-02 7.289847267499793837e+00 1.928665114426902916e-02 3.843348899054191414e-02 9.990750182101708621e-01 1.645988111756897521e-01
5.559601808193005423e-01 -8.309117560545170589e-01 -2.222455834813167469e-02 7.672701406773765775e+00 8.252195214085530361e-01 5.549607806534015975e-01 -1.050298691935111495e-01 7.541083631946467136e+00 9.960431130031280333e-02 4.005228566469026807e-02 9.942206976237341065e-01 8.691420261624138721e-02
5.543915286490799232e-01 -8.321668196847270549e-01 -1.218265890286806055e-02 7.805351556425459414e+00 8.288987184716177792e-01 5.534094755855989423e-01 -8.163863575649826787e-02 7.701053117249188951e+00 7.467896275555943597e-02 3.516157772170633300e-02 9.965875355300577443e-01 8.464252691829154962e-02
5.509783158466499131e-01 -8.344150037507204187e-01 -1.320973059810928718e-02 7.937457863392549662e+00 8.313913992561531296e-01 5.502135018995066851e-01 -7.780387889030528081e-02 7.880075855332489887e+00 7.218889602760944491e-02 3.188579375155822793e-02 9.968811661613173891e-01 -3.403047465250608195e-02
5.373161580838765605e-01 -8.433563291074106516e-01 -6.438044458956886790e-03 8.162259351268005503e+00 8.414890346325891723e-01 5.366062495307362123e-01 -6.284852868341909982e-02 8.251642855004790889e+00 5.645839933168311786e-02 2.835198615670975197e-02 9.980023116335322575e-01 7.090900202504635264e-02
5.174933268491168636e-01 -8.556643201798118659e-01 -6.263213061489119465e-03 8.267550410842863684e+00 8.531996904374846702e-01 5.165328214429933951e-01 -7.241638357113006075e-02 8.445543416330531628e+00 6.519927073222107905e-02 3.213122380739930756e-02 9.973548212911117483e-01 5.824166442683254008e-02
5.021840783573163769e-01 -8.647594246160326126e-01 -1.512938254229288793e-03 8.350625989246978520e+00 8.622751441382432436e-01 5.008724263826929146e-01 -7.488917338898756770e-02 8.631801420126492985e+00 6.551890754419420482e-02 3.630358146605216357e-02 9.971907153232790755e-01 8.200931239436527742e-02
4.904556034101025253e-01 -8.714632065741406697e-01 -2.276108773527643625e-03 8.448156794536311409e+00 8.687929287749845964e-01 4.891538653467295550e-01 -7.698923903337465124e-02 8.819238687746899785e+00 6.820665652424831582e-02 3.578233647863486577e-02 9.970293257482013560e-01 9.915193845121095251e-02
4.844372876861582355e-01 -8.748090507783377046e-01 -5.444168952388438176e-03 8.534918966790309369e+00 8.719039109845676538e-01 4.833180432874081278e-01 -7.865900484144335014e-02 9.008701405895411796e+00 7.144287444590616265e-02 3.335856275583296005e-02 9.968867147182630672e-01 9.653469667374148244e-02
4.804616570667707975e-01 -8.769668825568105452e-01 -9.256510532701114902e-03 8.648726746205142035e+00 8.739326560047350201e-01 4.796301875156053773e-01 -7.871846030160128960e-02 9.218625321298791420e+00 7.347318461290693048e-02 2.973163504307287791e-02 9.968539115740596701e-01 1.103065540297831354e-01
4.688538773815982275e-01 -8.831748286408840354e-01 -1.335154370798279783e-02 8.750913547501898648e+00 8.803021023533343925e-01 4.684613549241241071e-01 -7.491440138553688566e-02 9.418885719872886142e+00 7.241719586217623683e-02 2.337051556553064111e-02 9.971005810577288075e-01 1.076569847490836118e-01
4.565941377883208085e-01 -8.895808894992396354e-01 -1.294736942709336439e-02 8.845497921686703791e+00 8.866782035590590194e-01 4.562013864673374330e-01 -7.537942901454677824e-02 9.643533817492754068e+00 7.296270739645012438e-02 2.293765513344230011e-02 9.970708637335459201e-01 1.244650325152202586e-01
4.361425650658128372e-01 -8.997826791087785159e-01 -1.306879159074028629e-02 8.942782368139621241e+00 8.967706296807155253e-01 4.357966625657827553e-01 -7.670532340443071695e-02 9.873381608668468701e+00 7.471345715375633800e-02 2.173474803981694306e-02 9.969681539787413893e-01 1.292041766609558773e-01
4.203281093303787852e-01 -9.073273947357521907e-01 -9.015501582376732326e-03 9.025047658155610719e+00 9.042785500794733311e-01 4.196941145800769934e-01 -7.833999012644045357e-02 1.009847275506179898e+01 7.486377209915864861e-02 2.477597523565643403e-02 9.968859346375629205e-01 1.327618897979273016e-01
4.121689097782456068e-01 -9.110995150881954219e-01 -3.803080102740823143e-03 9.111796603886126888e+00 9.079590877558562090e-01 4.110877743404182105e-01 -8.134578507455174357e-02 1.032724350109036138e+01 7.567750507096671075e-02 3.007516240848648326e-02 9.966786843473361968e-01 1.339200256321853577e-01
4.136011208881296142e-01 -9.104567996521579776e-01 -1.590209807898923522e-03 9.226555013998565258e+00 9.071207736397282062e-01 4.122337904781233631e-01 -8.482454844736775357e-02 1.055455888450054935e+01 7.788462512809553318e-02 3.364101596547000583e-02 9.963946342757306063e-01 1.834854949868375273e-01
4.153501304491920010e-01 -9.096616174009496403e-01 1.047059097689026497e-04 9.343262945611732206e+00 9.059834578567039776e-01 4.136603423116312905e-01 -8.988378768517704676e-02 1.077359248003420333e+01 8.172051900134463809e-02 3.742810476249622265e-02 9.959522547532279058e-01 1.850303925996558685e-01
4.149339413778762031e-01 -9.098508197190358082e-01 1.144617499462471932e-03 9.458890969052808018e+00 9.060814755931223541e-01 4.130998879979056460e-01 -9.145951084008718812e-02 1.099606850538657810e+01 8.274166954812696428e-02 3.898677202227263799e-02 9.958081380103658287e-01 1.888337581425119649e-01
4.177204471376306794e-01 -9.085687443465877422e-01 3.530557973343770306e-03 9.559670437115979524e+00 9.049775720054260564e-01 4.157176228255136108e-01 -9.052321381539882306e-02 1.121516796286757867e+01 8.077884754254843758e-02 4.100847313384478610e-02 9.958880875484596995e-01 1.944631961223977079e-01
4.184991815664513837e-01 -9.081962665402911750e-01 6.162505211940262628e-03 9.669501831546680748e+00 9.048008793740505151e-01 4.163274108051512323e-01 -8.948103539982166232e-02 1.146119557390546007e+01 7.870072243731729422e-02 4.302358021545475003e-02 9.959694612955202198e-01 1.892101900158466299e-01
4.184538864997273677e-01 -9.081536894048605202e-01 1.237825890881864496e-02 9.784665662399675057e+00 9.053179684034291519e-01 4.159777754079880818e-01 -8.580131964316958793e-02 1.170031648429112892e+01 7.277170438543567599e-02 4.711015587919306635e-02 9.962353699070701785e-01 2.051454622937457506e-01
4.170761951272665691e-01 -9.087305088512251938e-01 1.600967648504116395e-02 9.924078754713393735e+00 9.064393948857945027e-01 4.146077722240130159e-01 -8.042399275412606685e-02 1.192803893125735293e+01 6.644599955781414768e-02 4.805473436025181622e-02 9.966321646667483103e-01 1.942099574930943873e-01
4.172965420117061841e-01 -9.086218355467897689e-01 1.643033756972735876e-02 1.003378685376986468e+01 9.067424461058556373e-01 4.150901266283875124e-01 -7.428541717994736893e-02 1.218436495155234844e+01 6.067728121003750780e-02 4.589713218940856543e-02 9.971016602141157259e-01 2.007626247175021139e-01
4.156115276167937633e-01 -9.094842092194622696e-01 1.027284247347076684e-02 1.016178468760038989e+01 9.075718294311286849e-01 4.139416706400050883e-01 -7.046749414301609060e-02 1.243448785215241514e+01 5.983671561064797528e-02 3.861044532521205885e-02 9.974611776789708006e-01 2.306882678631630157e-01
4.139144040046959239e-01 -9.103146138619566674e-01 1.473073926850337889e-03 1.027959232484924001e+01 9.082502973092974052e-01 4.128657428896482795e-01 -6.799467468671108183e-02 1.269258235096848075e+01 6.128836427096233386e-02 2.948189508046359514e-02 9.976845965872452870e-01 2.356585695081903631e-01
4.096016387095662292e-01 -9.121979916045426240e-01 -1.101461207109685064e-02 1.038959070793073458e+01 9.100522111410134229e-01 4.094189024345565864e-01 -6.466169907012526974e-02 1.296301879955660041e+01 6.349386241039647882e-02 1.646166583070594880e-02 9.978464526139719792e-01 2.434542305745905355e-01
3.993957869899784630e-01 -9.164421866783306614e-01 -2.483392459712698355e-02 1.049643561733806685e+01 9.145026536732819844e-01 4.001656177124852665e-01 -5.960180219851235472e-02 1.322391888057841136e+01 6.455928871340858854e-02 1.094018749901056603e-03 9.979132734680873362e-01 2.531533766167685107e-01
3.871373076484915243e-01 -9.213287966592155209e-01 -3.574847511656049914e-02 1.059915878171235626e+01 9.197040909133843423e-01 3.886212063766172342e-01 -5.583854503448534845e-02 1.350129472157517618e+01 6.533827502974601242e-02 -1.126083482095628641e-02 9.977996308955382476e-01 2.478466552093840647e-01
3.705147102598241871e-01 -9.276708836339904174e-01 -4.632041816315977945e-02 1.067754752278196584e+01 9.265567738853617286e-01 3.726336728847398083e-01 -5.134871565657362497e-02 1.380310938740258386e+01 6.489525597629941522e-02 -2.389304271456874768e-02 9.976059985092362581e-01 2.605550165408249130e-01
3.511377778768173252e-01 -9.347586469788972119e-01 -5.411592044779775512e-02 1.075974762616939628e+01 9.341886175462689179e-01 3.536523791592188770e-01 -4.713408068494592817e-02 1.410172664471365600e+01 6.319721350440893337e-02 -3.400392055639352151e-02 9.974215987194545718e-01 2.596431841461806500e-01
3.273400543766749049e-01 -9.431442200875141957e-01 -5.768421721918585987e-02 1.085584246095910821e+01 9.427925704367561277e-01 3.300798576142849328e-01 -4.679163094601001410e-02 1.441263515284475005e+01 6.317165448149775209e-02 -3.906747640746820877e-02 9.972377220889822036e-01 2.971890691993258060e-01
2.909620415866663867e-01 -9.548848764092160435e-01 -5.946396522832275017e-02 1.090326097894480206e+01 9.543867909540842964e-01 2.940384426029970522e-01 -5.183866823105214017e-02 1.473621820655327141e+01 6.698465203376136046e-02 -4.166853821002340641e-02 9.968835384915109010e-01 3.046881976498715394e-01
2.458529746250381898e-01 -9.678141751429516493e-01 -5.377766507007233215e-02 1.093062551662961823e+01 9.665156187182404324e-01 2.489749352832769658e-01 -6.212117492759906129e-02 1.502290409738147048e+01 7.351104435197229614e-02 -3.670427758527066570e-02 9.966187447390429943e-01 3.323067077311708251e-01
2.040209631278439018e-01 -9.780970901010083152e-01 -4.124959321408281504e-02 1.095813854908882945e+01 9.757260595273632431e-01 2.065905641098544354e-01 -7.265669673180039090e-02 1.532567425376860548e+01 7.958708038112477512e-02 -2.542481379897408578e-02 9.965036254222540135e-01 3.321925514499547982e-01
1.664417175221163392e-01 -9.857079599226703515e-01 -2.601869353705936472e-02 1.097451651927225136e+01 9.825729781395124984e-01 1.680112231998452943e-01 -7.951459934465429646e-02 1.558907297865678387e+01 8.274960603131094328e-02 -1.233071871300050332e-02 9.964940823094152744e-01 3.501283689754105533e-01
1.436197062520905288e-01 -9.896038369029740434e-01 -7.591176652886624798e-03 1.101786681597916839e+01 9.862178919497626151e-01 1.437565908164520900e-01 -8.190428679255784550e-02 1.587516401104011798e+01 8.214407814462124091e-02 4.276515373906032702e-03 9.966112892407085200e-01 3.526018652792622943e-01
1.291404143891229372e-01 -9.915412296961405580e-01 1.299011870890957876e-02 1.105254268529319717e+01 9.886613876376677545e-01 1.277309895275325902e-01 -7.895223181569384352e-02 1.616428921375466388e+01 7.662515230501866503e-02 2.303875272195338511e-02 9.967937609692635315e-01 3.612205999888993824e-01
1.132741696210466387e-01 -9.931993183102764133e-01 2.690867155147008347e-02 1.107533762918999720e+01 9.906888821472535911e-01 1.108462012599357172e-01 -7.904845638003964170e-02 1.646793536653169809e+01 7.552814896770321251e-02 3.561226999566802220e-02 9.965075338095884527e-01 3.885158570108557252e-01
1.124376932150842334e-01 -9.931353150875674718e-01 3.224920263183450597e-02 1.112645902849013169e+01 9.907526920455487218e-01 1.095694367756909759e-01 -8.002275757030928582e-02 1.678530801372619763e+01 7.593989958492987358e-02 4.094855858972792917e-02 9.962712217064459974e-01 4.029765065974446059e-01
1.238566770326913202e-01 -9.918411357203334999e-01 3.017755867228894689e-02 1.118898904004434236e+01 9.893356611668225886e-01 1.210805451822598577e-01 -8.095956473433749134e-02 1.709150065376193695e+01 7.664511137721871648e-02 3.988311762345767703e-02 9.962604397599089667e-01 4.436463195854106201e-01
1.366330064745805428e-01 -9.904006805059510921e-01 2.092638514092293525e-02 1.123298641842721857e+01 9.872195694118992559e-01 1.343841228526830855e-01 -8.566463269809369840e-02 1.739614841306260828e+01 8.203013660784400085e-02 3.236355324225070884e-02 9.961042400821484843e-01 4.456566716515619753e-01
1.361274739910247611e-01 -9.906534935793628316e-01 8.658318764425659841e-03 1.133185771749090520e+01 9.866445212296036660e-01 1.347770995161119423e-01 -9.147525443326434691e-02 1.803216640229604195e+01 8.945333729061918926e-02 2.099497809066661752e-02 9.957697079860097222e-01 4.643148116242000745e-01
1.245714006003504348e-01 -9.921751038988905202e-01 8.398175736032131855e-03 1.136179322829830518e+01 9.876005773364587847e-01 1.231731957318122905e-01 -9.733171886854888322e-02 1.837201045488653861e+01 9.553567813733562786e-02 2.041879174777309208e-02 9.952165629381378720e-01 4.964118023780574873e-01
1.144045796289250294e-01 -9.933628718705903582e-01 1.190785240679967383e-02 1.138857140215319852e+01 9.888949542912158774e-01 1.127290950856838503e-01 -9.684482690643275715e-02 1.869096739672690077e+01 9.485969395535184812e-02 2.285510687299516230e-02 9.952282565082851695e-01 5.099483380555858147e-01
1.052454502895757704e-01 -9.943132777655010468e-01 1.626348217848663097e-02 1.142565430203178600e+01 9.898381007018475231e-01 1.031711453604742257e-01 -9.785831167543720954e-02 1.900632431405038147e+01 9.562389655469785699e-02 2.639735638721057986e-02 9.950674600163865735e-01 5.133173731363286363e-01
9.502995683145987194e-02 -9.952278330951978003e-01 2.215553062438237186e-02 1.146804760705131088e+01 9.908962557809446459e-01 9.243743573816454173e-02 -9.787712068434298307e-02 1.933078962333715367e+01 9.536203428993954290e-02 3.125509089396125151e-02 9.949518589908230570e-01 5.246964484943635876e-01
8.664317247606379002e-02 -9.952267827833275460e-01 4.490669765225029086e-02 1.151698905067244816e+01 9.920642728438610058e-01 8.206986331039911597e-02 -9.525238098333234371e-02 1.994958331348147240e+01 9.111223414045203917e-02 5.280329882649341389e-02 9.944397278985667166e-01 5.726856898198275925e-01
9.287392292429974550e-02 -9.937894478023004963e-01 6.129410964725792027e-02 1.157307728138790992e+01 9.920042223388630953e-01 8.707247773697135429e-02 -9.135648024421784419e-02 2.027477060072810033e+01 8.545207605739466028e-02 6.928865027941789878e-02 9.939300909218604652e-01 5.874606148036789488e-01
9.936999143129066070e-02 -9.923883060639832054e-01 7.273963699664173777e-02 1.161271459739068135e+01 9.916383059213041973e-01 9.271552218895928732e-02 -8.976247642948834149e-02 2.059032119904297176e+01 8.233513850398918588e-02 8.105110691833011805e-02 9.933033992868656181e-01 5.963234622203145152e-01
1.028422720797788070e-01 -9.916033782375197614e-01 7.839775086957001538e-02 1.166481201128662271e+01 9.912445612109404003e-01 9.560483536832087292e-02 -9.107104547509319026e-02 2.092186191027685638e+01 8.281115228759330926e-02 8.707729739797100132e-02 9.927536740474277588e-01 6.150362287155097807e-01
1.123740893528385465e-01 -9.903889695014059802e-01 8.063344921348300498e-02 1.171313077464405872e+01 9.899517074187970112e-01 1.045751232621858762e-01 -9.518224925534725378e-02 2.128424014447428547e+01 8.583519686427415474e-02 9.051923930657888862e-02 9.921887856122088012e-01 6.503889922886801900e-01
1.320757965878954776e-01 -9.884691322747662934e-01 7.405915538029921030e-02 1.180703873130487125e+01 9.875414151408807850e-01 1.247674026315579443e-01 -9.589081615108503709e-02 2.160057074185873205e+01 8.554494337609526433e-02 8.580133903701704645e-02 9.926329598004669519e-01 6.678190097053365859e-01
1.638841432097868367e-01 -9.845634503932761961e-01 6.145567308297429643e-02 1.190838278362031666e+01 9.828737619379773749e-01 1.576462409072386661e-01 -9.542971665946374527e-02 2.192504523277760242e+01 8.426835526033922552e-02 7.604258594698239115e-02 9.935373014760005006e-01 6.602058320732739904e-01
1.935045367303157571e-01 -9.802079059941893879e-01 4.181453445002360214e-02 1.199085064101297604e+01 9.777463434899474892e-01 1.891473513751166236e-01 -9.074892429012958173e-02 2.224424103313937096e+01 8.104370460944761156e-02 5.844433671678105069e-02 9.949955665473650956e-01 6.517893126052796138e-01
2.150527944805278313e-01 -9.763075039812690870e-01 2.399902614649290777e-02 1.204167859906155691e+01 9.734842775612123633e-01 2.123392722753892903e-01 -8.509050940429462029e-02 2.257030113620871603e+01 7.797856710173724226e-02 4.166162646155648075e-02 9.960841590715804328e-01 6.617592008202384246e-01
2.175119492309823821e-01 -9.760173158260230242e-01 8.874184441632806952e-03 1.214560616378758695e+01 9.732358429834042646e-01 2.161833061246852816e-01 -7.795365344474448899e-02 2.290994864487600680e+01 7.416566506221909660e-02 2.559252548628558263e-02 9.969174874407171760e-01 6.718524460431710699e-01
2.080071988908459568e-01 -9.781266133367395588e-01 -1.154769234323449467e-03 1.220806436282950358e+01 9.754226568253924201e-01 2.075196243962197373e-01 -7.406919766100300562e-02 2.325148659383233252e+01 7.268869073849754114e-02 1.428053825499362578e-02 9.972524356780838595e-01 6.986577787969748821e-01
1.972268062330785332e-01 -9.803392479443273633e-01 -6.045315794129271780e-03 1.226975853849297593e+01 9.773803327028633969e-01 1.971042866301802032e-01 -7.666541226425639677e-02 2.360831554425148582e+01 7.634967025953892650e-02 9.211901647261655501e-03 9.970385492644208147e-01 7.120035868927354628e-01
1.832449147197411365e-01 -9.830223344082400505e-01 -9.401663891543003693e-03 1.233126365553634329e+01 9.798504495162685402e-01 1.834099825719370802e-01 -7.908144457284953244e-02 2.395106209652979246e+01 7.946318526287349249e-02 5.279047976336478931e-03 9.968238228695890379e-01 7.281922672049565559e-01
1.717883350392254149e-01 -9.851138868798453574e-01 -6.276768351155953551e-03 1.238700885686981934e+01 9.818903908767196986e-01 1.717358600268347191e-01 -7.998784085600676996e-02 2.426648946912184357e+01 7.987507901976231839e-02 7.577879474276780214e-03 9.967760769070754812e-01 7.350870749427580453e-01
1.627908752397727588e-01 -9.866510771822748493e-01 -4.333916672625712230e-03 1.244576463979225345e+01 9.832510582728092308e-01 1.625916160731657456e-01 -8.234878741133322411e-02 2.462105468074656756e+01 8.195417831977475087e-02 9.144303022799504799e-03 9.965941472726788097e-01 7.617399570930236674e-01
1.316915490425183410e-01 -9.912567688954641021e-01 -8.206950085550883400e-03 1.251335038195375304e+01 9.877583289800528910e-01 1.319160784814991105e-01 -8.325642178593006815e-02 2.533140558031480083e+01 8.361112032089823565e-02 2.857683850199979614e-03 9.964943623531928862e-01 7.795134289212114487e-01
1.059271645939683371e-01 -9.942727002602383957e-01 -1.418567299413168309e-02 1.253612049764740455e+01 9.907127858657204245e-01 1.067494761153274796e-01 -8.421831909558705198e-02 2.570690833120778152e+01 8.525028869901463136e-02 -5.132919862730719873e-03 9.963463461118414743e-01 8.118164344382484687e-01
8.408812096600370989e-02 -9.963971620556556497e-01 -1.104007970272542771e-02 1.254749172555501424e+01 9.924782211262094256e-01 8.473637396996525073e-02 -8.835568751686276312e-02 2.604919075893252867e+01 8.897285261562673520e-02 -3.527374924500108200e-03 9.960278053968071310e-01 8.257133766551199017e-01
4.837835568583792600e-02 -9.987765166960133056e-01 -1.024716535013657503e-02 1.256823085716962396e+01 9.945743996280907995e-01 4.911566067454442575e-02 -9.170286517293722850e-02 2.675586828558848040e+01 9.209396454468364579e-02 -5.755134497255051662e-03 9.957336893574311176e-01 8.625333223145119632e-01
3.903045792844295203e-02 -9.992067869857075291e-01 -7.900645264463476702e-03 1.257296941089023612e+01 9.950886151829323456e-01 3.958697277828937544e-02 -9.072772189118874508e-02 2.711047519224501556e+01 9.096851811044277814e-02 -4.320697623049034319e-03 9.958443956185324408e-01 8.814236730732987191e-01
3.124936188957638805e-02 -9.994825771481609111e-01 -7.619406720029697766e-03 1.258663189495668000e+01 9.954960366341175648e-01 3.180555230724579907e-02 -8.930872235227038658e-02 2.747746835229408902e+01 8.950485141744084217e-02 -4.794248606611123398e-03 9.959748474499945381e-01 8.948438730120888973e-01
1.858029666925675727e-02 -9.998139992712125057e-01 -5.171018950513951717e-03 1.259283291086867607e+01 9.955635128289119784e-01 1.897794700929444911e-02 -9.215817625728947582e-02 2.784129314672209787e+01 9.223917009296878078e-02 -3.435751535920426869e-03 9.957309531755773602e-01 9.366279215046566797e-01
5.069820252998402665e-03 -9.999550901874859621e-01 8.007154971624477757e-03 1.259874663105439119e+01 9.955731641690758194e-01 4.295765806087703531e-03 -9.389153946183928512e-02 2.820314903306117316e+01 9.385292594787421339e-02 8.447721839441181546e-03 9.955502319254143639e-01 9.631365868022351284e-01
-1.099832842633530205e-02 -9.996144545509868529e-01 2.549468620242579392e-02 1.258852408498714937e+01 9.951612605178796755e-01 -1.343175544801367138e-02 -9.733269496962645984e-02 2.857048178047958942e+01 9.763760718233552294e-02 2.430082711181762861e-02 9.949253074806115871e-01 9.860144281349062512e-01
-2.288186432386529745e-02 -9.985609527373888739e-01 4.850199947695273128e-02 1.254760631364746004e+01 9.950466477666484177e-01 -2.744219935565772595e-02 -9.554629486735709276e-02 2.891692593856408422e+01 9.673980077207013084e-02 4.607547463371865215e-02 9.942426572944140784e-01 1.018726098512866329e+00
-2.958722508522759753e-02 -9.973912800562384495e-01 6.584246790282126394e-02 1.256904721163611782e+01 9.948796914132486124e-01 -3.575315422495894957e-02 -9.453100854452708979e-02 2.927415526548442415e+01 9.663847952671457409e-02 6.270842392170503099e-02 9.933421655421763585e-01 1.019092720753342896e+00
-2.549949998654343908e-02 -9.970056475612710800e-01 7.300352204768474629e-02 1.255475843694526716e+01 9.951288425872720778e-01 -3.227226519903325652e-02 -9.315088593158814267e-02 2.962691254499006632e+01 9.522794837311547578e-02 7.027260938554787117e-02 9.929720027366297774e-01 1.053430473918747223e+00
-1.208922292544500898e-02 -9.971088393677148831e-01 7.501875194794603574e-02 1.256326603542442477e+01 9.953354295139843488e-01 -1.918121613128720426e-02 -9.454873717790815424e-02 2.998912179383439280e+01 9.571433248616008360e-02 7.352580093064889355e-02 9.926896409020471435e-01 1.069526710933404789e+00
