1.000000000000000000e+00 0.000000000000000000e+00 0.000000000000000000e+00 0.000000000000000000e+00 0.000000000000000000e+00 1.000000000000000000e+00 0.000000000000000000e+00 0.000000000000000000e+00 0.000000000000000000e+00 0.000000000000000000e+00 1.000000000000000000e+00 0.000000000000000000e+00
9.999987031087854694e-01 7.080637507105529528e-04 -1.446522198986743314e-03 2.913057262851080284e-02 -7.050808163607094657e-04 9.999976263049552561e-01 2.061612353845844979e-03 -1.780470730145211795e-03 1.447978518359942582e-03 -2.060589765105949774e-03 9.999968286589864253e-01 -2.522970328186424985e-02
9.999959553073336505e-01 7.455220049209168457e-04 -2.744734215428461070e-03 6.124898815410317193e-02 -7.278427187370127517e-04 9.999790203841028013e-01 6.436539180879100562e-03 7.494291546038181831e-03 2.749475213553762704e-03 -6.434515412242711348e-03 9.999755183990554075e-01 -5.722106980284894645e-02
9.999764055683718622e-01 -6.294589827267045405e-03 2.750717263813925745e-03 1.092170183478200496e-01 6.202399243141643904e-03 9.994580629897945601e-01 3.232816988813960735e-02 3.699017266249876590e-02 -2.952719117636098695e-03 -3.231034607667034042e-02 9.994735229040427882e-01 -5.357359259067207696e-02
9.999204158329730863e-01 -1.196402773052763178e-02 4.003003981682428693e-03 1.104245810167458486e-01 1.179414105584029697e-02 9.991274132992943313e-01 4.006632289861478124e-02 3.829060944403838568e-02 -4.478865611864442202e-03 -4.001592226007401332e-02 9.991890040070029455e-01 -3.471524784071641084e-02
9.998178353198239332e-01 -1.839268913052641979e-02 5.099525755324556958e-03 1.238434895803004199e-01 1.814861376079305449e-02 9.988505338586610716e-01 4.436483775276682529e-02 5.907476236841342765e-02 -5.909652692244807964e-03 -4.426420672298993220e-02 9.990023803816693304e-01 -3.835093866217804265e-02
9.996267654168978778e-01 -2.599291917189073403e-02 8.408211169671784072e-03 1.478850827230285270e-01 2.558992230238098936e-02 9.986623446263863668e-01 4.492969287550018648e-02 8.160922133372869314e-02 -9.564817756148947039e-03 -4.469775808977697468e-02 9.989547660845506938e-01 -2.310654931632183731e-02
9.990270599343898938e-01 -4.342678412934031229e-02 7.684265679467441532e-03 1.998919594605981787e-01 4.314156421970213873e-02 9.984889022242275924e-01 3.403994083035813412e-02 1.351067767658923335e-01 -9.150899164906233299e-03 -3.367531076680128910e-02 9.993909317625575550e-01 -4.309065774150722117e-02
9.984606721655451267e-01 -5.499822814835787776e-02 7.175028868855001796e-03 2.214972365053745340e-01 5.474836158572085609e-02 9.980091690798669202e-01 3.130998780249944630e-02 1.508032481639387523e-01 -8.882738452014204977e-03 -3.086897039187855990e-02 9.994839686681015190e-01 -5.314565681164974686e-02
9.978083258095197250e-01 -6.570880318369196060e-02 7.803725352048380970e-03 2.252798795863267256e-01 6.544821635655148628e-02 9.974067566972266707e-01 2.993814741204573263e-02 1.261873348313182763e-01 -9.750688229524968886e-03 -2.936179284182398666e-02 9.995212900184590188e-01 -5.263924140795704643e-02
9.973096811544946982e-01 -7.268254069924399985e-02 9.520932361009391831e-03 2.477876386959969590e-01 7.238143930374880963e-02 9.969592485673686166e-01 2.886492578035718473e-02 1.544189220898789794e-01 -1.158995771510413358e-02 -2.809813113875267790e-02 9.995379772208115021e-01 -5.436974233538074269e-02
9.967372108802221575e-01 -7.998230181374360592e-02 1.085190505352376378e-02 2.557974379099197115e-01 7.965117564578938492e-02 9.964260782398172145e-01 2.812046980157383372e-02 1.482692539685468991e-01 -1.306226109672727759e-02 -2.716435164315256570e-02 9.995456344433945040e-01 -4.084737818835657008e-02
9.960934632729275817e-01 -8.763525536343723388e-02 1.085699969282533442e-02 2.750480002351429198e-01 8.730760032923555458e-02 9.957970756806192592e-01 2.766888126899227224e-02 1.737250381064351923e-01 -1.323613802040961296e-02 -2.661289317816212252e-02 9.995581816817830090e-01 -5.137372621428127478e-02
9.951203783359003907e-01 -9.809267841568204693e-02 1.064232408133086727e-02 2.944172028342392777e-01 9.776595784945497913e-02 9.948212649330752111e-01 2.779331435318057805e-02 1.718764793977144989e-01 -1.331353095136980288e-02 -2.661723648679003087e-02 9.995570382001285337e-01 -5.808278368606950570e-02
9.941334351911977896e-01 -1.074690000736018836e-01 1.221175901042502454e-02 3.141171724931427489e-01 1.071164304815324375e-01 9.938913544484955231e-01 2.657152373181055974e-02 1.760881437013716577e-01 -1.499277678895960877e-02 -2.510756013067184586e-02 9.995723220800188935e-01 -5.807783451065852420e-02
9.935166724937186666e-01 -1.127086169541773319e-01 1.487915122866681830e-02 3.150910711873561310e-01 1.123141462262743084e-01 9.933552569751362693e-01 2.511704595138507592e-02 1.963301507603987250e-01 -1.761119060347937290e-02 -2.328306474967259745e-02 9.995737815996328379e-01 -5.346524176801606409e-02
9.931371848372915201e-01 -1.158625911547926240e-01 1.594967286049286254e-02 3.149980830350229688e-01 1.154876134525773118e-01 9.930492747530599296e-01 2.271010901448421160e-02 1.763952857413744191e-01 -1.847006314248695463e-02 -2.071226407998518620e-02 9.996148552738667314e-01 -5.534107550040629625e-02
9.928820881923636765e-01 -1.181526405996346646e-01 1.500374840181359359e-02 3.254916348572670093e-01 1.178249810617436194e-01 9.928098785204823029e-01 2.111442516254887283e-02 1.967614356368881934e-01 -1.739059471585495398e-02 -1.919631817507405983e-02 9.996644780044703360e-01 -5.725669214473795565e-02
9.925889195748666127e-01 -1.206064923294102170e-01 1.487651656789494396e-02 3.181779092850541280e-01 1.202885627757256520e-01 9.925234993270681816e-01 2.068247927356885174e-02 1.827454063662870276e-01 -1.725973355962506436e-02 -1.873972495921992498e-02 9.996754094734467966e-01 -4.691524464394601635e-02
9.927630119213963766e-01 -1.194331702914519372e-01 1.254272677253706614e-02 3.106075178339685050e-01 1.192012618423178433e-01 9.927096822194080294e-01 1.784785709941273321e-02 1.602871851450208829e-01 -1.458291246482179213e-02 -1.622358351212581720e-02 9.997620386882413168e-01 -5.091402516207517437e-02
9.932617387455283664e-01 -1.154545241176338777e-01 1.006832682130211383e-02 3.343848289675021568e-01 1.155303018748586319e-01 9.932771381793833454e-01 -7.299049176312574078e-03 1.353160252922918083e-01 -9.157930602155315084e-03 8.413063113093113138e-03 9.999226733483650431e-01 -3.981451175548392230e-02
9.933748971634511760e-01 -1.144908190709676976e-01 9.907877369136584844e-03 3.267701092438212718e-01 1.146146897125488728e-01 9.933250126413211145e-01 -1.299585176952235827e-02 1.207319527135697484e-01 -8.353836699328757998e-03 1.404534120547430015e-02 9.998664619852106750e-01 -5.090892686444676435e-02
9.935274536823009983e-01 -1.131902929859930074e-01 9.547583637141176735e-03 3.152560224150865453e-01 1.132837390562280722e-01 9.935134531687707105e-01 -9.890037315661046741e-03 1.044805943167936013e-01 -8.366196567351704902e-03 1.090760956441907265e-02 9.999055109402020802e-01 -6.458151433750934645e-02
9.936163385100451606e-01 -1.125048148857709096e-01 8.320965894038322153e-03 3.109886242436086246e-01 1.125362915935180508e-01 9.936417462449660398e-01 -3.415141817428352447e-03 1.345989075427232728e-01 -7.883839183418610286e-03 4.329751352316915831e-03 9.999595483483104674e-01 -6.900396133614355998e-02
9.932688937349998248e-01 -1.155482053531746295e-01 8.094255871308901618e-03 3.135997794375566805e-01 1.155033569520552833e-01 9.932901184995144295e-01 5.806463986505491434e-03 1.652438243832707043e-01 -8.710870866666359236e-03 -4.832466335223365231e-03 9.999503827679967483e-01 -6.404384666555899830e-02
9.929971601971627759e-01 -1.178642994494558532e-01 8.040320619180564565e-03 3.445314908284072275e-01 1.177642491313847656e-01 9.929696405205242771e-01 1.195301765505179213e-02 1.697413922372771056e-01 -9.392628327117142489e-03 -1.092245026675958859e-02 9.998962339229400254e-01 -6.443606262727513689e-02
9.921868401589828412e-01 -1.245226318397422288e-01 7.706385341843721357e-03 3.413269559202011805e-01 1.243663839547432676e-01 9.920691566074167911e-01 1.821513245271932924e-02 1.929502585878929422e-01 -9.913463438896768717e-03 -1.711439943301399508e-02 9.998043911559365560e-01 -6.431346577070934378e-02
9.914454972306879776e-01 -1.302719314056510758e-01 8.065352368941215710e-03 3.429237702401727872e-01 1.300517309233237828e-01 9.912275407477676437e-01 2.354803063910217154e-02 2.245307409256558084e-01 -1.106224682608506968e-02 -2.229767590970078983e-02 9.996901721754519743e-01 -5.856691499068506640e-02
9.905443070768825686e-01 -1.369876360790760195e-01 7.507548138057479684e-03 3.388381851107338250e-01 1.367217512145044445e-01 9.901939849362700885e-01 2.868858555016234185e-02 2.412504264410104682e-01 -1.136391052489308696e-02 -2.739086996603901092e-02 9.995602041798611337e-01 -6.000351776655335478e-02
9.888183379996374756e-01 -1.489842065786977643e-01 6.480788975940383542e-03 3.928623093346789719e-01 1.486720151500937614e-01 9.882677973595274112e-01 3.497702979611555518e-02 2.578876827036153396e-01 -1.161578007905825737e-02 -3.362241651434320910e-02 9.993671031012032469e-01 -5.860882349409204245e-02
9.864585334062154764e-01 -1.639273814827046372e-01 5.232157325830299674e-03 4.357036192443387024e-01 1.635586173876402705e-01 9.856051904206262204e-01 4.279003732371088053e-02 2.912165225420650372e-01 -1.217130018945876933e-02 -4.135483304457764075e-02 9.990703865271721718e-01 -6.844912993467555662e-02
9.830014691352713108e-01 -1.835218858200164116e-01 5.275329654455847631e-03 5.075438664065912153e-01 1.829896877892183416e-01 9.816780937708029509e-01 5.313091730176514038e-02 3.359760110287719481e-01 -1.492936169776608139e-02 -5.126243883768565046e-02 9.985736209833052657e-01 -6.639981213899415202e-02
9.768024047820466071e-01 -2.141259204036712327e-01 2.674364091053621495e-03 6.072931340996072791e-01 2.135232645392500794e-01 9.748504349023130455e-01 6.383137998878393726e-02 3.958197349665248388e-01 -1.627505798798559167e-02 -6.177960652231243716e-02 9.979571146624668376e-01 -6.894090408744976695e-02
9.677813004047892687e-01 -2.517901977792373347e-01 1.025128824852223133e-03 6.400644267464815629e-01 2.510530672881407521e-01 9.652438126326888801e-01 7.264117000384057166e-02 4.794197192606812208e-01 -1.927983381752224751e-02 -7.004340423339755484e-02 9.973576136629055400e-01 -7.507318361432202547e-02
9.549391142746628258e-01 -2.967695101605015151e-01 -4.375599092531926547e-03 7.245427689562975448e-01 2.962460881179515559e-01 9.521459781339439710e-01 7.520832133591373592e-02 5.649080891670562599e-01 -1.815332760497189932e-02 -7.311562187693673720e-02 9.971582434771401049e-01 -7.838866254734393191e-02
9.363935840552596312e-01 -3.507695771128747642e-01 -1.130307534260190788e-02 8.106008620230220618e-01 3.505675289650323490e-01 9.333770191658682380e-01 7.687488359919454617e-02 6.510117064357915373e-01 -1.641533964000594162e-02 -7.594763896984220441e-02 9.969766761361118501e-01 -6.413359089640784105e-02
9.095689638219806028e-01 -4.152667489095508979e-01 -1.542165042725812500e-02 8.841408825082788248e-01 4.151553459833769444e-01 9.064494521237700386e-01 7.743015850390463917e-02 7.767357260961847976e-01 -1.817522360883525728e-02 -7.683044965773130897e-02 9.968784997441562101e-01 -4.928836681877713649e-02
8.727623327810909437e-01 -4.874895699394131698e-01 -2.529485478895573611e-02 9.874720507705663231e-01 4.879563138840198322e-01 8.698101557468332912e-01 7.299951164487042399e-02 9.087090888619966389e-01 -1.358477895396993998e-02 -7.605400817810792358e-02 9.970111542108323066e-01 -7.404934184632698535e-02
8.261178650835354631e-01 -5.623894319615291293e-01 -3.531854764582425393e-02 1.123581750536342128e+00 5.633841501123101336e-01 8.230716293798623351e-01 7.177320051529492706e-02 1.042578021193453441e+00 -1.129479490967875803e-02 -7.919103312855177434e-02 9.967954694319095532e-01 -8.545219748027098328e-02
7.666048946055490365e-01 -6.399479629858247920e-01 -5.275926683634477032e-02 1.246260608945255255e+00 6.421097198239543724e-01 7.635576320625176994e-01 6.837287639615423351e-02 1.182915898261253096e+00 -3.470342118286541544e-03 -8.629221974995464339e-02 9.962638252672870731e-01 -6.738836875264642146e-02
6.986226875530052727e-01 -7.126059084964271317e-01 -6.418067943078889503e-02 1.277621696128724782e+00 7.154712561006679739e-01 6.964419353601762896e-01 5.540318010280930600e-02 1.339485802056059605e+00 5.217483104756077267e-03 -8.462534991214865077e-02 9.963991810626391388e-01 -8.137823623573223197e-02
6.285576762654190297e-01 -7.744123456615276124e-01 -7.211633999883441948e-02 1.277814938637157560e+00 7.775916777796160195e-01 6.276579332716964998e-01 3.737246913149502858e-02 1.502748506569085540e+00 1.632269143550329690e-02 -7.956781816861251133e-02 9.966958071830080979e-01 -8.296825228939484764e-02
5.520307798497798846e-01 -8.302201633239345568e-01 -7.743706159729460414e-02 1.305141130925734583e+00 8.333957369076465671e-01 5.523381208706229506e-01 1.934285235609665282e-02 1.638989123470721454e+00 2.671261504616306501e-02 -7.521356688449534755e-02 9.968095884139092089e-01 -1.063304004550262860e-01
4.749131154389252263e-01 -8.761090529249777603e-01 -8.300879572065053558e-02 1.241127124963880446e+00 8.794298616430591409e-01 4.759625448230579980e-01 7.923028210767422974e-03 1.786105520640780542e+00 3.256764091186487020e-02 -7.676316374705469125e-02 9.965173181922021284e-01 -9.396190797860691502e-02
3.966405284134028042e-01 -9.139908496136521787e-01 -8.542258508410342788e-02 1.210681871172160751e+00 9.171477318775154153e-01 3.985113770014346857e-01 -5.359133544665557747e-03 1.945621265178278492e+00 3.894007103057016417e-02 -7.621948060000538483e-02 9.963303978325661614e-01 -1.337773742858155701e-01
3.105519927098023825e-01 -9.462789160848200654e-01 -9.007592795696753307e-02 1.207802870244137017e+00 9.496266418421085431e-01 3.130423258260708330e-01 -1.461996392210237333e-02 2.092666635319865964e+00 4.203214160199691962e-02 -8.099824204723249377e-02 9.958275874154157714e-01 -1.404293730864981382e-01
2.241258118600565341e-01 -9.712570414154716447e-01 -8.017094211081222943e-02 1.093551354022221922e+00 9.734651320706974031e-01 2.270138812508220028e-01 -2.881552293499710371e-02 2.233468668063124163e+00 4.618719628479540928e-02 -7.158531427815575943e-02 9.963645345349498861e-01 -1.920093296035225161e-01
1.312723456651085918e-01 -9.890873382388148949e-01 -6.688653526111705550e-02 1.000624160348781322e+00 9.902428951396803347e-01 1.340099443264840540e-01 -3.821444029417060684e-02 2.379318378777520948e+00 4.676087989938102624e-02 -6.121741710713585194e-02 9.970285090977923925e-01 -1.753483902980109699e-01
4.472875260477082726e-02 -9.978863793476759891e-01 -4.713928937528909235e-02 9.117684184846797102e-01 9.979217377392937127e-01 4.682166933879938764e-02 -4.427117151958523400e-02 2.511254454164337346e+00 4.638473927715462686e-02 -4.506112729076101886e-02 9.979067846094024086e-01 -1.521741388672883666e-01
-3.405576522429898390e-02 -9.990293758186219453e-01 -2.793762886220236066e-02 7.873838550695124727e-01 9.981667935978624229e-01 -3.260035788300008619e-02 -5.099283110852544793e-02 2.630126286108403821e+00 5.003255953426435920e-02 -2.962301330646590486e-02 9.983081789052392629e-01 -1.377166863088534199e-01
-9.460907906086513108e-02 -9.953890347345109024e-01 -1.580479957335598207e-02 6.693450253824878571e-01 9.940728543360148883e-01 -9.360607291875044922e-02 -5.529071698737608731e-02 2.715820581770425068e+00 5.355634819051349749e-02 -2.094212603888518168e-02 9.983452032866526604e-01 -7.260477958901208340e-02
-1.096898595669784093e-01 -9.939644533471990728e-01 1.673376939208867653e-03 6.354004068700912500e-01 9.925247909344393493e-01 -1.096212965151523999e-01 -5.364429821411585003e-02 2.809861678077161695e+00 5.350396329922241234e-02 -4.223367440932677963e-03 9.985587058749897382e-01 -4.515492471888288284e-02
-1.254466096136841458e-01 -9.920789168725304696e-01 6.524632821833457885e-03 6.050560773003483828e-01 9.902704188329575219e-01 -1.256117737648994037e-01 -5.988472155763467641e-02 2.944028373052153036e+00 6.022994040202644256e-02 -1.051184409856468355e-03 9.981839756730743751e-01 -6.422024372913778811e-02
-1.543259620689712008e-01 -9.880145020199525563e-01 3.292602276602142608e-03 5.936536273811977571e-01 9.858836616121581242e-01 -1.542104492127995830e-01 -6.521152597348470192e-02 3.087508150513755822e+00 6.493768703680757870e-02 -6.817708695154682530e-03 9.978660309131971440e-01 -4.159545898781266682e-02
-1.534660771740194996e-01 -9.881529779388612544e-01 -1.362111367879503820e-03 5.557408290143677210e-01 9.853973122124838335e-01 -1.529349245902240639e-01 -7.485349641129365739e-02 3.359841242765830849e+00 7.375839098862553567e-02 -1.282969333784330507e-02 9.971936114554815767e-01 -8.342270608580844293e-02
-1.648494686931254449e-01 -9.863017683156556359e-01 -5.785714217431181527e-03 5.367096456528479553e-01 9.835944290710603166e-01 -1.639556234350927344e-01 -7.523664429243134832e-02 3.495894825745970547e+00 7.325743492622478759e-02 -1.809351711032347945e-02 9.971489221107389112e-01 -5.521914867853611186e-03
-1.695949567132013502e-01 -9.855138450593403654e-01 -1.088751670405216365e-04 4.700215010340170751e-01 9.826182539161156804e-01 -1.690881960838737097e-01 -7.661950806384607016e-02 3.644594237902385014e+00 7.549117649296285815e-02 -1.310126488000693673e-02 9.970603989379240861e-01 -2.829743628551435741e-02
-2.005398594871861118e-01 -9.796853802038693049e-01 -5.661904801898473560e-04 3.950695038536704562e-01 9.767451932674063864e-01 -1.998931990835335348e-01 -7.753409823534378187e-02 3.804473994227720368e+00 7.584584488208112596e-02 -1.610170099558071166e-02 9.969895400851366274e-01 -2.485384122295667547e-02
-2.143225846918559441e-01 -9.767074348977969889e-01 1.041231513005066306e-02 3.625093681406587609e-01 9.739891472068121780e-01 -2.145046121158713515e-01 -7.302679305820664046e-02 3.973610866815278531e+00 7.355930134489302441e-02 -5.509809106025505276e-03 9.972756244836561423e-01 -6.779251756334717105e-02
-2.421375262085834201e-01 -9.701964569782054459e-01 9.394321078438894884e-03 2.244944473258082829e-01 9.676867013168174436e-01 -2.421907571838466389e-01 -7.018607575076254990e-02 4.151755593242545395e+00 7.036949975780905364e-02 -7.903923181072310122e-03 9.974896798975834145e-01 -2.539838162001269162e-02
-2.714840791342436610e-01 -9.623772853345675671e-01 1.124079395330856643e-02 1.885727779221909317e-01 9.600603568834806811e-01 -2.716148395880080280e-01 -6.715273677479560721e-02 4.308869870272814318e+00 6.767943496658430924e-02 -7.439058250182529336e-03 9.976793846196052584e-01 2.337793320658525936e-02
-2.814978563978283166e-01 -9.594157611492091231e-01 1.674377800592630194e-02 1.418835609241344553e-01 9.563558964304559318e-01 -2.819398350769974915e-01 -7.676801911899819308e-02 4.483750706115032791e+00 7.837318550452739008e-02 -5.597021997415276007e-03 9.969083795106917778e-01 1.527298788427923493e-02
-3.009228846858413853e-01 -9.536137693895014866e-01 8.136111054918529484e-03 6.682398990232690794e-02 9.500371496057229415e-01 -3.005141967174900230e-01 -8.438383696108235632e-02 4.670054763996542846e+00 8.291460571808002833e-02 -1.766341988369823923e-02 9.964001062608471848e-01 2.644774521761178790e-02
-3.041770105086629705e-01 -9.525408473424767930e-01 1.192813573402296684e-02 5.394202917375008621e-02 9.486870502455990728e-01 -3.040348623022610663e-01 -8.692343298069532542e-02 4.854611657833031835e+00 8.642468961076485434e-02 -1.512404208277864232e-02 9.961435822092924441e-01 2.342734890711169193e-02
-3.104774791816282686e-01 -9.505279498965660823e-01 1.001755391564324027e-02 -5.298822513451605098e-02 9.469271587040252181e-01 -3.101900478763379709e-01 -8.432728091903107792e-02 5.041356356537377792e+00 8.326278298101559561e-02 -1.669582773947733689e-02 9.963877549961912550e-01 3.506273149069832895e-02
-3.274875608208986932e-01 -9.448051203347506144e-01 9.756131242236856793e-03 -1.305120055599584550e-01 9.410294131452451305e-01 -3.270723372411021845e-01 -8.652935806510184125e-02 5.233137950094037372e+00 8.494434120701661872e-02 -1.915648195468821341e-02 9.962015298603117408e-01 1.722132458517673659e-02
-3.265327844955336900e-01 -9.450813944953161405e-01 1.405341340677697393e-02 -1.541440688313098217e-01 9.418854711086018794e-01 -3.265980647165844797e-01 -7.864771730894926094e-02 5.442647966337499810e+00 7.891831196953065508e-02 -1.244435221978271167e-02 9.968034099729543573e-01 -9.397713315451784732e-03
-3.253539175696802399e-01 -9.455362881017743693e-01 1.029350303735943745e-02 -2.419020148207716714e-01 9.425449133635435128e-01 -3.251594161005093575e-01 -7.668402971731692885e-02 5.672800919448547141e+00 7.585456225285461263e-02 -1.524736055500352030e-02 9.970023086139437885e-01 4.779619193224796114e-02
-3.333789654160277394e-01 -9.427509387958368237e-01 8.895662859375336878e-03 -3.355547724530547615e-01 9.401896070819817375e-01 -3.331443169760677225e-01 -7.112219626514937332e-02 5.885469402597441224e+00 7.001405682552730436e-02 -1.534703444050127680e-02 9.974279424503376124e-01 2.966094506987119322e-02
-3.593989879672301324e-01 -9.324949437629409532e-01 3.585452976515397794e-02 -5.529415518593938650e-01 9.264850917576566980e-01 -3.611510175386776211e-01 -1.058079263646358736e-01 6.323975177101005762e+00 1.116142562531207000e-01 -4.808574354965018671e-03 9.937399737424954527e-01 2.273037557546606635e-01
-3.699318983120132298e-01 -9.268869076327524992e-01 6.349055890652849365e-02 -6.344052908472468388e-01 9.172576972782261473e-01 -3.752367837072494439e-01 -1.335502637095284106e-01 6.577575132349815057e+00 1.476099840631248383e-01 8.832701287374067345e-03 9.890062062458718772e-01 2.537346169432464493e-01
-3.803702363949150733e-01 -9.207354684140800494e-01 8.697517156741793598e-02 -7.503383951956597020e-01 9.062148758261765469e-01 -3.898363951448557962e-01 -1.637137253006350490e-01 6.814304476002556399e+00 1.846431209014417207e-01 1.654636590823335696e-02 9.826663399542117094e-01 3.976398303368790521e-01
-3.738699644580467663e-01 -9.236081458148076573e-01 8.467138041080735089e-02 -7.999067767552962005e-01 9.037715295207503496e-01 -3.833011262574956834e-01 -1.904659261848653529e-01 7.063968945075317585e+00 2.083705163977428443e-01 5.314093927304072706e-03 9.780355250714923843e-01 1.994793465739791438e-01
-3.570234017599269727e-01 -9.308324228098412423e-01 7.800827675144664242e-02 -8.961543779685908762e-01 9.101909680802762193e-01 -3.654436114646959499e-01 -1.949445266344496663e-01 7.310762150466731946e+00 2.099683124208485963e-01 1.402670881163387007e-03 9.777071853543575219e-01 2.221332777981936957e-01
-3.443815737942479416e-01 -9.363645915906595452e-01 6.799031729779245192e-02 -9.691223519282683441e-01 9.164091424079168213e-01 -3.510070372851701315e-01 -1.923235385684081700e-01 7.546810272213193116e+00 2.039500314836547312e-01 -3.925734522954985040e-03 9.789734282738584703e-01 2.750177645809732119e-01
-3.423418869816488019e-01 -9.378447714912093724e-01 5.700190351598075078e-02 -1.055127335610638539e+00 9.183624312269659251e-01 -3.468150686010964545e-01 -1.906036544825759904e-01 7.764026598222927511e+00 1.985257598618888342e-01 -1.290320804366225371e-02 9.800107294787346879e-01 3.008487998705883792e-01
-3.415679633580115393e-01 -9.381415385797472473e-01 5.676072584705733892e-02 -1.140571556679888632e+00 9.176734338036588445e-01 -3.459410464842738175e-01 -1.954488711872418572e-01 8.017161877919813051e+00 2.029945696280119338e-01 -1.467126267879133306e-02 9.790699457918969895e-01 3.443615904475795242e-01
-3.497497227292676314e-01 -9.352152484337734606e-01 5.520480547702091845e-02 -1.295054500714152734e+00 9.146740150000076675e-01 -3.536232785266040235e-01 -1.957601163870253680e-01 8.222331332761482869e+00 2.025995501835239077e-01 -1.797264535485013082e-02 9.790967297894435095e-01 3.945644426083173006e-01
-3.679655213218298027e-01 -9.280542458523810545e-01 5.759072732412519324e-02 -1.360387218782593166e+00 9.074224838405517968e-01 -3.719229735567544104e-01 -1.955958526179550350e-01 8.431334728281770552e+00 2.029428760488946604e-01 -1.971340904231204394e-02 9.789921197665144570e-01 4.155900084646277914e-01
-3.809227438171716162e-01 -9.220698163957761206e-01 6.844791402707091355e-02 -1.480260976545115792e+00 9.025018151026802382e-01 -3.868862557841379335e-01 -1.892339790357384088e-01 8.640406386307208919e+00 2.009684974794935242e-01 -1.030915986831092146e-02 9.795434570470288316e-01 4.336092328141702978e-01
-4.050265006422812952e-01 -9.110804941199466267e-01 7.671940440085855961e-02 -1.604911866556748556e+00 8.932870186866876949e-01 -4.122085086932791853e-01 -1.792273628850023504e-01 8.879658207219316424e+00 1.949149456129973812e-01 -4.059383575995459403e-03 9.808117481870133325e-01 4.316181933254447101e-01
-4.233946827400214552e-01 -9.018127639864667033e-01 8.643310325660046034e-02 -1.697066471301781343e+00 8.860942453275387765e-01 -4.320910851651369455e-01 -1.677327711517161979e-01 9.080526824048282819e+00 1.886105273437734819e-01 5.570711974589123705e-03 9.820361684496146104e-01 5.201889561948490615e-01
-4.343635313032618850e-01 -8.962615413092482886e-01 8.968596458605891664e-02 -1.761765117044696849e+00 8.811759193738870621e-01 -4.434569597252400186e-01 -1.639357312693984770e-01 9.289634721624798530e+00 1.867011563685289643e-01 7.821409158095884995e-03 9.823856186698967097e-01 5.576560720914198743e-01
-4.260305609451604525e-01 -9.002293145213864367e-01 8.991741998693704441e-02 -1.831370293892573997e+00 8.854265482120509123e-01 -4.352962811146501299e-01 -1.629017353162593440e-01 9.521500061543433091e+00 1.857896360458382579e-01 1.021415312744090864e-02 9.825364533765880148e-01 5.732680132728125155e-01
-4.118250742832019196e-01 -9.073385184956704874e-01 8.448029974921625329e-02 -1.918499351409335807e+00 8.931700467396038734e-01 -4.202920446328264337e-01 -1.600058274736662067e-01 9.732662339702164545e+00 1.806858483634222468e-01 9.560861490495467518e-03 9.834943894749730298e-01 6.256066402523549064e-01
-4.084992933040363372e-01 -9.093605149661480036e-01 7.868787194101659055e-02 -2.025275490009848411e+00 8.948360094814836740e-01 -4.159871256913296733e-01 -1.619358743278356827e-01 9.964559206764869614e+00 1.799912317457649513e-01 4.262051098797237092e-03 9.836589812608196315e-01 5.901352206193577477e-01
-4.087042673713559005e-01 -9.096691105860674753e-01 7.391164372408992600e-02 -2.132143642730640831e+00 8.966924944257765873e-01 -4.153173922863528933e-01 -1.531470995642520705e-01 1.019360715311281673e+01 1.700099769805360483e-01 3.684143050607768810e-03 9.854354544144736661e-01 6.316330317893975588e-01
-4.184208865980696412e-01 -9.053873278856593432e-01 7.209541013512188457e-02 -2.226627359276135643e+00 8.928651630614129475e-01 -4.245836677266214831e-01 -1.500683500646522450e-01 1.040140525703656671e+01 1.664805161266702527e-01 1.579748041913811574e-03 9.860434788315988186e-01 6.504569667901388685e-01
-4.182056761376289344e-01 -9.053642600907675364e-01 7.361772202782472518e-02 -2.326431100229425120e+00 8.929460516908963585e-01 -4.246235372730726709e-01 -1.494730757137987254e-01 1.062509395880062968e+01 1.665873981305553420e-01 3.226165525963858860e-03 9.860214148993372563e-01 7.033169084159966999e-01
-4.169564266665513053e-01 -9.056554787318372712e-01 7.704214498874474570e-02 -2.392816191080501920e+00 8.938804725689838415e-01 -4.239373719227641502e-01 -1.457902789868704141e-01 1.081975397189405719e+01 1.646968093841232883e-01 8.078275201182191778e-03 9.863111590408291107e-01 6.958709649865280067e-01
-4.167726188050382419e-01 -9.056633712560206995e-01 7.793870783871821584e-02 -2.483860998048403435e+00 8.952160129343551542e-01 -4.238169036915424570e-01 -1.377226282468856089e-01 1.104114348731700623e+01 1.577620816302394147e-01 1.237295884146563663e-02 9.873996331218687361e-01 7.783576304623314179e-01
-4.153634621000423799e-01 -9.061631857402585588e-01 7.963337969301961805e-02 -2.592067522271030100e+00 8.968155510575004374e-01 -4.225851559362414633e-01 -1.309337747251437811e-01 1.124478244123925030e+01 1.522992506012382230e-01 1.703134731630383258e-02 9.881876701694333187e-01 7.125023617472939774e-01
-4.179859578885170013e-01 -9.049665074518948860e-01 7.951955355973003292e-02 -2.679951120138935217e+00 8.972168114883303236e-01 -4.249561641499486342e-01 -1.200593675382157083e-01 1.147308231911765652e+01 1.424420309836017251e-01 2.116315055188587591e-02 9.895768736525651921e-01 7.681631131218211728e-01
-4.177403758508713150e-01 -9.049861670460329632e-01 8.057925191575429635e-02 -2.774052288098684649e+00 8.978813244379680869e-01 -4.247624376322693962e-01 -1.156978772588896642e-01 1.168425826765985676e+01 1.389320179422054158e-01 2.401893070106161931e-02 9.900105986091686239e-01 7.747300040518136921e-01
-4.165038862950780629e-01 -9.056928872642431294e-01 7.902472182839524739e-02 -2.862455924331551937e+00 8.989776311659123387e-01 -4.232486072512360309e-01 -1.126935451710239511e-01 1.191034866404111092e+01 1.355128457542727483e-01 2.410415770873450270e-02 9.904823361457442132e-01 8.411453786901434970e-01
-4.141488681840939101e-01 -9.070415329483252354e-01 7.587076175040308179e-02 -2.957451116339410380e+00 9.016203736515935319e-01 -4.202372105875673558e-01 -1.023786533118180020e-01 1.212079407761048699e+01 1.247454079242798219e-01 2.600662116332830287e-02 9.918478909880648065e-01 8.146675054276469874e-01
-4.116897680926394631e-01 -9.080533192504379736e-01 7.714080791702328244e-02 -3.064131275208634264e+00 9.023555309096163990e-01 -4.180214410325133745e-01 -1.049407960419855568e-01 1.233859068702581574e+01 1.275383498585945796e-01 2.640538269678024269e-02 9.914820851028944837e-01 7.917074844472807849e-01
-3.925776788998054379e-01 -9.172603801063436979e-01 6.720238921948529232e-02 -3.199096848854302344e+00 9.138781748715230080e-01 -3.972635232068031375e-01 -8.371603563721763397e-02 1.282187181030516498e+01 1.034864605788380909e-01 2.854974984975664626e-02 9.942210339056305468e-01 8.753707036871967162e-01
-3.792499334312164905e-01 -9.228778437713126559e-01 6.682793928013969209e-02 -3.308104556276135977e+00 9.194759533513340299e-01 -3.839676314500184429e-01 -8.445607856938155966e-02 1.306543186832292491e+01 1.036024092435723354e-01 2.941672100481195623e-02 9.941836838956131794e-01 9.030523010929529804e-01
-3.673108947129393176e-01 -9.278227157284091309e-01 6.502087975058190583e-02 -3.403524858325306379e+00 9.243580115499725469e-01 -3.719056468392789583e-01 -8.513786661902074393e-02 1.330871502957199226e+01 1.031744789594820355e-01 2.883050515369436559e-02 9.942453564709378133e-01 8.938327414088437228e-01
-3.558009975706712957e-01 -9.324856650843116324e-01 6.225861016745984355e-02 -3.470842993796420917e+00 9.293654468875247598e-01 -3.600519729986058071e-01 -8.150118325130162322e-02 1.354899590353831229e+01 9.841502049619335613e-02 2.886279875687430135e-02 9.947268080174848093e-01 9.135149705945834198e-01
-3.441309567826007498e-01 -9.370245435502344566e-01 5.965642772045987724e-02 -3.535835189146180557e+00 9.343029051098452609e-01 -3.480406209087016922e-01 -7.710906367469821943e-02 1.380162295700565878e+01 9.301594533839402379e-02 2.920155786871679246e-02 9.952363050707329073e-01 8.894806794858463039e-01
-3.327623925659242143e-01 -9.415519200265367594e-01 5.243254703086130952e-02 -3.577779685992098280e+00 9.395615754004693621e-01 -3.357835531792778827e-01 -6.688386535844789704e-02 1.403153418091639537e+01 8.058061879130520855e-02 2.700717142984098915e-02 9.963821438416936571e-01 9.403979291387560835e-01
-3.220614530191006075e-01 -9.457772978619810589e-01 4.221046467542580866e-02 -3.630820455006253500e+00 9.435798330486552254e-01 -3.243021406842399035e-01 -6.697178668283904068e-02 1.426646765892784430e+01 7.702933949540158309e-02 1.825991228098405167e-02 9.968616034637871604e-01 9.184390198042191589e-01
-3.130393318060493701e-01 -9.492800835537803517e-01 2.955841184079732731e-02 -3.712203416358623276e+00 9.472010900063586591e-01 -3.143254394951904285e-01 -6.332150643281993230e-02 1.452222059189024783e+01 6.940080570993699405e-02 8.175637851777689535e-03 9.975553554126849187e-01 8.935487216959276946e-01
-3.072740308465051751e-01 -9.514388568913545452e-01 1.862180347372454844e-02 -3.794996229891398176e+00 9.497293607129426718e-01 -3.078377386130786153e-01 -5.700936840004120626e-02 1.476517519459107142e+01 5.997342217288183230e-02 1.681750841284468390e-04 9.981999601031921188e-01 9.247880653207933843e-01
-3.097861925027807217e-01 -9.507899795025875900e-01 5.561457731479320377e-03 -3.905796118815327400e+00 9.494057835770517428e-01 -3.096419626729207675e-01 -5.244533403941494670e-02 1.500663225334257334e+01 5.158655876363944792e-02 -1.096676021122105354e-02 9.986083101623954850e-01 9.465355466239793181e-01
-3.140478079712170079e-01 -9.494053314667583177e-01 -1.868392616245346388e-03 -3.987609073528020964e+00 9.482262234147982305e-01 -3.135584374278412856e-01 -5.047906047382212658e-02 1.526955831637859795e+01 4.733923887202802494e-02 -1.762449716460875657e-02 9.987233718916924685e-01 8.653729613664902232e-01
-3.143810753153009063e-01 -9.492342776095629153e-01 -1.090071991415183551e-02 -4.054947077045251369e+00 9.486940590599136636e-01 -3.137515735206737322e-01 -3.923687573860488997e-02 1.553050656369195082e+01 3.382486937181751474e-02 -2.267677940874737730e-02 9.991704768895178779e-01 9.330027614931922786e-01
-3.210528415380611289e-01 -9.468448883547170292e-01 -2.024426676567588762e-02 -4.295092848949439990e+00 9.468428418493287646e-01 -3.204463663477115087e-01 -2.833300431008137221e-02 1.606329757431441507e+01 2.033975857829813799e-02 -2.826453061863024030e-02 9.993935213567701759e-01 8.990729888339048514e-01
-3.380622781780571184e-01 -9.408463366179657950e-01 -2.284878433560482910e-02 -4.398788434730155572e+00 9.410032848304112907e-01 -3.375309483794393106e-01 -2.420076082381879962e-02 1.632258123186987930e+01 1.505702531834353028e-02 -2.968214545192825876e-02 9.994459746429185110e-01 9.090966517450147499e-01
-3.578326233147912649e-01 -9.335745923647050803e-01 -1.985684221444699790e-02 -4.465145047084340568e+00 9.337165818899807457e-01 -3.574664045233355569e-01 -1.977661095461531737e-02 1.659626802075139906e+01 1.136478751872480042e-02 -2.561737941776816296e-02 9.996072185995958925e-01 8.752756217407871020e-01
-3.774471079905195037e-01 -9.258682648981541030e-01 -1.736769196166459972e-02 -4.598291531683614153e+00 9.260100679954955671e-01 -3.772455930308278305e-01 -1.382448949499340274e-02 1.686677754057633294e+01 6.247770848177398688e-03 -2.130067119367642925e-02 9.997535930248651059e-01 8.907552865328148828e-01
-4.034382665249289790e-01 -9.149015624872866015e-01 -1.388150069992875706e-02 -4.739120718548694988e+00 9.149720178521644209e-01 -4.032440693614252059e-01 -1.484678660103950880e-02 1.715312971363542260e+01 7.985715428123615553e-03 -1.869094655601896693e-02 9.997934170947221366e-01 8.638137071573294135e-01
-4.241574287990423908e-01 -9.055200415362705257e-01 -1.113238387480557263e-02 -4.877242280987640122e+00 9.055883834310969327e-01 -4.241306896388574721e-01 -4.778901664582406797e-03 1.741572938390763525e+01 -3.941944163353711811e-04 -1.210836415945232801e-02 9.999266133712734206e-01 8.875024111320413134e-01
-4.445239180255822209e-01 -8.957582369592616001e-01 -3.958184283224034511e-03 -5.037031439012593204e+00 8.957641500927717715e-01 -4.445070614390349562e-01 -4.478810043725224566e-03 1.771086183159085081e+01 2.252490124072652113e-03 -5.536537769101812848e-03 9.999821363593313084e-01 7.633315525878241470e-01
-4.515609885371016929e-01 -8.922398661537898068e-01 -8.335929838047973633e-04 -5.155095330971424694e+00 8.922175912598289127e-01 -4.515559802005542078e-01 6.705713356928842683e-03 1.799068924728932117e+01 -6.359518684942151376e-03 2.284292228199824321e-03 9.999771690049288342e-01 7.760879900113842877e-01
-4.441467836758699050e-01 -8.959327097586562427e-01 6.181758236253868770e-03 -5.293069861863078707e+00 8.958293281704730049e-01 -4.439592779371646092e-01 1.974776754851644001e-02 1.827750767607863480e+01 -1.494822196847700110e-02 1.430870776914788811e-02 9.997858828479017079e-01 8.114824741921182749e-01
-4.397522029975582392e-01 -8.979885847582658176e-01 1.531344515911619263e-02 -5.570063485574167750e+00 8.979692660118370195e-01 -4.393034122827534915e-01 2.576255528653708521e-02 1.891482839619074952e+01 -1.640723184930945738e-02 2.508014355174516263e-02 9.995507936780736458e-01 7.506960841867246215e-01
-4.323348094982877310e-01 -9.015162444039106493e-01 1.884339597703670738e-02 -5.730223465961570284e+00 9.015748180981024706e-01 -4.318080521000540184e-01 2.654531056382629026e-02 1.923190537614091511e+01 -1.579429857424191619e-02 2.846519308603211521e-02 9.994699960054441723e-01 7.066804122325808235e-01
-4.276392887031772450e-01 -9.038200525970873089e-01 1.529546602229266139e-02 -5.841104477373881387e+00 9.037390305773501664e-01 -4.271134396379365761e-01 2.880753880084231319e-02 1.959807396508234234e+01 -1.950393213052332292e-02 2.614234503729695111e-02 9.994679456727958433e-01 7.251891555421356994e-01
-4.139364030007435247e-01 -9.096959668006910915e-01 3.331519559243925621e-02 -5.960653780236241595e+00 9.101762527985118867e-01 -4.142176453698220850e-01 -1.712047294943456338e-03 1.997200561999786217e+01 1.535718439251734443e-02 2.961402118653981216e-02 9.994434284323937545e-01 9.953660466408554841e-01
-4.014557668647278366e-01 -9.150420429051958626e-01 3.913217304136209357e-02 -6.144571878102556006e+00 9.140863162482216753e-01 -4.029758839852755070e-01 -4.535023014320994222e-02 2.031838313783318739e+01 5.726668926007127264e-02 1.756407248253239600e-02 9.982044027447578571e-01 9.700628831693929310e-01
-3.902732281037069040e-01 -9.193423363523562930e-01 4.996474772980499107e-02 -6.286995013685355183e+00 9.143829317954681457e-01 -3.933704635538910477e-01 -9.572634143495387105e-02 2.072403650890763416e+01 1.076599343611004678e-01 8.327484229222970047e-03 9.941529014893913940e-01 8.671133632100207489e-01
-3.836703307762112658e-01 -9.227717879341613694e-01 3.590688896109042738e-02 -6.409115944258745756e+00 9.191876166474898247e-01 -3.853425786518585028e-01 -8.127251983200556307e-02 2.107479871521750781e+01 8.883244161892688007e-02 1.823313118409004840e-03 9.960449150742611835e-01 9.092326821351776056e-01
-3.787703756961005030e-01 -9.250010526970494640e-01 3.010074757185754804e-02 -6.538386375085133650e+00 9.208626389023891745e-01 -3.799254446708333344e-01 -8.757086710428946263e-02 2.143680150540866691e+01 9.243918416322367826e-02 -5.450596391169598709e-03 9.957034137885729663e-01 8.852047190222686046e-01
-3.826145470865689457e-01 -9.231776467435107714e-01 3.673065355875342053e-02 -6.722618566507612137e+00 9.189459977417638870e-01 -3.843735576003799448e-01 -8.829055131791621602e-02 2.179028829701381298e+01 9.562615537672618238e-02 -2.776222227227065353e-05 9.954173183329317887e-01 8.944693801884601170e-01
-4.085739116636659674e-01 -9.117485082043448319e-01 4.221393721276053834e-02 -6.940044321678474404e+00 9.077342987361367577e-01 -4.107350392432609354e-01 -8.552876963835717716e-02 2.212572204152392885e+01 9.531947128402096236e-02 3.374214721792320737e-03 9.954410143595380234e-01 9.442245994567867173e-01
-4.456944237746798265e-01 -8.930410099978404181e-01 6.192120055516750488e-02 -7.178642831272741276e+00 8.901935636643073524e-01 -4.494421827191548147e-01 -7.454625143682698518e-02 2.280656724293261206e+01 9.440285920880195358e-02 2.189700560987783984e-02 9.952932338353979169e-01 1.028569301453733598e+00
-4.394455189510275694e-01 -8.956720091088272717e-01 6.825897723244053750e-02 -7.311981847594946515e+00 8.924742475691549437e-01 -4.439657948976942770e-01 -7.990050304428167327e-02 2.315245853623351380e+01 1.018692951763817967e-01 2.580746132061993020e-02 9.944629815334766754e-01 9.999140062293481179e-01
-4.146385759955173445e-01 -9.065079930164129385e-01 7.948653907275494979e-02 -7.427592623091051394e+00 9.035791751638967417e-01 -4.204925976332694049e-01 -8.204053599140846698e-02 2.353619035086220634e+01 1.077939029191435777e-01 3.780521039460617294e-02 9.934541965085647020e-01 1.044110990672600714e+00
