1.000000000000000000e+00 0.000000000000000000e+00 0.000000000000000000e+00 0.000000000000000000e+00 0.000000000000000000e+00 1.000000000000000000e+00 0.000000000000000000e+00 0.000000000000000000e+00 0.000000000000000000e+00 0.000000000000000000e+00 1.000000000000000000e+00 0.000000000000000000e+00
9.999521564348042846e-01 -9.781494231746509088e-03 8.492337172058789067e-05 1.739351269536949796e-01 9.781855535160408066e-03 9.999243590374675694e-01 -7.455971150627105880e-03 3.302643424781608050e-02 -1.198640923308202927e-05 7.456445138538992691e-03 9.999722002546980182e-01 8.907644676993540372e-03
9.996997265294098600e-01 -2.435621177293252268e-02 -2.689186697703092009e-03 4.446634104790898601e-01 2.432528340759259125e-02 9.996436867633741175e-01 -1.099000005775083340e-02 2.043210681370201398e-02 2.955903273678062160e-03 1.092128482373415192e-02 9.999359920383081857e-01 3.505573270020148277e-03
9.996099832740529267e-01 -2.650166961622070147e-02 -8.805841606583044226e-03 6.435465515123331981e-01 2.641070061768747632e-02 9.995982038838024941e-01 -1.029104878809209041e-02 8.558415977871886016e-02 9.075033428612095179e-03 1.005446666057895587e-02 9.999082715271641053e-01 -1.093820325625065662e-02
9.998959845847532613e-01 -1.068731785598522020e-02 -9.685104456428044600e-03 8.761881107472107022e-01 1.059474914467175601e-02 9.998981806165786468e-01 -9.559272473226656380e-03 7.348446997564805905e-02 9.786281308457264044e-03 9.455666909375100987e-03 9.999074052438309268e-01 -2.127247771454832126e-02
9.999623979912186655e-01 -5.138530620239147896e-03 -6.985564165946943349e-03 1.122159644911272736e+00 5.154412542918772148e-03 9.999841678829204383e-01 2.257435456565095536e-03 2.662359476167647926e-02 6.973853668460427979e-03 -2.293357052013555563e-03 9.999730525761396649e-01 -3.433464037070754760e-02
9.999705295368885860e-01 -5.794595697885139909e-03 -5.036141222464761945e-03 1.656347000153677529e+00 5.881289712531273181e-03 9.998317714441147253e-01 1.737352129652672619e-02 9.942054232048152043e-03 4.934621467937703489e-03 -1.740262829637078193e-02 9.998363856348430057e-01 -4.957831905826267510e-02
9.997204397133637732e-01 -2.199188790529884446e-02 -8.683276206558445884e-03 1.959448383614096567e+00 2.215211955885916517e-02 9.995776564614571313e-01 1.880936740220818387e-02 7.289891834277809762e-03 8.265955381480278100e-03 -1.899646202275605267e-02 9.997853811755047504e-01 -3.763953427613958569e-02
9.990861713873000483e-01 -4.101741211643428198e-02 -1.201640736398370234e-02 2.199545917563758834e+00 4.115355381081878261e-02 9.990888162863272859e-01 1.131026879986947627e-02 3.529482805906136722e-02 1.154154025278488795e-02 -1.179445101968924943e-02 9.998638326160905754e-01 -5.394744065019847767e-02
9.976766247713712010e-01 -6.685430510077573774e-02 -1.310932013100027556e-02 2.468751340005078010e+00 6.688997413896625999e-02 9.977577042396337248e-01 2.301084558213863270e-03 5.446142509709876733e-02 1.292608774893173711e-02 -3.172620359894367040e-03 9.999114214446992444e-01 -5.030853417723746279e-02
9.959851856835574280e-01 -8.879500955355208724e-02 -1.135588733980361781e-02 2.733215190154856700e+00 8.867362728712328834e-02 9.960023931923639440e-01 -1.078056486590485939e-02 1.065297276120291403e-01 1.226775132752798078e-02 9.730315178257576900e-03 9.998774041070723761e-01 -5.344555442446186772e-02
9.945133854164244225e-01 -1.037873236538413152e-01 -1.308883785273381138e-02 2.977164435353448546e+00 1.035393937152642857e-01 9.944555258185696633e-01 -1.837936663727913686e-02 1.948540789445448729e-01 1.492381240293030355e-02 1.692331580054070098e-02 9.997454081943448756e-01 -5.930554609489018664e-02
9.948487602257628515e-01 -1.003431359705778819e-01 -1.439442047644494058e-02 3.233446699110575473e+00 9.996486188287791175e-02 9.946780113448525640e-01 -2.495355958147912889e-02 2.422842458336866289e-01 1.682173195600615567e-02 2.338608155804233063e-02 9.995849741384476017e-01 -6.715269815268018472e-02
9.959467011167935091e-01 -8.916058743437088596e-02 -1.185572363604631835e-02 3.495017019875741759e+00 8.885902694430891646e-02 9.957572415331050752e-01 -2.390793309535683628e-02 2.419732011628450141e-01 1.393706802333196867e-02 2.275753903082193205e-02 9.996438628592553277e-01 -7.554174321224016442e-02
9.959908951784206543e-01 -8.884456144549572609e-02 -1.042979497620744565e-02 3.801789384298329910e+00 8.864087803529045739e-02 9.958901162611423219e-01 -1.859223156324232851e-02 2.253636328597575511e-01 1.203874839096447970e-02 1.759318717361912227e-02 9.997727483294656103e-01 -9.158784661924200543e-02
9.965166405086737234e-01 -8.271600573768726761e-02 -1.061355661922854660e-02 4.067266738126941839e+00 8.250744366944413877e-02 9.964135155076261352e-01 -1.877838791981898889e-02 2.802441562704577893e-01 1.212876450592501737e-02 1.783727861913322540e-02 9.997673352150605597e-01 -9.495689512776438190e-02
9.968121778714993386e-01 -7.942092736620377791e-02 -7.602522171654317942e-03 4.353367469836293857e+00 7.926572891575107971e-02 9.966741942642434182e-01 -1.890753043567174052e-02 2.851445366627716749e-01 9.078891261215386518e-03 1.824463713021926697e-02 9.997923319117093532e-01 -9.859748035854232207e-02
9.968483712958771115e-01 -7.847438494791919572e-02 -1.162306120619214372e-02 4.645161717218996067e+00 7.820672277916196347e-02 9.966959953577140263e-01 -2.192718290248599558e-02 3.021933020393517411e-01 1.330538074992242831e-02 2.094907503785206973e-02 9.996920041183474659e-01 -1.216351838178501982e-01
9.972297504620349917e-01 -7.363775311654791045e-02 -1.050267153508210351e-02 4.913004281489742553e+00 7.332137613904107787e-02 9.969190981026795351e-01 -2.786193889910149740e-02 3.239116340948471340e-01 1.252200441242311453e-02 2.701468404565089687e-02 9.995566048260643432e-01 -1.241664901067066062e-01
9.975051412386840566e-01 -7.032543541135231890e-02 -6.150311910515184402e-03 5.191463362071684351e+00 7.007024326556636484e-02 9.969331601844119151e-01 -3.484874651154613867e-02 3.267799191823296812e-01 8.582203161034057670e-03 3.433084995926202754e-02 9.993736731223098468e-01 -1.465691538547298500e-01
9.976704919660941417e-01 -6.821694477755946284e-02 1.946929559248993490e-04 5.480815010806286303e+00 6.817732310367410897e-02 9.969853058451586536e-01 -3.704257743803385239e-02 3.407989893523756808e-01 2.332825443300141563e-03 3.696956010085747368e-02 9.993136692507513796e-01 -1.227956468765995512e-01
9.977070493904544035e-01 -6.758597139577886270e-02 -3.574921968708060383e-03 6.059784015881573005e+00 6.739734388462313708e-02 9.969729055047792388e-01 -3.876369082861526316e-02 3.635667607732882556e-01 6.183982041633347138e-03 3.843386735481583993e-02 9.992420108293391667e-01 -1.585600006302984866e-01
9.980461156236851705e-01 -6.239174628596970418e-02 -3.349788629264146243e-03 6.348815451525845255e+00 6.222867892714016580e-02 9.973954966343508977e-01 -3.646662600926246084e-02 3.713281466799674413e-01 5.616280571380261218e-03 3.618692151736178225e-02 9.993292571038034922e-01 -1.319937383586896607e-01
9.986565447156485753e-01 -5.064887913197402974e-02 -1.094516967783447717e-02 6.626250051492495352e+00 5.029273693683914553e-02 9.982633222072517798e-01 -3.067539970632154889e-02 3.917749179059120124e-01 1.247983605676759172e-02 3.008372613915009930e-02 9.994694708261883109e-01 -1.472565711414332845e-01
9.992505204669764884e-01 -3.523736304224822646e-02 -1.602265871525145394e-02 6.919771210145212237e+00 3.475972541649262337e-02 9.989698876488715129e-01 -2.917061980436931948e-02 3.866072138314434192e-01 1.703404929682491784e-02 2.859181380447601770e-02 9.994460212277216371e-01 -1.980436439766561085e-01
9.994159624584174617e-01 -3.142162773269761150e-02 -1.343187603959200040e-02 7.222762697876382809e+00 3.118145938281194698e-02 9.993564599182820363e-01 -1.773083783573864772e-02 3.574719738720348317e-01 1.398036387485126521e-02 1.730165686363535973e-02 9.997525704371555966e-01 -1.764077594509060321e-01
9.996833137466700769e-01 -2.212789280572854608e-02 -1.198451402664613315e-02 7.801048340673652604e+00 2.191999102171144145e-02 9.996115959870432999e-01 -1.720962410525796529e-02 3.716912466545415628e-01 1.236067191073287642e-02 1.694147361401519489e-02 9.997800759475560239e-01 -2.182461262206350783e-01
9.995398534010326852e-01 -2.715020324639795882e-02 -1.352582443777011756e-02 8.110590077387225705e+00 2.696749614960062755e-02 9.995449850749221765e-01 -1.351210431409060990e-02 3.649235670040131829e-01 1.388652636419104164e-02 1.314112914679984971e-02 9.998172208510331949e-01 -1.982027354302291211e-01
9.994112168721751566e-01 -2.940225989217566671e-02 -1.768408050510259302e-02 8.394508007254412263e+00 2.913400723045510288e-02 9.994593265170524932e-01 -1.524021852782121017e-02 3.817208563673684663e-01 1.812261605767172615e-02 1.471603721498805639e-02 9.997274673809424250e-01 -1.894575764600825163e-01
9.992522266705106126e-01 -3.223655763053464435e-02 -2.134928209939660274e-02 8.693208425448029075e+00 3.173706848044394874e-02 9.992238017746889467e-01 -2.333564764913893808e-02 3.693304071093226892e-01 2.208497177480670329e-02 2.264063424620368220e-02 9.994997027026248926e-01 -2.296122860134477695e-01
9.991887069025477963e-01 -3.463635485942405390e-02 -2.054874498519349696e-02 8.978676588551447679e+00 3.402482879667084736e-02 9.989885169250365404e-01 -2.939819853789058315e-02 3.845709388582013166e-01 2.154620671421541428e-02 2.867518045223160436e-02 9.993565404810538233e-01 -2.263529823315205414e-01
9.992798466806427360e-01 -3.308672618262128301e-02 -1.857569832946510957e-02 9.259328712977849207e+00 3.239685047319795091e-02 9.988161843628127201e-01 -3.628600190609407306e-02 4.024151321801968662e-01 1.975429313664002484e-02 3.565807630016028240e-02 9.991687892930021242e-01 -2.146540368950176636e-01
9.993306339786931503e-01 -3.360881690585860310e-02 -1.444754020350180572e-02 9.569698911648643502e+00 3.297476964492834089e-02 9.985696687993811382e-01 -4.208659074762628044e-02 3.745256772831139780e-01 1.584135595860531459e-02 4.158201510368086246e-02 9.990095031886884192e-01 -2.313581763604004582e-01
9.994302589149095528e-01 -2.949660743010576111e-02 -1.640450289984666035e-02 9.858729798809028111e+00 2.873012874847983775e-02 9.985672171715744838e-01 -4.514523775896479851e-02 3.655897174303106567e-01 1.771263016529787612e-02 4.464821318184993004e-02 9.988457337308376260e-01 -2.696417583731832157e-01
9.997496869345020576e-01 -1.628530631600867695e-02 -1.534119527803702761e-02 1.015356330312419075e+01 1.559854969056205694e-02 9.989155181935743810e-01 -4.386881306365327665e-02 3.420832027929398000e-01 1.603897508933049137e-02 4.361853172971847520e-02 9.989195037478382222e-01 -2.496390533016528135e-01
9.998757673030166382e-01 -6.427640323885603323e-03 -1.439219927844627607e-02 1.045673245429270359e+01 5.817388928361331112e-03 9.990986057075850191e-01 -4.204918618969610833e-02 3.019635988629765233e-01 1.464950327690084896e-02 4.196023728515260731e-02 9.990118770769013112e-01 -2.539065476842098379e-01
9.998865802428632543e-01 1.650596962984857488e-03 -1.497004274870367656e-02 1.073434033371168361e+01 -2.236972699174701908e-03 9.992273819432938575e-01 -3.923818456419532474e-02 3.187977217492837800e-01 1.489371019509166429e-02 3.926722175576589924e-02 9.991177421566529437e-01 -2.781686650165777763e-01
9.998385558674610651e-01 1.261038264563609651e-02 -1.280001759376365143e-02 1.103943349193363765e+01 -1.307595754561917054e-02 9.992309829104831786e-01 -3.696568849642636184e-02 2.863081969045964681e-01 1.232402268478860648e-02 3.712709308955258053e-02 9.992345557593494965e-01 -2.683815507799444111e-01
9.996165442100781728e-01 2.245542374353188403e-02 -1.620242222629761017e-02 1.133268762772375560e+01 -2.299758835647428001e-02 9.991541341834013767e-01 -3.408998495164968640e-02 2.592738199430633106e-01 1.542321209369037008e-02 3.444952958627981593e-02 9.992874233372484039e-01 -2.958424142203172069e-01
9.993323494824922770e-01 3.359510406121948151e-02 -1.436051046856277359e-02 1.163992773348297227e+01 -3.395278591868371859e-02 9.990997323878133551e-01 -2.543487902388706992e-02 2.478639716350624633e-01 1.349309475850144456e-02 2.590547675136615699e-02 9.995733303105492906e-01 -2.713248673461911009e-01
9.989967604175871152e-01 4.231224089089189594e-02 -1.466788825827274913e-02 1.193874138877229996e+01 -4.262151866242806092e-02 9.988608697314655949e-01 -2.145621276479959399e-02 2.223579507447579484e-01 1.374331917967184201e-02 2.205985471600365594e-02 9.996621849344079491e-01 -3.124452763914354336e-01
9.985994657758240356e-01 5.067174114005875557e-02 -1.521451944931865967e-02 1.223356926484592755e+01 -5.093763306580740419e-02 9.985462309072655751e-01 -1.762901808232461218e-02 1.965768631756160956e-01 1.429910801036146477e-02 1.837931964814368616e-02 9.997288312934560217e-01 -3.172028728183554636e-01
9.985699327386974300e-01 5.120676488072432864e-02 -1.536088085636430969e-02 1.256100670851228962e+01 -5.142023261123584987e-02 9.985812091717377603e-01 -1.383937741794929663e-02 1.575982729429250551e-01 1.463041723395473725e-02 1.460944624413481122e-02 9.997862346381851673e-01 -3.129744135501674185e-01
9.988906511891579854e-01 4.377709016141241583e-02 -1.735031250149599719e-02 1.314503626757352883e+01 -4.411838661278993934e-02 9.988300395804510234e-01 -1.980201995754298991e-02 1.361904384061453088e-01 1.646313850954299329e-02 2.054552040504454072e-02 9.996533632523333379e-01 -3.312384403197063953e-01
9.987888402597041582e-01 4.486891927416773035e-02 -2.018991470619537973e-02 1.344602397299011187e+01 -4.530173901060965264e-02 9.987416060822345010e-01 -2.151642913899532578e-02 1.287619163963939772e-01 1.919908891822296945e-02 2.240500755293377971e-02 9.995646105286356553e-01 -3.379078837886669850e-01
9.987660817564367743e-01 4.638279747604633074e-02 -1.774683158174158656e-02 1.374904253841944701e+01 -4.677171489174045127e-02 9.986596414666057964e-01 -2.216590155793780187e-02 1.105453754325593091e-01 1.669492794175448172e-02 2.296860039459339142e-02 9.995967800953208249e-01 -3.408960876715956267e-01
9.985450742905983557e-01 5.124772508100239321e-02 -1.677513886694965289e-02 1.436244293556826257e+01 -5.156023484456442874e-02 9.984936820941651137e-01 -1.875923774596648455e-02 7.722018897057930653e-02 1.578850191616704840e-02 1.959687454821120237e-02 9.996832927058373341e-01 -3.587015610176951252e-01
9.986369495549377584e-01 4.977518086877854436e-02 -1.570587002012464178e-02 1.466740598652729766e+01 -5.001307115181354707e-02 9.986338684412247035e-01 -1.513570335591554739e-02 4.652062263447623303e-02 1.493103136331525374e-02 1.590057142353756489e-02 9.997620897647763183e-01 -3.716295168702625773e-01
9.985723112800212187e-01 5.167083008829307517e-02 -1.354490542097136832e-02 1.495040949318457102e+01 -5.183869505877459344e-02 9.985791091675030318e-01 -1.234959225397510435e-02 4.428280572745346699e-02 1.288754590601682432e-02 1.303411110213544347e-02 9.998319974417189115e-01 -3.649661157766318498e-01
9.985604237899553537e-01 5.241063653199489608e-02 -1.141075013905733931e-02 1.523705346544953976e+01 -5.251860131651498592e-02 9.985759214124100280e-01 -9.376870006201338745e-03 3.338613978906565527e-02 1.090305260841318430e-02 9.962647924491250737e-03 9.998909285967898519e-01 -3.784242973911355334e-01
9.985962026175949635e-01 5.222252567532028461e-02 -8.856180317147613681e-03 1.553492503082449794e+01 -5.229949754829995440e-02 9.985935951980623448e-01 -8.694491681730210850e-03 1.819288331414314897e-02 8.389676627539735879e-03 9.145460157850020602e-03 9.999229839765593209e-01 -4.026620639162097892e-01
9.989959296241064379e-01 4.395362148682868675e-02 -8.672470966228085221e-03 1.584351229448264142e+01 -4.400439663271578372e-02 9.990147704969455367e-01 -5.753382129306243258e-03 3.151564125951590578e-02 8.411044611587162323e-03 6.129232180932624001e-03 9.999458419541601417e-01 -3.921242687973139907e-01
9.994206762367706665e-01 3.385106697959756189e-02 -3.523801183206791768e-03 1.612818142323029491e+01 -3.387675361326159679e-02 9.993978419778832833e-01 -7.504599561350227405e-03 2.743971160048794267e-02 3.267640595649654207e-03 7.619626912956433545e-03 9.999656313147192721e-01 -4.020830298554025073e-01
9.995826318637357488e-01 2.831916789209576110e-02 -5.708485461710883190e-03 1.644387655516117164e+01 -2.836387297533523796e-02 9.995663775241323545e-01 -7.908706159842893851e-03 3.352492926561582987e-02 5.482042156561678890e-03 8.067320074410213454e-03 9.999524316489313280e-01 -4.082353811801229804e-01
9.996482724039137402e-01 2.565708912590341367e-02 -6.711576376384175042e-03 1.673140718387848835e+01 -2.569716044833611490e-02 9.996520425806472154e-01 -5.953965840712279606e-03 2.035079489044962914e-02 6.556479601360719507e-03 6.124340121625153344e-03 9.999597517066932673e-01 -4.225705737039706644e-01
9.995284083933615449e-01 2.957471507202713568e-02 -8.264202504894660808e-03 1.704243652473514814e+01 -2.964252291988733745e-02 9.995268741114010647e-01 -8.206629273657763124e-03 2.222782330661229877e-02 8.017583774270786376e-03 8.447730908339442374e-03 9.999321747963323403e-01 -4.151615620696233466e-01
9.994950661777314282e-01 2.872027853223101460e-02 -1.359258207270839375e-02 1.735488886014184118e+01 -2.885608882707188169e-02 9.995345190950767345e-01 -9.903094212305167676e-03 -4.981979340061240547e-03 1.330183536119661572e-02 1.029032256077160035e-02 9.998585752183249964e-01 -4.302908896946446293e-01
9.994764201546446625e-01 2.834915192526903105e-02 -1.559522811549189127e-02 1.767753571780208333e+01 -2.857953883036060128e-02 9.994826326233317015e-01 -1.475388235611812919e-02 -3.642036518259903627e-02 1.516889960083209719e-02 1.519186194817075293e-02 9.997695293493633617e-01 -4.407178880924098041e-01
9.994735062213574439e-01 2.888189072439004135e-02 -1.478332674909571716e-02 1.798357230303879817e+01 -2.916815074598053115e-02 9.993837305105052193e-01 -1.952890608727453348e-02 -2.398902147352949960e-02 1.421018450428747880e-02 1.994982654286060059e-02 9.996999925363928563e-01 -4.551449960350029134e-01
9.996027325420728804e-01 2.533160181467821251e-02 -1.235665990159780063e-02 1.831166611297829050e+01 -2.561832390111020916e-02 9.993925855288878779e-01 -2.362544116799600996e-02 -7.115146369858800501e-02 1.175068401919517579e-02 2.393261246473578352e-02 9.996445125571858936e-01 -4.668272944842322691e-01
9.996296374512109173e-01 2.467075101722860861e-02 -1.148659973214821370e-02 1.861018946676161789e+01 -2.495139872475540463e-02 9.993768569427652348e-01 -2.496648771609662198e-02 -6.987589501051692797e-02 1.086349993505537556e-02 2.524384779398027717e-02 9.996222949282971282e-01 -4.714130750561855154e-01
9.997028677251578177e-01 2.102394335409162734e-02 -1.233572324347270537e-02 1.921716855554115000e+01 -2.132694473128653873e-02 9.994607271910018742e-01 -2.496830453319611245e-02 -6.791806048381872352e-02 1.180413870319454821e-02 2.522396893190520170e-02 9.996121316294626080e-01 -4.632132234802477933e-01
9.994853034285319238e-01 2.638487310075322834e-02 -1.824737520392128234e-02 1.982189012784116855e+01 -2.680679501046548396e-02 9.993695717206863005e-01 -2.327777609822271124e-02 -8.514327654085260266e-02 1.762169037415012643e-02 2.375494875324412128e-02 9.995624935130811295e-01 -4.904095762563833727e-01
9.993249196976631277e-01 3.352399762834489677e-02 -1.502818865578787674e-02 2.015102206081576242e+01 -3.386272487115215418e-02 9.991645144491839714e-01 -2.288206568094433221e-02 -1.347926848521897591e-01 1.424853450569141949e-02 2.337551386688906455e-02 9.996252120749551384e-01 -5.047448664286264819e-01
9.990630087586728214e-01 4.143120928526011770e-02 -1.251237096752285359e-02 2.047576162926579357e+01 -4.163564186756402163e-02 9.989958559655992554e-01 -1.654548548201785138e-02 -1.588385368313001422e-01 1.181430727312789315e-02 1.705094310355558321e-02 9.997848205903785423e-01 -4.995911392257370576e-01
9.988924141124988498e-01 4.576859113185495487e-02 -1.091700940318781829e-02 2.077558287116137592e+01 -4.589221889699431067e-02 9.988818466472698665e-01 -1.135608573631368898e-02 -1.475557382302344622e-01 1.038505046759822387e-02 1.184451368124653584e-02 9.998759214134722573e-01 -5.063162706516307621e-01
9.987834678231527485e-01 4.781989672951762749e-02 -1.203502720958406561e-02 2.111003639525738862e+01 -4.794089464514703081e-02 9.988003712436079873e-01 -9.974418492014275328e-03 -1.927324862358457958e-01 1.154361398263437435e-02 1.053925426247954641e-02 9.998778270847947791e-01 -5.276749886531837408e-01
9.990358690064066183e-01 3.959002378266463645e-02 -1.897267655081695190e-02 2.199795027853033602e+01 -3.986939254272895555e-02 9.990985233120336373e-01 -1.457985781781185979e-02 -1.964916758711622580e-01 1.837835620744302303e-02 1.532223001399827221e-02 9.997136916590221301e-01 -5.353344855052674101e-01
9.988404025950158305e-01 4.439593132600409137e-02 -1.862394763532579031e-02 2.231761820234395088e+01 -4.465118104221999645e-02 9.989111351380777215e-01 -1.352095147139651711e-02 -2.130264735372212059e-01 1.800339344016904999e-02 1.433685386874312441e-02 9.997351311451372347e-01 -5.336668144633087696e-01
9.982181340368253553e-01 5.662850779685431324e-02 -1.880874755905061549e-02 2.260351389226661567e+01 -5.687217023484766876e-02 9.983009126552256918e-01 -1.268243054473435459e-02 -2.293916973047138153e-01 1.805860273711642691e-02 1.372952644649896685e-02 9.997426603735273254e-01 -5.356103991641829598e-01
9.982970070003281959e-01 5.532884385149204609e-02 -1.848796506497850725e-02 2.294423169645731875e+01 -5.559249903206613108e-02 9.983544761770749565e-01 -1.406463467595538142e-02 -2.414054286512914982e-01 1.767936270221246234e-02 1.506847488153897907e-02 9.997301541912138045e-01 -5.794869196093195285e-01
9.987841466684251879e-01 4.662266814309951046e-02 -1.601733994907402966e-02 2.324242824521763140e+01 -4.682259171277763921e-02 9.988269736918999886e-01 -1.234186091232246374e-02 -2.508730911174470446e-01 1.542314070234448130e-02 1.307682838837464015e-02 9.997955407432944641e-01 -5.601009335007836043e-01
9.990168529368417261e-01 4.091976353343828449e-02 -1.705580547896504498e-02 2.355375471162823331e+01 -4.119533430358576082e-02 9.990208809001611678e-01 -1.613145861606401013e-02 -2.467816959506253793e-01 1.637901034203867109e-02 1.681821862842406215e-02 9.997243997934540660e-01 -5.569578842462633572e-01
9.993467100674036097e-01 3.109232292490625091e-02 -1.842336919757125643e-02 2.385237317191971229e+01 -3.138799977692653675e-02 9.993794723109121758e-01 -1.598323476541237825e-02 -2.678103196338270653e-01 1.791498109014708420e-02 1.655106578731341260e-02 9.997025135878391255e-01 -5.704198961840923898e-01
9.994247386137816713e-01 2.727341124209862674e-02 -2.015819649655122350e-02 2.417631458164364489e+01 -2.763895637127474977e-02 9.994543929094700241e-01 -1.808326808597926147e-02 -2.974708047855202930e-01 1.965400563450038149e-02 1.863001699360452776e-02 9.996332540133591182e-01 -5.686426848413731472e-01
9.994431835059035540e-01 2.597902355724812304e-02 -2.093832081607373274e-02 2.448780940523825578e+01 -2.641336944249213572e-02 9.994359019312208936e-01 -2.074154877585908732e-02 -2.915878973224675930e-01 2.038766436547605199e-02 2.128305114260796091e-02 9.995655930832062497e-01 -5.909905224730762630e-01
9.995702661960054192e-01 2.074222932290840926e-02 -2.071334979096324871e-02 2.481463846299349285e+01 -2.115222653556492888e-02 9.995806798336247523e-01 -1.977492897425071200e-02 -3.176022656614818085e-01 2.029448815405457754e-02 2.020456448588773407e-02 9.995898705591711453e-01 -5.935648723111182079e-01
9.996403899233324841e-01 1.854871385105521381e-02 -1.936584747434226192e-02 2.513053057894840947e+01 -1.899800834057724375e-02 9.995484551775692950e-01 -2.328006510356202957e-02 -3.578905255931174034e-01 1.892528766014333133e-02 2.363960588940521024e-02 9.995413961014193438e-01 -6.161532066950373698e-01
9.996649303991023139e-01 1.840120601184972587e-02 -1.820501434954956491e-02 2.542846226871155935e+01 -1.888614032146046506e-02 9.994614767382113962e-01 -2.683412417113322998e-02 -3.626033730472770777e-01 1.770143027882055756e-02 2.716895532741656419e-02 9.994741153389120614e-01 -6.251673782484602482e-01
9.995742844960519013e-01 2.276818372496874909e-02 -1.824443981250176844e-02 2.574613826863842192e+01 -2.325097351430652215e-02 9.993729949643893606e-01 -2.670223148996225815e-02 -3.851860076508868969e-01 1.762503914443732528e-02 2.711506492289080666e-02 9.994769288229641280e-01 -5.937872383325399905e-01
9.993760159879363503e-01 2.920027094070055257e-02 -1.987266577662885961e-02 2.606263906973260802e+01 -2.982159410396083288e-02 9.990517380041942230e-01 -3.172218964537922015e-02 -4.221785650056116279e-01 1.892752475044017293e-02 3.229503007876714793e-02 9.992991443201745261e-01 -6.139166118531769190e-01
9.990213351504312334e-01 3.865850869859634165e-02 -2.149166395257196341e-02 2.635672522965215947e+01 -3.943879135066317987e-02 9.985310516080339038e-01 -3.715266762095117969e-02 -4.565836932341864607e-01 2.002382708296755395e-02 3.796391286148689814e-02 9.990784692251138965e-01 -6.495325533940411455e-01
9.984975182242047387e-01 4.929363468933065789e-02 -2.393415298728657908e-02 2.666946280442713402e+01 -5.016995318153778111e-02 9.980360954890468150e-01 -3.750903756083967533e-02 -4.707364629231803876e-01 2.203819180119659382e-02 3.865345625028882015e-02 9.990096237885002228e-01 -6.482105461344077613e-01
9.980377812196375986e-01 5.839064290775015931e-02 -2.260796494606474513e-02 2.698433454540580101e+01 -5.922546367182118798e-02 9.975131340192633367e-01 -3.820853192580248719e-02 -5.002026866877130606e-01 2.032072122343778556e-02 3.947252563349456372e-02 9.990140079143396967e-01 -6.443268782785485094e-01
9.973245024040470197e-01 6.987761839168216138e-02 -2.146987080600202061e-02 2.728789159744977866e+01 -7.063681767849866455e-02 9.968189093240391596e-01 -3.691208477297887314e-02 -5.436466020877661620e-01 1.882224462635932391e-02 3.832988992861163791e-02 9.990878553186831601e-01 -6.623275583704151259e-01
9.964921331859097897e-01 8.096417854137753778e-02 -2.117144991999599449e-02 2.759394647304640458e+01 -8.159325505370419729e-02 9.961908891688456835e-01 -3.076122667784554621e-02 -5.821997877108796571e-01 1.860024807189762305e-02 3.238076790480058642e-02 9.993025150781715826e-01 -6.593380310044780757e-01
9.956161820444978661e-01 9.094573090165143647e-02 -2.184701540031501812e-02 2.790804342885863321e+01 -9.138591830513963232e-02 9.956132307260030512e-01 -2.007258675051380725e-02 -6.215006545098723523e-01 1.992566151131609439e-02 2.198110174888784352e-02 9.995598027027905452e-01 -6.665936255430849888e-01
9.936280078652082182e-01 1.114494058316534975e-01 -1.680511605401862479e-02 2.850216218177245153e+01 -1.114194538087998343e-01 9.937697697251105522e-01 2.711105576948485193e-03 -6.536047726018957560e-01 1.700256741690363976e-02 -8.214135816033301708e-04 9.998551084937065125e-01 -6.881989987056124081e-01
9.935293288297076808e-01 1.125864481976928261e-01 -1.495875788355130118e-02 2.880821991286357786e+01 -1.124338976629511017e-01 9.936018334649960870e-01 1.067778962685058536e-02 -6.708992959346475882e-01 1.606522366814481378e-02 -8.926825708305607954e-03 9.998310959213391191e-01 -6.723929282647388428e-01
9.943733436533369607e-01 1.054297771595075622e-01 -1.030609139195139135e-02 2.911231484975963113e+01 -1.053058028154674058e-01 9.943685351435309627e-01 1.191235534637281185e-02 -6.821465022226125274e-01 1.150396997008301322e-02 -1.076003738864041853e-02 9.998759324387813674e-01 -6.726412498693136177e-01
9.951936590571625052e-01 9.724065783296931276e-02 -1.156872666405519764e-02 2.943696700485280715e+01 -9.706665802006742005e-02 9.951684813603173252e-01 1.475661234209811080e-02 -7.057755484568632998e-01 1.294777483707215682e-02 -1.356274939719322344e-02 9.998241880228529999e-01 -7.089624705528027038e-01
9.960196683159897590e-01 8.862618541219587087e-02 -9.498399180323430918e-03 2.974673114126036566e+01 -8.843842327449220886e-02 9.959072241556256033e-01 1.863990781517443907e-02 -7.188792979739783151e-01 1.111150828769186596e-02 -1.772569135237114096e-02 9.997811431756716827e-01 -6.796623060034460151e-01
9.965379597880529294e-01 8.245222852492027632e-02 -1.066417895289305424e-02 3.005441647885264089e+01 -8.225192679367999971e-02 9.964485316782638602e-01 1.802621022175976764e-02 -7.462136626481337132e-01 1.211260666380731786e-02 -1.708665349055496149e-02 9.997806414570655775e-01 -6.902239960527548623e-01
9.970717141828219221e-01 7.457512931372531351e-02 -1.692769518777766796e-02 3.038150811923387096e+01 -7.424618079817113525e-02 9.970532734235466599e-01 1.929441868197948745e-02 -7.843625734253741877e-01 1.831669766673151706e-02 -1.798110239199427612e-02 9.996705349980833377e-01 -7.353499117688376829e-01
9.980018436964352979e-01 6.103169766106501803e-02 -1.635395545806402756e-02 3.097651777432957587e+01 -6.073938834767041162e-02 9.979947254955635616e-01 1.781164187226197057e-02 -7.963000286046426623e-01 1.740823602973234213e-02 -1.678272217619021858e-02 9.997076040296432042e-01 -7.298460489920521876e-01
9.984727587440782592e-01 5.284604923642801516e-02 -1.610730039735818603e-02 3.129862253263576477e+01 -5.259033563758153812e-02 9.984894829510895242e-01 1.590625768659490943e-02 -8.283161880294671597e-01 1.692355292236916164e-02 -1.503487665951620290e-02 9.997437400855865297e-01 -7.416868160485851069e-01
9.988644311710718204e-01 4.478381190621266716e-02 -1.625602449678255346e-02 3.161168752183369079e+01 -4.449150904728225997e-02 9.988490555060037801e-01 1.791842452504339295e-02 -8.154446953934033626e-01 1.703977006847892661e-02 -1.717482185971781067e-02 9.997072930263639634e-01 -7.377241506127566462e-01
9.994369239270688432e-01 2.979279758377930895e-02 -1.543451662120884534e-02 3.193576877944573411e+01 -2.957770618757462125e-02 9.994646952252470573e-01 1.398149830975090220e-02 -8.081068254520011873e-01 1.584280239982586991e-02 -1.351710806481960271e-02 9.997831231830651699e-01 -7.335008435283013606e-01
9.998586064856852529e-01 5.342207601412981774e-03 -1.594452427784931806e-02 3.223180151055460385e+01 -5.194658711574163742e-03 9.999434376318819817e-01 9.281005215212325549e-03 -7.684968979390767174e-01 1.599320347440711179e-02 -9.196866579326737345e-03 9.998298030603750552e-01 -7.326851422890866550e-01
9.995954845702931246e-01 -1.970269932159755821e-02 -2.051026245867029404e-02 3.253977357051065411e+01 1.975794721902961876e-02 9.998016808211834805e-01 2.494503723472856187e-03 -7.492412847936853471e-01 2.045704642344198590e-02 -2.898735341334102416e-03 9.997865305079129961e-01 -7.479758495589607925e-01
9.989752098145494585e-01 -3.972834794952578158e-02 -2.168383142293680774e-02 3.286112919295311485e+01 3.962671016340620772e-02 9.992015526656643498e-01 -5.097155299867807583e-03 -7.233596634102903433e-01 2.186901958484489469e-02 4.232672882113908651e-03 9.997518844506724234e-01 -7.312660248137949903e-01
9.982475459020655473e-01 -5.460760087503455790e-02 -2.280015410422527727e-02 3.318763694421496524e+01 5.430824770631217241e-02 9.984322918610428754e-01 -1.354890402117896707e-02 -7.352175097223390132e-01 2.350428326014929875e-02 1.228692377197017523e-02 9.996482282146297305e-01 -7.616940215753962296e-01
9.982512082779598783e-01 -5.369956303204000830e-02 -2.471602924745575774e-02 3.351287043803099408e+01 5.306683756385454503e-02 9.982632485013420709e-01 -2.558119314104213837e-02 -7.374361352710168127e-01 2.604680254013154450e-02 2.422485545293896064e-02 9.993671599846172260e-01 -7.790985694590991661e-01
9.984074665579513175e-01 -5.022927067925737205e-02 -2.568172674029593414e-02 3.385402540865921850e+01 4.952577248546431027e-02 9.983987883085548853e-01 -2.733235013180343800e-02 -7.542083498351285220e-01 2.701348887225346260e-02 2.601691509459499660e-02 9.992964482814442606e-01 -7.848307493699295811e-01
9.993099168142278721e-01 -2.725136395268101461e-02 -2.523991520309615960e-02 3.416765825290733005e+01 2.661968383518759432e-02 9.993321290763593767e-01 -2.503374179433070362e-02 -7.702325890784832430e-01 2.590526180635160242e-02 2.434458786730810814e-02 9.993679294695799742e-01 -7.946422486825558407e-01
9.996179047914754978e-01 -1.078190454003989489e-02 -2.545181633577631858e-02 3.448675381772434179e+01 1.013986527883541620e-02 9.996304648473365306e-01 -2.522135764040032979e-02 -7.658685908798916753e-01 2.571434526539011917e-02 2.495364269174701888e-02 9.993578378959084851e-01 -8.009406862373008584e-01
9.995316728148637697e-01 -1.317062575915172243e-02 -2.762190538381670973e-02 3.480633066507143525e+01 1.275923943572580821e-02 9.998058235135730554e-01 -1.501722602106939954e-02 -7.716254211475342961e-01 2.781432812314495878e-02 1.465775854141531699e-02 9.995056344341434196e-01 -7.816257729663115272e-01
9.995086737433462876e-01 -1.516900303647581230e-02 -2.742831490807169301e-02 3.511072919956601623e+01 1.452938810904175204e-02 9.996212904148349399e-01 -2.337033655207147037e-02 -7.331119686359569565e-01 2.777243224843291627e-02 2.296033745962021422e-02 9.993505465604882732e-01 -7.997779098768561523e-01
9.992145416324326179e-01 -2.981205869093065536e-02 -2.610633920901225119e-02 3.543743150455119206e+01 2.906200152687089117e-02 9.991668329235545709e-01 -2.865379648084576125e-02 -7.207362480693738638e-01 2.693881692910174430e-02 2.787258764668398836e-02 9.992484270692340020e-01 -7.871100644597180951e-01
9.992621631351418232e-01 -2.973337682677965402e-02 -2.431163567006527221e-02 3.574711746219480801e+01 2.889509920480105507e-02 9.989994778362106809e-01 -3.413380325898548312e-02 -7.527280678126362368e-01 2.530222457456997309e-02 3.340613095608566813e-02 9.991215280665926013e-01 -8.161858004068203165e-01
9.994326359092073897e-01 -2.300122483028875162e-02 -2.460386018250219214e-02 3.606649053973955432e+01 2.201307610299428966e-02 9.989688964050188469e-01 -3.970602593842059713e-02 -7.862135544388744179e-01 2.549177828354448616e-02 3.914189151849020720e-02 9.989084450380312230e-01 -8.440849922612014833e-01
9.995310749947686757e-01 -2.101725800061308297e-02 -2.226892422048494871e-02 3.639290273936289566e+01 2.006436555345602474e-02 9.989084323062652482e-01 -4.218252128994682409e-02 -7.874901364207980148e-01 2.313117711529880452e-02 4.171592901488824917e-02 9.988617171118759908e-01 -8.272683459864407229e-01
9.996679483551680345e-01 -1.486437740688334105e-02 -2.104859414960505090e-02 3.670583751978015385e+01 1.384388914371399021e-02 9.987597864186712471e-01 -4.782505375121543639e-02 -7.915923756445166770e-01 2.173337904573538135e-02 4.751777895941500934e-02 9.986339273818102269e-01 -8.365051029140402328e-01
9.997016847463949807e-01 -2.177594664843670712e-03 -2.432693151006170770e-02 3.733886056846098001e+01 8.696196702731571505e-04 9.985595163091653959e-01 -5.364826325273462648e-02 -8.039414443252046460e-01 2.440871313381069371e-02 5.361110397931838356e-02 9.982635244529722840e-01 -8.468558302720615716e-01
9.996793277763091901e-01 5.625870934668720721e-03 -2.468990062622803544e-02 3.766958729772806436e+01 -6.992613924535224373e-03 9.984273061780029046e-01 -5.562389440374308769e-02 -8.153978734310991516e-01 2.433813812124834691e-02 5.577870430874865004e-02 9.981464778169726326e-01 -8.621756199403818322e-01
9.993592186367741270e-01 2.501294303412190251e-02 -2.560282809511441396e-02 3.799397502935354254e+01 -2.637526866823009658e-02 9.981744502362538407e-01 -5.433334241725834568e-02 -8.237888761418714623e-01 2.419705205959781988e-02 5.497380809371074650e-02 9.981945617440023399e-01 -8.813001250477053850e-01
9.983292888345657312e-01 5.222834332164388166e-02 -2.471499967523443225e-02 3.829213126790723010e+01 -5.332778050098972017e-02 9.975104985887268683e-01 -4.614057901790672572e-02 -8.501345674126081775e-01 2.224362564665665482e-02 4.738148751512483853e-02 9.986291682896837330e-01 -8.611830332247429887e-01
9.970414365637809695e-01 7.248932859435376630e-02 -2.556699072577298809e-02 3.862285816228195046e+01 -7.327909090402968950e-02 9.968158390028524218e-01 -3.143816071780364263e-02 -9.093887054061557951e-01 2.320665014841457457e-02 3.321867476253836937e-02 9.991786482085722731e-01 -8.962415398317975512e-01
9.953357692720634642e-01 9.288352476425676407e-02 -2.606448224993777874e-02 3.926842321669213476e+01 -9.341370560613446172e-02 9.954281442406562874e-01 -1.991705948511611479e-02 -1.004706649269700103e+00 2.409535250873213325e-02 2.225894159592749916e-02 9.994618319408246077e-01 -8.610196590843965936e-01
9.954517994899187983e-01 9.151129420925209479e-02 -2.648391822276884369e-02 3.956686599785635394e+01 -9.200423327192351619e-02 9.955953304957932959e-01 -1.803216445736611703e-02 -1.029117851013330531e+00 2.471711860893345894e-02 2.038678314790542609e-02 9.994865897652415176e-01 -8.660308837163888107e-01
9.946633513012780314e-01 9.947463119032462497e-02 -2.737910385055071852e-02 3.988188580447926057e+01 -9.995618591555241461e-02 9.948497038871154663e-01 -1.681747819782073231e-02 -1.092220812019849108e+00 2.556518091713542648e-02 1.946444001936741344e-02 9.994836452385834624e-01 -8.784288594525617722e-01
9.939298111130158153e-01 1.064016706202143142e-01 -2.796810808889516747e-02 4.019656471220490346e+01 -1.067685690203499099e-01 9.942118967547068920e-01 -1.196566006348518015e-02 -1.148336746299376987e+00 2.653305957087272182e-02 1.487914112560019021e-02 9.995371968612138946e-01 -8.898925860508147823e-01
9.929074869272188630e-01 1.157019970015694538e-01 -2.734538889325923219e-02 4.053512029889360946e+01 -1.159401037988135180e-01 9.932295043857591876e-01 -7.283127675631557996e-03 -1.190438894258273761e+00 2.631757464119973897e-02 1.040189922408480544e-02 9.995995126837231570e-01 -8.765887050068179587e-01
9.940961441563921364e-01 1.047788344632351459e-01 -2.818247721403571368e-02 4.117533603988587743e+01 -1.047288520251944827e-01 9.944955098106388336e-01 3.247848512862028247e-03 -1.255392254428405074e+00 2.836765282638999477e-02 -2.771551975880534070e-04 9.995975187334740220e-01 -9.075478196657442709e-01
9.948903369275435837e-01 9.640652149632558676e-02 -2.998333038835444830e-02 4.149302819160276812e+01 -9.626133042020898478e-02 9.953364595450343577e-01 6.252084939251272011e-03 -1.307720691583929007e+00 3.044624367520653435e-02 -3.333903618099638352e-03 9.995308456134484043e-01 -8.972224938964129537e-01
9.961034295476270950e-01 8.323347384025862883e-02 -2.915727140763337347e-02 4.181901577227326783e+01 -8.297362515377014469e-02 9.965014346624508912e-01 1.001340324359568934e-02 -1.342010000523122359e+00 2.988871312547689355e-02 -7.555100804105288788e-03 9.995246796750657525e-01 -9.082031972324918767e-01
9.961582256423633375e-01 8.231208726998921754e-02 -2.989163385156304656e-02 4.213476358809857913e+01 -8.213101287140260609e-02 9.965952588245972077e-01 7.237873517237886772e-03 -1.312863629216902472e+00 3.038562505158859742e-02 -4.755037075745566222e-03 9.995269398133461713e-01 -9.043691896752558135e-01
9.967205040387344672e-01 7.497592755330823033e-02 -3.044416391185924761e-02 4.243714909239557898e+01 -7.464645943940320660e-02 9.971400107607623076e-01 1.181968837103852983e-02 -1.377466216266406196e+00 3.124328602968340710e-02 -9.508376704149149386e-03 9.994665816576957518e-01 -9.102863040598376809e-01
9.975941466362638899e-01 6.437423727736135692e-02 -2.572695419248750143e-02 4.277260601572257315e+01 -6.406351336981516709e-02 9.978646824154370210e-01 1.272563721997571791e-02 -1.399270452536823584e+00 2.649122216470737451e-02 -1.104686212898930812e-02 9.995880061231843250e-01 -9.034204968345049824e-01
9.980513451078260045e-01 5.673418079849237156e-02 -2.597585913080028772e-02 4.308794459350214368e+01 -5.648108421062498358e-02 9.983497482015367686e-01 1.037628991116099596e-02 -1.403849919096416654e+00 2.652168273039043692e-02 -8.888925416052932335e-03 9.996087171239036451e-01 -9.013024896396131247e-01
9.985003411668879059e-01 4.509786307616641537e-02 -3.103629223299452303e-02 4.341827973310726208e+01 -4.484463977805443896e-02 9.989551466410213632e-01 8.807569618911185658e-03 -1.417893736162483931e+00 3.140106642751210042e-02 -7.402549924098867327e-03 9.994794521558890699e-01 -9.242185072891322406e-01
