1.000000000000000000e+00 0.000000000000000000e+00 0.000000000000000000e+00 0.000000000000000000e+00 0.000000000000000000e+00 1.000000000000000000e+00 0.000000000000000000e+00 0.000000000000000000e+00 0.000000000000000000e+00 0.000000000000000000e+00 1.000000000000000000e+00 0.000000000000000000e+00
9.999521564348042846e-01 -9.781494231746512558e-03 8.492337172059333879e-05 1.739351269536950628e-01 9.781855535160411536e-03 9.999243590374675694e-01 -7.455971150627108482e-03 3.302643424781665643e-02 -1.198640923308745028e-05 7.456445138538995293e-03 9.999722002546980182e-01 8.907644676993427615e-03
9.996997265294098600e-01 -2.435621177293252268e-02 -2.689186697703104586e-03 4.446634104790906927e-01 2.432528340759259125e-02 9.996436867633741175e-01 -1.099000005775084034e-02 2.043210681370152132e-02 2.955903273678074736e-03 1.092128482373415886e-02 9.999359920383081857e-01 3.505573270020091031e-03
9.996099832740529267e-01 -2.650166961622068759e-02 -8.805841606583047695e-03 6.435465515123344193e-01 2.641070061768746244e-02 9.995982038838024941e-01 -1.029104878809206786e-02 8.558415977871840219e-02 9.075033428612095179e-03 1.005446666057893332e-02 9.999082715271641053e-01 -1.093820325625025590e-02
9.998959845847532613e-01 -1.068731785598523235e-02 -9.685104456428070621e-03 8.761881107472083707e-01 1.059474914467176815e-02 9.998981806165786468e-01 -9.559272473226666789e-03 7.348446997564808680e-02 9.786281308457290065e-03 9.455666909375111395e-03 9.999074052438309268e-01 -2.127247771454904984e-02
9.999623979912186655e-01 -5.138530620239157437e-03 -6.985564165946977176e-03 1.122159644911268739e+00 5.154412542918781689e-03 9.999841678829204383e-01 2.257435456565108980e-03 2.662359476167745764e-02 6.973853668460461806e-03 -2.293357052013569007e-03 9.999730525761396649e-01 -3.433464037070772801e-02
9.999705295368885860e-01 -5.794595697885172002e-03 -5.036141222464783629e-03 1.656347000153673532e+00 5.881289712531307008e-03 9.998317714441147253e-01 1.737352129652673660e-02 9.942054232048906648e-03 4.934621467937723438e-03 -1.740262829637079234e-02 9.998363856348430057e-01 -4.957831905826297347e-02
9.997204397133637732e-01 -2.199188790529889997e-02 -8.683276206558390373e-03 1.959448383614098788e+00 2.215211955885922068e-02 9.995776564614571313e-01 1.880936740220820122e-02 7.289891834277348326e-03 8.265955381480222589e-03 -1.899646202275607001e-02 9.997853811755047504e-01 -3.763953427613818403e-02
9.990861713873000483e-01 -4.101741211643426810e-02 -1.201640736398371968e-02 2.199545917563753950e+00 4.115355381081878261e-02 9.990888162863272859e-01 1.131026879986948147e-02 3.529482805906265785e-02 1.154154025278490529e-02 -1.179445101968925463e-02 9.998638326160905754e-01 -5.394744065019867196e-02
9.976766247713712010e-01 -6.685430510077575161e-02 -1.310932013100029984e-02 2.468751340005076234e+00 6.688997413896627386e-02 9.977577042396337248e-01 2.301084558213857198e-03 5.446142509709848978e-02 1.292608774893176139e-02 -3.172620359894362703e-03 9.999114214446992444e-01 -5.030853417723811505e-02
9.959851856835574280e-01 -8.879500955355211500e-02 -1.135588733980364730e-02 2.733215190154853147e+00 8.867362728712331610e-02 9.960023931923639440e-01 -1.078056486590486460e-02 1.065297276120284048e-01 1.226775132752801027e-02 9.730315178257582104e-03 9.998774041070723761e-01 -5.344555442446215221e-02
9.945133854164244225e-01 -1.037873236538413291e-01 -1.308883785273381659e-02 2.977164435353445882e+00 1.035393937152642996e-01 9.944555258185696633e-01 -1.837936663727913339e-02 1.948540789445455390e-01 1.492381240293030875e-02 1.692331580054069751e-02 9.997454081943448756e-01 -5.930554609488991602e-02
9.948487602257628515e-01 -1.003431359705779236e-01 -1.439442047644497701e-02 3.233446699110572364e+00 9.996486188287795338e-02 9.946780113448525640e-01 -2.495355958147914624e-02 2.422842458336881000e-01 1.682173195600619384e-02 2.338608155804234104e-02 9.995849741384476017e-01 -6.715269815268191944e-02
9.959467011167935091e-01 -8.916058743437092760e-02 -1.185572363604636345e-02 3.495017019875734654e+00 8.885902694430895810e-02 9.957572415331050752e-01 -2.390793309535685016e-02 2.419732011628444868e-01 1.393706802333201725e-02 2.275753903082193899e-02 9.996438628592553277e-01 -7.554174321224138566e-02
9.959908951784206543e-01 -8.884456144549576773e-02 -1.042979497620748035e-02 3.801789384298325025e+00 8.864087803529049903e-02 9.958901162611423219e-01 -1.859223156324232504e-02 2.253636328597589666e-01 1.203874839096451439e-02 1.759318717361911880e-02 9.997727483294656103e-01 -9.158784661924262993e-02
9.965166405086737234e-01 -8.271600573768729536e-02 -1.061355661922856047e-02 4.067266738126939174e+00 8.250744366944416652e-02 9.964135155076261352e-01 -1.877838791981899583e-02 2.802441562704585110e-01 1.212876450592503125e-02 1.783727861913323234e-02 9.997673352150605597e-01 -9.495689512776474273e-02
9.968121778714993386e-01 -7.942092736620381954e-02 -7.602522171654333555e-03 4.353367469836293857e+00 7.926572891575112134e-02 9.966741942642434182e-01 -1.890753043567172664e-02 2.851445366627719524e-01 9.078891261215402131e-03 1.824463713021925310e-02 9.997923319117093532e-01 -9.859748035854253023e-02
9.968483712958771115e-01 -7.847438494791914021e-02 -1.162306120619210383e-02 4.645161717218991626e+00 7.820672277916190795e-02 9.966959953577140263e-01 -2.192718290248597823e-02 3.021933020393539060e-01 1.330538074992238494e-02 2.094907503785205238e-02 9.996920041183474659e-01 -1.216351838178496847e-01
9.972297504620349917e-01 -7.363775311654792433e-02 -1.050267153508211218e-02 4.913004281489741665e+00 7.332137613904109175e-02 9.969190981026795351e-01 -2.786193889910149740e-02 3.239116340948476336e-01 1.252200441242312320e-02 2.701468404565089687e-02 9.995566048260643432e-01 -1.241664901067069948e-01
9.975051412386840566e-01 -7.032543541135237442e-02 -6.150311910515204351e-03 5.191463362071686127e+00 7.007024326556642035e-02 9.969331601844119151e-01 -3.484874651154614561e-02 3.267799191823297922e-01 8.582203161034080222e-03 3.433084995926202060e-02 9.993736731223098468e-01 -1.465691538547302109e-01
9.976704919660941417e-01 -6.821694477755943509e-02 1.946929559248999995e-04 5.480815010806282750e+00 6.817732310367408122e-02 9.969853058451586536e-01 -3.704257743803383157e-02 3.407989893523764580e-01 2.332825443300138094e-03 3.696956010085745287e-02 9.993136692507513796e-01 -1.227956468765989129e-01
9.977070493904544035e-01 -6.758597139577877944e-02 -3.574921968708085103e-03 6.059784015881566788e+00 6.739734388462305381e-02 9.969729055047792388e-01 -3.876369082861524235e-02 3.635667607732884221e-01 6.183982041633367087e-03 3.843386735481581912e-02 9.992420108293391667e-01 -1.585600006302984588e-01
9.980461156236851705e-01 -6.239174628596969724e-02 -3.349788629264183540e-03 6.348815451525849696e+00 6.222867892714015886e-02 9.973954966343508977e-01 -3.646662600926245390e-02 3.713281466799686070e-01 5.616280571380298514e-03 3.618692151736177531e-02 9.993292571038034922e-01 -1.319937383586903823e-01
9.986565447156485753e-01 -5.064887913197391872e-02 -1.094516967783451707e-02 6.626250051492489135e+00 5.029273693683903451e-02 9.982633222072517798e-01 -3.067539970632153848e-02 3.917749179059134557e-01 1.247983605676762815e-02 3.008372613915008889e-02 9.994694708261883109e-01 -1.472565711414330347e-01
9.992505204669764884e-01 -3.523736304224820565e-02 -1.602265871525148863e-02 6.919771210145210460e+00 3.475972541649260256e-02 9.989698876488715129e-01 -2.917061980436932642e-02 3.866072138314439188e-01 1.703404929682494559e-02 2.859181380447602464e-02 9.994460212277216371e-01 -1.980436439766565249e-01
9.994159624584174617e-01 -3.142162773269757681e-02 -1.343187603959201774e-02 7.222762697876379256e+00 3.118145938281191229e-02 9.993564599182820363e-01 -1.773083783573865466e-02 3.574719738720337769e-01 1.398036387485128255e-02 1.730165686363536667e-02 9.997525704371555966e-01 -1.764077594509057545e-01
9.996833137466700769e-01 -2.212789280572845588e-02 -1.198451402664615917e-02 7.801048340673638393e+00 2.191999102171135125e-02 9.996115959870432999e-01 -1.720962410525799999e-02 3.716912466545442273e-01 1.236067191073290245e-02 1.694147361401522958e-02 9.997800759475560239e-01 -2.182461262206360497e-01
9.995398534010326852e-01 -2.715020324639793106e-02 -1.352582443777015399e-02 8.110590077387229258e+00 2.696749614960059979e-02 9.995449850749221765e-01 -1.351210431409061510e-02 3.649235670040130719e-01 1.388652636419107807e-02 1.314112914679985492e-02 9.998172208510331949e-01 -1.982027354302294542e-01
9.994112168721751566e-01 -2.940225989217564243e-02 -1.768408050510262772e-02 8.394508007254410487e+00 2.913400723045507859e-02 9.994593265170524932e-01 -1.524021852782124313e-02 3.817208563673689659e-01 1.812261605767176084e-02 1.471603721498808935e-02 9.997274673809424250e-01 -1.894575764600834045e-01
9.992522266705106126e-01 -3.223655763053467210e-02 -2.134928209939661661e-02 8.693208425448027299e+00 3.173706848044397649e-02 9.992238017746889467e-01 -2.333564764913892420e-02 3.693304071093224117e-01 2.208497177480671717e-02 2.264063424620366832e-02 9.994997027026248926e-01 -2.296122860134476862e-01
9.991887069025477963e-01 -3.463635485942414410e-02 -2.054874498519351778e-02 8.978676588551442350e+00 3.402482879667093757e-02 9.989885169250365404e-01 -2.939819853789057275e-02 3.845709388582004284e-01 2.154620671421543510e-02 2.867518045223159395e-02 9.993565404810538233e-01 -2.263529823315202916e-01
9.992798466806427360e-01 -3.308672618262122750e-02 -1.857569832946511651e-02 9.259328712977838549e+00 3.239685047319789540e-02 9.988161843628127201e-01 -3.628600190609409387e-02 4.024151321801973102e-01 1.975429313664002484e-02 3.565807630016030322e-02 9.991687892930021242e-01 -2.146540368950176636e-01
9.993306339786931503e-01 -3.360881690585858922e-02 -1.444754020350184735e-02 9.569698911648645279e+00 3.297476964492832702e-02 9.985696687993811382e-01 -4.208659074762629432e-02 3.745256772831154213e-01 1.584135595860535622e-02 4.158201510368086246e-02 9.990095031886884192e-01 -2.313581763604009578e-01
9.994302589149095528e-01 -2.949660743010569172e-02 -1.640450289984668117e-02 9.858729798809022782e+00 2.873012874847976836e-02 9.985672171715744838e-01 -4.514523775896481933e-02 3.655897174303108788e-01 1.771263016529789000e-02 4.464821318184995086e-02 9.988457337308376260e-01 -2.696417583731834933e-01
9.997496869345020576e-01 -1.628530631600861103e-02 -1.534119527803703108e-02 1.015356330312418720e+01 1.559854969056199102e-02 9.989155181935743810e-01 -4.386881306365327665e-02 3.420832027929410768e-01 1.603897508933049137e-02 4.361853172971848908e-02 9.989195037478382222e-01 -2.496390533016528135e-01
9.998757673030166382e-01 -6.427640323885696130e-03 -1.439219927844629515e-02 1.045673245429269116e+01 5.817388928361422185e-03 9.990986057075850191e-01 -4.204918618969612221e-02 3.019635988629744694e-01 1.464950327690087151e-02 4.196023728515262119e-02 9.990118770769013112e-01 -2.539065476842101154e-01
9.998865802428632543e-01 1.650596962984957668e-03 -1.497004274870371646e-02 1.073434033371168184e+01 -2.236972699174803389e-03 9.992273819432938575e-01 -3.923818456419532474e-02 3.187977217492855009e-01 1.489371019509170072e-02 3.926722175576589924e-02 9.991177421566529437e-01 -2.781686650165781094e-01
9.998385558674610651e-01 1.261038264563612080e-02 -1.280001759376367398e-02 1.103943349193363410e+01 -1.307595754561919482e-02 9.992309829104831786e-01 -3.696568849642636184e-02 2.863081969045968567e-01 1.232402268478862903e-02 3.712709308955258053e-02 9.992345557593494965e-01 -2.683815507799446332e-01
9.996165442100781728e-01 2.245542374353199852e-02 -1.620242222629761017e-02 1.133268762772374671e+01 -2.299758835647439451e-02 9.991541341834013767e-01 -3.408998495164969333e-02 2.592738199430658641e-01 1.542321209369036314e-02 3.444952958627982287e-02 9.992874233372484039e-01 -2.958424142203169849e-01
9.993323494824922770e-01 3.359510406121955783e-02 -1.436051046856281349e-02 1.163992773348296872e+01 -3.395278591868379492e-02 9.990997323878133551e-01 -2.543487902388710462e-02 2.478639716350634070e-01 1.349309475850148099e-02 2.590547675136619168e-02 9.995733303105492906e-01 -2.713248673461921001e-01
9.989967604175871152e-01 4.231224089089172247e-02 -1.466788825827282892e-02 1.193874138877229285e+01 -4.262151866242790132e-02 9.988608697314655949e-01 -2.145621276479961134e-02 2.223579507447553671e-01 1.374331917967192528e-02 2.205985471600367329e-02 9.996621849344079491e-01 -3.124452763914371545e-01
9.985994657758240356e-01 5.067174114005860291e-02 -1.521451944931871171e-02 1.223356926484591511e+01 -5.093763306580725153e-02 9.985462309072656861e-01 -1.762901808232460524e-02 1.965768631756145968e-01 1.429910801036152028e-02 1.837931964814367922e-02 9.997288312934560217e-01 -3.172028728183561297e-01
9.985699327386974300e-01 5.120676488072416210e-02 -1.536088085636438429e-02 1.256100670851228074e+01 -5.142023261123568334e-02 9.985812091717377603e-01 -1.383937741794927061e-02 1.575982729429221130e-01 1.463041723395481532e-02 1.460944624413478519e-02 9.997862346381850562e-01 -3.129744135501688618e-01
9.988906511891579854e-01 4.377709016141230480e-02 -1.735031250149607004e-02 1.314503626757352528e+01 -4.411838661278982832e-02 9.988300395804511345e-01 -1.980201995754296909e-02 1.361904384061425610e-01 1.646313850954307309e-02 2.054552040504451990e-02 9.996533632523333379e-01 -3.312384403197077276e-01
9.987888402597041582e-01 4.486891927416788994e-02 -2.018991470619536238e-02 1.344602397299011542e+01 -4.530173901060981223e-02 9.987416060822345010e-01 -2.151642913899537435e-02 1.287619163963933389e-01 1.919908891822294517e-02 2.240500755293382829e-02 9.995646105286356553e-01 -3.379078837886668740e-01
9.987660817564367743e-01 4.638279747604626829e-02 -1.774683158174162126e-02 1.374904253841943635e+01 -4.677171489174038882e-02 9.986596414666057964e-01 -2.216590155793779493e-02 1.105453754325576021e-01 1.669492794175451642e-02 2.296860039459338448e-02 9.995967800953208249e-01 -3.408960876715962929e-01
9.985450742905983557e-01 5.124772508100242097e-02 -1.677513886694964942e-02 1.436244293556825902e+01 -5.156023484456445649e-02 9.984936820941651137e-01 -1.875923774596648802e-02 7.722018897057844611e-02 1.578850191616704493e-02 1.959687454821120584e-02 9.996832927058373341e-01 -3.587015610176949587e-01
9.986369495549377584e-01 4.977518086877855824e-02 -1.570587002012464525e-02 1.466740598652730476e+01 -5.001307115181356094e-02 9.986338684412247035e-01 -1.513570335591551443e-02 4.652062263447960533e-02 1.493103136331525721e-02 1.590057142353753367e-02 9.997620897647763183e-01 -3.716295168702620222e-01
9.985723112800212187e-01 5.167083008829315149e-02 -1.354490542097138914e-02 1.495040949318456569e+01 -5.183869505877466977e-02 9.985791091675030318e-01 -1.234959225397509394e-02 4.428280572745506988e-02 1.288754590601684513e-02 1.303411110213543653e-02 9.998319974417189115e-01 -3.649661157766318498e-01
9.985604237899552427e-01 5.241063653199492384e-02 -1.141075013905736533e-02 1.523705346544954153e+01 -5.251860131651501368e-02 9.985759214124100280e-01 -9.376870006201349153e-03 3.338613978906634222e-02 1.090305260841321032e-02 9.962647924491261145e-03 9.998909285967898519e-01 -3.784242973911359220e-01
9.985962026175949635e-01 5.222252567532038869e-02 -8.856180317147637968e-03 1.553492503082449794e+01 -5.229949754830005848e-02 9.985935951980623448e-01 -8.694491681730195237e-03 1.819288331414340917e-02 8.389676627539760165e-03 9.145460157850004990e-03 9.999229839765593209e-01 -4.026620639162096227e-01
9.989959296241064379e-01 4.395362148682873532e-02 -8.672470966228093894e-03 1.584351229448263787e+01 -4.400439663271583229e-02 9.990147704969455367e-01 -5.753382129306244992e-03 3.151564125951539230e-02 8.411044611587170997e-03 6.129232180932625736e-03 9.999458419541601417e-01 -3.921242687973142127e-01
9.994206762367706665e-01 3.385106697959759658e-02 -3.523801183206812151e-03 1.612818142323028781e+01 -3.387675361326163148e-02 9.993978419778832833e-01 -7.504599561350215262e-03 2.743971160048900432e-02 3.267640595649674590e-03 7.619626912956421402e-03 9.999656313147192721e-01 -4.020830298554026738e-01
9.995826318637357488e-01 2.831916789209580967e-02 -5.708485461710887526e-03 1.644387655516117519e+01 -2.836387297533528654e-02 9.995663775241323545e-01 -7.908706159842918137e-03 3.352492926561474740e-02 5.482042156561681492e-03 8.067320074410237740e-03 9.999524316489313280e-01 -4.082353811801232579e-01
9.996482724039137402e-01 2.565708912590343102e-02 -6.711576376384194124e-03 1.673140718387847414e+01 -2.569716044833613225e-02 9.996520425806472154e-01 -5.953965840712279606e-03 2.035079489045112447e-02 6.556479601360738589e-03 6.124340121625153344e-03 9.999597517066932673e-01 -4.225705737039710530e-01
9.995284083933615449e-01 2.957471507202714261e-02 -8.264202504894702442e-03 1.704243652473514103e+01 -2.964252291988734439e-02 9.995268741114010647e-01 -8.206629273657768328e-03 2.222782330661290939e-02 8.017583774270828009e-03 8.447730908339451047e-03 9.999321747963323403e-01 -4.151615620696238462e-01
9.994950661777314282e-01 2.872027853223101460e-02 -1.359258207270840936e-02 1.735488886014184118e+01 -2.885608882707188169e-02 9.995345190950767345e-01 -9.903094212305202371e-03 -4.981979340062836492e-03 1.330183536119663133e-02 1.029032256077163504e-02 9.998585752183249964e-01 -4.302908896946449624e-01
9.994764201546446625e-01 2.834915192526908309e-02 -1.559522811549192943e-02 1.767753571780208333e+01 -2.857953883036065332e-02 9.994826326233317015e-01 -1.475388235611814133e-02 -3.642036518259823136e-02 1.516889960083213189e-02 1.519186194817076854e-02 9.997695293493633617e-01 -4.407178880924104702e-01
9.994735062213574439e-01 2.888189072439004135e-02 -1.478332674909572410e-02 1.798357230303878751e+01 -2.916815074598053115e-02 9.993837305105052193e-01 -1.952890608727453695e-02 -2.398902147352972164e-02 1.421018450428748574e-02 1.994982654286060406e-02 9.996999925363928563e-01 -4.551449960350025248e-01
9.996027325420728804e-01 2.533160181467825761e-02 -1.235665990159783532e-02 1.831166611297828339e+01 -2.561832390111025426e-02 9.993925855288878779e-01 -2.362544116799599955e-02 -7.115146369858660336e-02 1.175068401919521048e-02 2.393261246473578005e-02 9.996445125571858936e-01 -4.668272944842325467e-01
9.996296374512109173e-01 2.467075101722863290e-02 -1.148659973214825186e-02 1.861018946676160724e+01 -2.495139872475542892e-02 9.993768569427652348e-01 -2.496648771609663586e-02 -6.987589501051788554e-02 1.086349993505541026e-02 2.524384779398029105e-02 9.996222949282971282e-01 -4.714130750561857930e-01
9.997028677251578177e-01 2.102394335409171408e-02 -1.233572324347275741e-02 1.921716855554115000e+01 -2.132694473128663240e-02 9.994607271910018742e-01 -2.496830453319610899e-02 -6.791806048381653083e-02 1.180413870319460025e-02 2.522396893190519823e-02 9.996121316294626080e-01 -4.632132234802486259e-01
9.994853034285319238e-01 2.638487310075332548e-02 -1.824737520392130316e-02 1.982189012784117566e+01 -2.680679501046558111e-02 9.993695717206863005e-01 -2.327777609822269736e-02 -8.514327654084877239e-02 1.762169037415014725e-02 2.375494875324410740e-02 9.995624935130811295e-01 -4.904095762563837613e-01
9.993249196976631277e-01 3.352399762834490371e-02 -1.502818865578790797e-02 2.015102206081575176e+01 -3.386272487115216112e-02 9.991645144491839714e-01 -2.288206568094433221e-02 -1.347926848521903975e-01 1.424853450569145072e-02 2.337551386688906455e-02 9.996252120749551384e-01 -5.047448664286269260e-01
9.990630087586728214e-01 4.143120928526008995e-02 -1.251237096752288828e-02 2.047576162926577581e+01 -4.163564186756399388e-02 9.989958559655992554e-01 -1.654548548201784791e-02 -1.588385368313007528e-01 1.181430727312792785e-02 1.705094310355557974e-02 9.997848205903785423e-01 -4.995911392257373906e-01
9.988924141124988498e-01 4.576859113185494793e-02 -1.091700940318785298e-02 2.077558287116136526e+01 -4.589221889699430373e-02 9.988818466472698665e-01 -1.135608573631371326e-02 -1.475557382302348786e-01 1.038505046759825856e-02 1.184451368124656012e-02 9.998759214134722573e-01 -5.063162706516308731e-01
9.987834678231527485e-01 4.781989672951762055e-02 -1.203502720958410203e-02 2.111003639525738507e+01 -4.794089464514702387e-02 9.988003712436079873e-01 -9.974418492014256246e-03 -1.927324862358461011e-01 1.154361398263441078e-02 1.053925426247953080e-02 9.998778270847947791e-01 -5.276749886531836298e-01
9.990358690064066183e-01 3.959002378266462951e-02 -1.897267655081699353e-02 2.199795027853033247e+01 -3.986939254272894861e-02 9.990985233120336373e-01 -1.457985781781187713e-02 -1.964916758711613975e-01 1.837835620744306467e-02 1.532223001399829303e-02 9.997136916590221301e-01 -5.353344855052675211e-01
9.988404025950158305e-01 4.439593132600407749e-02 -1.862394763532582848e-02 2.231761820234393667e+01 -4.465118104221998258e-02 9.989111351380777215e-01 -1.352095147139652578e-02 -2.130264735372198182e-01 1.800339344016908816e-02 1.433685386874313655e-02 9.997351311451372347e-01 -5.336668144633096578e-01
9.982181340368253553e-01 5.662850779685446589e-02 -1.880874755905063284e-02 2.260351389226664054e+01 -5.687217023484782141e-02 9.983009126552256918e-01 -1.268243054473435286e-02 -2.293916973047123442e-01 1.805860273711643732e-02 1.372952644649896858e-02 9.997426603735273254e-01 -5.356103991641826267e-01
9.982970070003281959e-01 5.532884385149207385e-02 -1.848796506497847603e-02 2.294423169645732230e+01 -5.559249903206615884e-02 9.983544761770749565e-01 -1.406463467595540050e-02 -2.414054286512910541e-01 1.767936270221243111e-02 1.506847488153899468e-02 9.997301541912138045e-01 -5.794869196093187513e-01
9.987841466684251879e-01 4.662266814309957985e-02 -1.601733994907398109e-02 2.324242824521762429e+01 -4.682259171277770859e-02 9.988269736918999886e-01 -1.234186091232244292e-02 -2.508730911174444356e-01 1.542314070234443273e-02 1.307682838837461586e-02 9.997955407432944641e-01 -5.601009335007818279e-01
9.990168529368417261e-01 4.091976353343829836e-02 -1.705580547896501029e-02 2.355375471162823686e+01 -4.119533430358577469e-02 9.990208809001611678e-01 -1.613145861606401013e-02 -2.467816959506249352e-01 1.637901034203863640e-02 1.681821862842406215e-02 9.997243997934540660e-01 -5.569578842462622470e-01
9.993467100674036097e-01 3.109232292490615376e-02 -1.842336919757122521e-02 2.385237317191969098e+01 -3.138799977692643961e-02 9.993794723109121758e-01 -1.598323476541239213e-02 -2.678103196338296188e-01 1.791498109014705992e-02 1.655106578731342648e-02 9.997025135878391255e-01 -5.704198961840915016e-01
9.994247386137816713e-01 2.727341124209861287e-02 -2.015819649655123738e-02 2.417631458164362002e+01 -2.763895637127473590e-02 9.994543929094700241e-01 -1.808326808597927188e-02 -2.974708047855190163e-01 1.965400563450039537e-02 1.863001699360453817e-02 9.996332540133591182e-01 -5.686426848413731472e-01
9.994431835059035540e-01 2.597902355724809528e-02 -2.093832081607376744e-02 2.448780940523825222e+01 -2.641336944249210797e-02 9.994359019312208936e-01 -2.074154877585910467e-02 -2.915878973224679260e-01 2.038766436547608668e-02 2.128305114260797826e-02 9.995655930832062497e-01 -5.909905224730765960e-01
9.995702661960054192e-01 2.074222932290840579e-02 -2.071334979096326953e-02 2.481463846299347509e+01 -2.115222653556492541e-02 9.995806798336247523e-01 -1.977492897425071894e-02 -3.176022656614819750e-01 2.029448815405459836e-02 2.020456448588774101e-02 9.995898705591711453e-01 -5.935648723111183189e-01
9.996403899233324841e-01 1.854871385105518952e-02 -1.936584747434227233e-02 2.513053057894839881e+01 -1.899800834057721946e-02 9.995484551775692950e-01 -2.328006510356203304e-02 -3.578905255931186802e-01 1.892528766014334174e-02 2.363960588940521371e-02 9.995413961014193438e-01 -6.161532066950371478e-01
9.996649303991023139e-01 1.840120601184979873e-02 -1.820501434954959266e-02 2.542846226871158066e+01 -1.888614032146053792e-02 9.994614767382113962e-01 -2.683412417113322651e-02 -3.626033730472780769e-01 1.770143027882058531e-02 2.716895532741656072e-02 9.994741153389120614e-01 -6.251673782484602482e-01
9.995742844960519013e-01 2.276818372496874909e-02 -1.824443981250175803e-02 2.574613826863841837e+01 -2.325097351430652215e-02 9.993729949643893606e-01 -2.670223148996225121e-02 -3.851860076508851205e-01 1.762503914443732181e-02 2.711506492289079973e-02 9.994769288229641280e-01 -5.937872383325395464e-01
9.993760159879363503e-01 2.920027094070061155e-02 -1.987266577662891512e-02 2.606263906973262579e+01 -2.982159410396089880e-02 9.990517380041942230e-01 -3.172218964537921321e-02 -4.221785650056100736e-01 1.892752475044022845e-02 3.229503007876715487e-02 9.992991443201745261e-01 -6.139166118531778071e-01
9.990213351504312334e-01 3.865850869859631389e-02 -2.149166395257195647e-02 2.635672522965214881e+01 -3.943879135066315211e-02 9.985310516080339038e-01 -3.715266762095119357e-02 -4.565836932341879040e-01 2.002382708296754701e-02 3.796391286148691202e-02 9.990784692251138965e-01 -6.495325533940403684e-01
9.984975182242047387e-01 4.929363468933062320e-02 -2.393415298728658255e-02 2.666946280442712691e+01 -5.016995318153774641e-02 9.980360954890468150e-01 -3.750903756083968227e-02 -4.707364629231828301e-01 2.203819180119659729e-02 3.865345625028882709e-02 9.990096237885002228e-01 -6.482105461344073172e-01
9.980377812196375986e-01 5.839064290775018012e-02 -2.260796494606475554e-02 2.698433454540579390e+01 -5.922546367182120880e-02 9.975131340192633367e-01 -3.820853192580248026e-02 -5.002026866877129496e-01 2.032072122343779597e-02 3.947252563349455678e-02 9.990140079143396967e-01 -6.443268782785482873e-01
9.973245024040470197e-01 6.987761839168216138e-02 -2.146987080600197897e-02 2.728789159744977511e+01 -7.063681767849866455e-02 9.968189093240391596e-01 -3.691208477297888702e-02 -5.436466020877668281e-01 1.882224462635928228e-02 3.832988992861165178e-02 9.990878553186831601e-01 -6.623275583704135716e-01
9.964921331859097897e-01 8.096417854137755166e-02 -2.117144991999603959e-02 2.759394647304641879e+01 -8.159325505370421117e-02 9.961908891688456835e-01 -3.076122667784556008e-02 -5.821997877108798791e-01 1.860024807189766816e-02 3.238076790480060030e-02 9.993025150781715826e-01 -6.593380310044784087e-01
9.956161820444978661e-01 9.094573090165140872e-02 -2.184701540031505629e-02 2.790804342885864031e+01 -9.138591830513960457e-02 9.956132307260030512e-01 -2.007258675051379337e-02 -6.215006545098736845e-01 1.992566151131613256e-02 2.198110174888783658e-02 9.995598027027905452e-01 -6.665936255430850998e-01
9.936280078652082182e-01 1.114494058316535113e-01 -1.680511605401857275e-02 2.850216218177245509e+01 -1.114194538087998482e-01 9.937697697251105522e-01 2.711105576948475218e-03 -6.536047726018952009e-01 1.700256741690358772e-02 -8.214135816033260509e-04 9.998551084937065125e-01 -6.881989987056101876e-01
9.935293288297076808e-01 1.125864481976928677e-01 -1.495875788355136016e-02 2.880821991286358852e+01 -1.124338976629511155e-01 9.936018334649960870e-01 1.067778962685058536e-02 -6.708992959346482543e-01 1.606522366814486930e-02 -8.926825708305601015e-03 9.998310959213391191e-01 -6.723929282647396199e-01
9.943733436533369607e-01 1.054297771595075622e-01 -1.030609139195137226e-02 2.911231484975963113e+01 -1.053058028154674058e-01 9.943685351435309627e-01 1.191235534637280838e-02 -6.821465022226140817e-01 1.150396997008299414e-02 -1.076003738864041853e-02 9.998759324387813674e-01 -6.726412498693127295e-01
9.951936590571625052e-01 9.724065783296931276e-02 -1.156872666405510224e-02 2.943696700485278228e+01 -9.706665802006742005e-02 9.951684813603173252e-01 1.475661234209812989e-02 -7.057755484568634108e-01 1.294777483707206141e-02 -1.356274939719324946e-02 9.998241880228529999e-01 -7.089624705528004833e-01
9.960196683159897590e-01 8.862618541219584312e-02 -9.498399180323514185e-03 2.974673114126039053e+01 -8.843842327449218110e-02 9.959072241556256033e-01 1.863990781517444600e-02 -7.188792979739792033e-01 1.111150828769194923e-02 -1.772569135237113402e-02 9.997811431756716827e-01 -6.796623060034470143e-01
9.965379597880529294e-01 8.245222852492033183e-02 -1.066417895289311323e-02 3.005441647885264089e+01 -8.225192679368005522e-02 9.964485316782638602e-01 1.802621022175977458e-02 -7.462136626481330470e-01 1.211260666380738031e-02 -1.708665349055496149e-02 9.997806414570655775e-01 -6.902239960527554175e-01
9.970717141828219221e-01 7.457512931372541065e-02 -1.692769518777766102e-02 3.038150811923385675e+01 -7.424618079817123240e-02 9.970532734235466599e-01 1.929441868197948398e-02 -7.843625734253718562e-01 1.831669766673151706e-02 -1.798110239199427265e-02 9.996705349980833377e-01 -7.353499117688364617e-01
9.980018436964352979e-01 6.103169766106505967e-02 -1.635395545806405185e-02 3.097651777432958653e+01 -6.073938834767045325e-02 9.979947254955635616e-01 1.781164187226198098e-02 -7.963000286046433285e-01 1.740823602973236642e-02 -1.678272217619022899e-02 9.997076040296432042e-01 -7.298460489920519656e-01
9.984727587440782592e-01 5.284604923642806373e-02 -1.610730039735813052e-02 3.129862253263575766e+01 -5.259033563758158669e-02 9.984894829510895242e-01 1.590625768659493372e-02 -8.283161880294650503e-01 1.692355292236910613e-02 -1.503487665951622719e-02 9.997437400855866407e-01 -7.416868160485833306e-01
9.988644311710718204e-01 4.478381190621268798e-02 -1.625602449678258815e-02 3.161168752183369079e+01 -4.449150904728228079e-02 9.988490555060037801e-01 1.791842452504336866e-02 -8.154446953934025855e-01 1.703977006847896131e-02 -1.717482185971778638e-02 9.997072930263639634e-01 -7.377241506127569792e-01
9.994369239270688432e-01 2.979279758377932630e-02 -1.543451662120887656e-02 3.193576877944572701e+01 -2.957770618757463860e-02 9.994646952252470573e-01 1.398149830975087271e-02 -8.081068254520007432e-01 1.584280239982590113e-02 -1.351710806481956975e-02 9.997831231830651699e-01 -7.335008435283016937e-01
9.998586064856852529e-01 5.342207601412998254e-03 -1.594452427784943602e-02 3.223180151055461806e+01 -5.194658711574178488e-03 9.999434376318819817e-01 9.281005215212322079e-03 -7.684968979390773836e-01 1.599320347440722975e-02 -9.196866579326733876e-03 9.998298030603750552e-01 -7.326851422890880983e-01
9.995954845702931246e-01 -1.970269932159741250e-02 -2.051026245867039119e-02 3.253977357051064700e+01 1.975794721902947304e-02 9.998016808211834805e-01 2.494503723472811952e-03 -7.492412847936835707e-01 2.045704642344208304e-02 -2.898735341334057313e-03 9.997865305079129961e-01 -7.479758495589633460e-01
9.989752098145494585e-01 -3.972834794952567750e-02 -2.168383142293693611e-02 3.286112919295311485e+01 3.962671016340610364e-02 9.992015526656643498e-01 -5.097155299867831002e-03 -7.233596634102884559e-01 2.186901958484503000e-02 4.232672882113930335e-03 9.997518844506724234e-01 -7.312660248137969887e-01
9.982475459020655473e-01 -5.460760087503453708e-02 -2.280015410422523217e-02 3.318763694421496524e+01 5.430824770631215159e-02 9.984322918610428754e-01 -1.354890402117898095e-02 -7.352175097223395683e-01 2.350428326014925365e-02 1.228692377197019257e-02 9.996482282146297305e-01 -7.616940215753948973e-01
9.982512082779598783e-01 -5.369956303204003606e-02 -2.471602924745575081e-02 3.351287043803099408e+01 5.306683756385457279e-02 9.982632485013420709e-01 -2.558119314104214878e-02 -7.374361352710178119e-01 2.604680254013154450e-02 2.422485545293897105e-02 9.993671599846172260e-01 -7.790985694590983890e-01
9.984074665579513175e-01 -5.022927067925739980e-02 -2.568172674029581271e-02 3.385402540865921139e+01 4.952577248546433802e-02 9.983987883085548853e-01 -2.733235013180343453e-02 -7.542083498351301873e-01 2.701348887225334117e-02 2.601691509459500007e-02 9.992964482814442606e-01 -7.848307493699269166e-01
9.993099168142278721e-01 -2.725136395268096950e-02 -2.523991520309617348e-02 3.416765825290733005e+01 2.661968383518754921e-02 9.993321290763593767e-01 -2.503374179433068281e-02 -7.702325890784829099e-01 2.590526180635161629e-02 2.434458786730808733e-02 9.993679294695799742e-01 -7.946422486825555076e-01
9.996179047914754978e-01 -1.078190454003994346e-02 -2.545181633577620756e-02 3.448675381772433468e+01 1.013986527883546825e-02 9.996304648473365306e-01 -2.522135764040032632e-02 -7.658685908798933406e-01 2.571434526539000814e-02 2.495364269174701541e-02 9.993578378959084851e-01 -8.009406862372984159e-01
9.995316728148637697e-01 -1.317062575915169988e-02 -2.762190538381665075e-02 3.480633066507141393e+01 1.275923943572578913e-02 9.998058235135730554e-01 -1.501722602106937005e-02 -7.716254211475345182e-01 2.781432812314489980e-02 1.465775854141528750e-02 9.995056344341434196e-01 -7.816257729663104170e-01
9.995086737433462876e-01 -1.516900303647584526e-02 -2.742831490807161668e-02 3.511072919956600202e+01 1.452938810904178500e-02 9.996212904148349399e-01 -2.337033655207153629e-02 -7.331119686359595100e-01 2.777243224843283995e-02 2.296033745962028014e-02 9.993505465604882732e-01 -7.997779098768545980e-01
9.992145416324326179e-01 -2.981205869093062760e-02 -2.610633920901229976e-02 3.543743150455119206e+01 2.906200152687085647e-02 9.991668329235545709e-01 -2.865379648084575778e-02 -7.207362480693730866e-01 2.693881692910179287e-02 2.787258764668398489e-02 9.992484270692340020e-01 -7.871100644597184282e-01
9.992621631351418232e-01 -2.973337682677957769e-02 -2.431163567006528262e-02 3.574711746219481512e+01 2.889509920480097874e-02 9.989994778362106809e-01 -3.413380325898543455e-02 -7.527280678126357927e-01 2.530222457456998350e-02 3.340613095608561955e-02 9.991215280665926013e-01 -8.161858004068194283e-01
9.994326359092073897e-01 -2.300122483028860243e-02 -2.460386018250232051e-02 3.606649053973957564e+01 2.201307610299413353e-02 9.989688964050188469e-01 -3.970602593842056244e-02 -7.862135544388721975e-01 2.549177828354460759e-02 3.914189151849017251e-02 9.989084450380312230e-01 -8.440849922612029266e-01
9.995310749947686757e-01 -2.101725800061303440e-02 -2.226892422048490014e-02 3.639290273936288145e+01 2.006436555345597617e-02 9.989084323062652482e-01 -4.218252128994679634e-02 -7.874901364207975707e-01 2.313117711529875595e-02 4.171592901488822142e-02 9.988617171118759908e-01 -8.272683459864389466e-01
9.996679483551680345e-01 -1.486437740688332197e-02 -2.104859414960503702e-02 3.670583751978015385e+01 1.384388914371397460e-02 9.987597864186713581e-01 -4.782505375121533925e-02 -7.915923756445163439e-01 2.173337904573536747e-02 4.751777895941491220e-02 9.986339273818102269e-01 -8.365051029140392336e-01
9.997016847463949807e-01 -2.177594664843673315e-03 -2.432693151006172158e-02 3.733886056846097290e+01 8.696196702731572590e-04 9.985595163091653959e-01 -5.364826325273468199e-02 -8.039414443252056452e-01 2.440871313381071453e-02 5.361110397931843907e-02 9.982635244529722840e-01 -8.468558302720615716e-01
9.996793277763091901e-01 5.625870934668747610e-03 -2.468990062622805626e-02 3.766958729772807857e+01 -6.992613924535254731e-03 9.984273061780029046e-01 -5.562389440374314320e-02 -8.153978734310987075e-01 2.433813812124836079e-02 5.577870430874870555e-02 9.981464778169726326e-01 -8.621756199403812770e-01
9.993592186367741270e-01 2.501294303412191639e-02 -2.560282809511439314e-02 3.799397502935354254e+01 -2.637526866823011046e-02 9.981744502362538407e-01 -5.433334241725839425e-02 -8.237888761418719064e-01 2.419705205959779906e-02 5.497380809371079508e-02 9.981945617440023399e-01 -8.813001250477048298e-01
9.983292888345656202e-01 5.222834332164395799e-02 -2.471499967523437674e-02 3.829213126790723010e+01 -5.332778050098979650e-02 9.975104985887268683e-01 -4.614057901790667021e-02 -8.501345674126075114e-01 2.224362564665659237e-02 4.738148751512478302e-02 9.986291682896837330e-01 -8.611830332247414344e-01
9.970414365637809695e-01 7.248932859435380793e-02 -2.556699072577294646e-02 3.862285816228194335e+01 -7.327909090402973113e-02 9.968158390028524218e-01 -3.143816071780364957e-02 -9.093887054061553510e-01 2.320665014841453294e-02 3.321867476253837631e-02 9.991786482085722731e-01 -8.962415398317962190e-01
9.953357692720634642e-01 9.288352476425670856e-02 -2.606448224993782037e-02 3.926842321669216318e+01 -9.341370560613440621e-02 9.954281442406562874e-01 -1.991705948511610785e-02 -1.004706649269702545e+00 2.409535250873217488e-02 2.225894159592749916e-02 9.994618319408246077e-01 -8.610196590843961495e-01
9.954517994899187983e-01 9.151129420925199764e-02 -2.648391822276890961e-02 3.956686599785634684e+01 -9.200423327192341905e-02 9.955953304957934069e-01 -1.803216445736611356e-02 -1.029117851013332086e+00 2.471711860893353180e-02 2.038678314790542956e-02 9.994865897652415176e-01 -8.660308837163890328e-01
9.946633513012780314e-01 9.947463119032441681e-02 -2.737910385055085730e-02 3.988188580447926057e+01 -9.995618591555220644e-02 9.948497038871154663e-01 -1.681747819782072537e-02 -1.092220812019851550e+00 2.556518091713556526e-02 1.946444001936741344e-02 9.994836452385834624e-01 -8.784288594525632154e-01
9.939298111130158153e-01 1.064016706202143420e-01 -2.796810808889517441e-02 4.019656471220492477e+01 -1.067685690203499377e-01 9.942118967547068920e-01 -1.196566006348513851e-02 -1.148336746299376765e+00 2.653305957087273570e-02 1.487914112560015205e-02 9.995371968612138946e-01 -8.898925860508138941e-01
9.929074869272188630e-01 1.157019970015693844e-01 -2.734538889325931199e-02 4.053512029889362367e+01 -1.159401037988134486e-01 9.932295043857591876e-01 -7.283127675631526771e-03 -1.190438894258273761e+00 2.631757464119982570e-02 1.040189922408478115e-02 9.995995126837231570e-01 -8.765887050068190689e-01
9.940961441563921364e-01 1.047788344632349239e-01 -2.818247721403582123e-02 4.117533603988588453e+01 -1.047288520251942606e-01 9.944955098106388336e-01 3.247848512861983578e-03 -1.255392254428408627e+00 2.836765282639009539e-02 -2.771551975880039674e-04 9.995975187334740220e-01 -9.075478196657458252e-01
9.948903369275436948e-01 9.640652149632550350e-02 -2.998333038835450381e-02 4.149302819160278233e+01 -9.626133042020890151e-02 9.953364595450343577e-01 6.252084939251262470e-03 -1.307720691583929673e+00 3.044624367520658986e-02 -3.333903618099627077e-03 9.995308456134484043e-01 -8.972224938964125096e-01
9.961034295476270950e-01 8.323347384025855944e-02 -2.915727140763343939e-02 4.181901577227326783e+01 -8.297362515377007530e-02 9.965014346624508912e-01 1.001340324359569108e-02 -1.342010000523123248e+00 2.988871312547695946e-02 -7.555100804105286186e-03 9.995246796750657525e-01 -9.082031972324922098e-01
9.961582256423633375e-01 8.231208726998937020e-02 -2.989163385156302574e-02 4.213476358809857203e+01 -8.213101287140275875e-02 9.965952588245972077e-01 7.237873517237908456e-03 -1.312863629216900030e+00 3.038562505158857660e-02 -4.755037075745586171e-03 9.995269398133461713e-01 -9.043691896752545922e-01
9.967205040387344672e-01 7.497592755330842462e-02 -3.044416391185919557e-02 4.243714909239555766e+01 -7.464645943940340089e-02 9.971400107607621965e-01 1.181968837103857320e-02 -1.377466216266402199e+00 3.124328602968335505e-02 -9.508376704149189285e-03 9.994665816576957518e-01 -9.102863040598356825e-01
9.975941466362638899e-01 6.437423727736130141e-02 -2.572695419248751530e-02 4.277260601572256604e+01 -6.406351336981511158e-02 9.978646824154370210e-01 1.272563721997571271e-02 -1.399270452536824250e+00 2.649122216470738839e-02 -1.104686212898930292e-02 9.995880061231843250e-01 -9.034204968345045383e-01
9.980513451078260045e-01 5.673418079849226053e-02 -2.597585913080032935e-02 4.308794459350214368e+01 -5.648108421062487255e-02 9.983497482015367686e-01 1.037628991116097688e-02 -1.403849919096417542e+00 2.652168273039047855e-02 -8.888925416052916723e-03 9.996087171239036451e-01 -9.013024896396130137e-01
9.985003411668879059e-01 4.509786307616645007e-02 -3.103629223299450221e-02 4.341827973310725497e+01 -4.484463977805447366e-02 9.989551466410213632e-01 8.807569618911175249e-03 -1.417893736162483931e+00 3.140106642751207267e-02 -7.402549924098856052e-03 9.994794521558890699e-01 -9.242185072891306863e-01
