1.000000000000000000e+00 0.000000000000000000e+00 0.000000000000000000e+00 0.000000000000000000e+00 0.000000000000000000e+00 1.000000000000000000e+00 0.000000000000000000e+00 0.000000000000000000e+00 0.000000000000000000e+00 0.000000000000000000e+00 1.000000000000000000e+00 0.000000000000000000e+00
9.999413839144578597e-01 -1.057772125990635165e-02 -2.310962610357434038e-03 3.885802165395206842e-01 1.054579378712737492e-02 9.998543797364916053e-01 -1.341661489180578926e-02 -1.927550532234807018e-02 2.452543299950186387e-03 1.339145752722101582e-02 9.999073226537840142e-01 -1.732132091676091834e-02
9.996939719188669971e-01 -1.861826545086151322e-02 -1.628872925310216602e-02 8.080342797046722314e-01 1.821184672975402832e-02 9.995276918315985082e-01 -2.475322000243725465e-02 -1.891602951529613302e-02 1.674189797399199681e-02 2.444899698143808767e-02 9.995608812867928794e-01 -6.199548362972458204e-02
9.998366252323765968e-01 -1.542028566867358758e-02 -9.430675152317477550e-03 1.209022059347272915e+00 1.501957814758341989e-02 9.990389098583893901e-01 -4.117849998760905739e-02 -6.982906602487007341e-02 1.005659565661625593e-02 4.103012769730779441e-02 9.991072982943033365e-01 -5.693009062538371967e-02
9.999900076543495331e-01 -1.813078673345590308e-03 -4.086237533271969494e-03 1.574455031731042842e+00 1.597494501922782934e-03 9.986375679194251509e-01 -5.215799029191869884e-02 -1.061162614047452130e-01 4.175236852010634492e-03 5.215094136925831070e-02 9.986304855708790784e-01 -8.898720865776264810e-02
9.999337397357374035e-01 6.810801664062175048e-03 -9.280577503332013145e-03 2.007331844877523697e+00 -7.299405726153300814e-03 9.985318681223770421e-01 -5.367333621157612672e-02 -1.168860819889968039e-01 8.901393944071051001e-03 5.373752250270472791e-02 9.985154199415869902e-01 -1.128383758386513891e-01
9.998649153244083543e-01 1.431111958240775112e-02 -8.083499218264282582e-03 2.404345386551900443e+00 -1.471643492264118960e-02 9.985108195006795473e-01 -5.253160842054151874e-02 -1.542614108757591196e-01 7.319675298899584216e-03 5.264347249545252988e-02 9.985865446505571841e-01 -1.067673297348744194e-01
9.996256547202807541e-01 2.693687020083158565e-02 -4.791184491703119608e-03 2.804332606692844898e+00 -2.711526268141905768e-02 9.987415969123628612e-01 -4.218986995311715948e-02 -1.802994084680449305e-01 3.648692199628239541e-03 4.230399060049591653e-02 9.990981230212103714e-01 -1.510492070030522438e-01
9.992446642455679040e-01 3.842605691563218129e-02 -5.791297495277075366e-03 3.207167800674295854e+00 -3.860985225552114597e-02 9.986079238388622104e-01 -3.593735876555063935e-02 -2.145836271609631862e-01 4.402304574769302578e-03 3.613381513421558278e-02 9.993372639496024279e-01 -1.633825076749165772e-01
9.980747183957935365e-01 6.200769189722284136e-02 -1.379363888397000483e-03 4.025656207180939639e+00 -6.202295848936054123e-02 9.978609243467231327e-01 -2.065740259883753344e-02 -2.928109774237173113e-01 9.549546894071299537e-05 2.070318351081507080e-02 9.997856615660842827e-01 -1.851462422425943222e-01
9.974675095845778605e-01 7.109869735806821633e-02 -1.882168198074970523e-03 4.442551970706375641e+00 -7.111877791353533873e-02 9.973588348235442602e-01 -1.474700062749652145e-02 -3.267722661961389718e-01 8.287045464203652125e-04 1.484351149182597425e-02 9.998894856009672427e-01 -1.990474110532612917e-01
9.977180480494894921e-01 6.745434928050667023e-02 -2.933830168898131710e-03 4.844265123997359979e+00 -6.748970743352608603e-02 9.976167044547606944e-01 -1.435445517460631759e-02 -3.389022822583174221e-01 1.958567551446837446e-03 1.451970233738069521e-02 9.998926653682285171e-01 -2.284575810504655691e-01
9.985322566465739680e-01 5.410745225265545938e-02 -2.390825595278455069e-03 5.229333783182878115e+00 -5.414186869543192310e-02 9.983702857889493743e-01 -1.803969256551205338e-02 -3.594469953541933327e-01 1.410847428688659453e-03 1.814265869210441792e-02 9.998344130130322194e-01 -2.401735740606085467e-01
9.990637104123401002e-01 4.324429768181457800e-02 -1.277988706683125513e-03 5.615437699240027669e+00 -4.326289309853732779e-02 9.987282855236528922e-01 -2.588694218577046111e-02 -3.911781106970523836e-01 1.569008359908471506e-04 2.591799400014394364e-02 9.996640600567453516e-01 -2.486921942430410093e-01
9.995477024873345995e-01 3.002779548241342814e-02 -1.649833554389013501e-03 6.023491963251520254e+00 -3.006023562886226894e-02 9.992195168141545514e-01 -2.562692825183587875e-02 -3.942290936961405645e-01 8.790257266517588052e-04 2.566493164132365584e-02 9.996702149197094212e-01 -2.535003225813962646e-01
9.995723189651500862e-01 2.876902666227024175e-02 -5.246166556443727924e-03 6.433020123965524029e+00 -2.888089736122531614e-02 9.993258259452979519e-01 -2.266687817848726805e-02 -4.376415639499052213e-01 4.590525704397396128e-03 2.280869798242762120e-02 9.997293085481208097e-01 -2.776471988847897809e-01
9.991570397433813255e-01 4.051994913351535804e-02 -6.583589709302378051e-03 6.846998481733436392e+00 -4.063004731665836172e-02 9.990200841082725880e-01 -1.755194585640271199e-02 -4.885357030109426235e-01 5.865934391825965502e-03 1.780464182502185938e-02 9.998242773323687826e-01 -2.979406501402510621e-01
9.987926989569887448e-01 4.910486036362173012e-02 -1.362790843524033834e-03 7.255233974510992390e+00 -4.911337462600748327e-02 9.987676766766793168e-01 -7.141740594106170230e-03 -4.882576362611875664e-01 1.010417269955958845e-03 7.200049620472878838e-03 9.999735688218980290e-01 -3.095382692600487928e-01
9.984985506228495344e-01 5.473569225917411518e-02 -2.156014141342480622e-03 7.664983494499737482e+00 -5.473926866121199553e-02 9.984993416200204086e-01 -1.636230674885026572e-03 -5.371526048849003532e-01 2.063218481968392623e-03 1.751792594677664162e-03 9.999963371693922909e-01 -3.296691959622439216e-01
9.983090532378899873e-01 5.808200399195044550e-02 -2.348411281422813773e-03 8.087993763966059291e+00 -5.809541257334326081e-02 9.982923128230897225e-01 -6.114016377100879064e-03 -5.572134508615224080e-01 1.989286605969793273e-03 6.240109823190685516e-03 9.999785516540811159e-01 -3.203718759215034018e-01
9.988226274362481671e-01 4.792242648328952359e-02 -7.536574905317341803e-03 8.496468887521205104e+00 -4.795096481461219584e-02 9.988430125628042777e-01 -3.652564552393906296e-03 -5.173141466958000034e-01 7.352815426594838839e-03 4.009650161210145947e-03 9.999649287904487371e-01 -3.729034096962070555e-01
9.994821787354264409e-01 3.148046018838238785e-02 -6.659956202022043921e-03 8.897105286162759086e+00 -3.156195081036832634e-02 9.994235464824966497e-01 -1.250671809040292300e-02 -5.573153669994346249e-01 6.262399805910719326e-03 1.271044305587311178e-02 9.998996084537659090e-01 -3.568427037675510061e-01
9.997350132094517949e-01 2.282229262383516158e-02 -3.007710506223620558e-03 9.291236589350624797e+00 -2.287978860947998891e-02 9.995235785443578047e-01 -2.071548230349919834e-02 -5.916565478714864712e-01 2.533502769431757867e-03 2.077880875490984575e-02 9.997808872300191219e-01 -3.819840443181637957e-01
9.998747915361295702e-01 1.546919123249411443e-02 -3.332472534605187761e-03 9.704502056692032141e+00 -1.553897375272988296e-02 9.996362126444009455e-01 -2.204501450827225234e-02 -5.844240093469987851e-01 2.990241678082646709e-03 2.209403748911659138e-02 9.997514250863241969e-01 -4.035155637239285498e-01
9.999261372842511708e-01 1.022325581179492349e-02 -6.573052289733640093e-03 1.011819606177349762e+01 -1.038363343976399233e-02 9.996373469550160484e-01 -2.484662410319639012e-02 -6.105789602964363239e-01 6.316655158039442657e-03 2.491304102961993186e-02 9.996696655667165476e-01 -4.021828911833977838e-01
9.999362900069346249e-01 9.409371189607818736e-03 -6.235355722305603067e-03 1.052314064995062992e+01 -9.560176235924110200e-03 9.996513169781104935e-01 -2.461396949432110084e-02 -6.162712173526478932e-01 6.001579584208042127e-03 2.467201243809422420e-02 9.996775844464799166e-01 -4.309300073835855560e-01
9.999487529246704476e-01 8.137319039608259877e-03 -6.022919827118775223e-03 1.094865675975390573e+01 -8.276248969512194423e-03 9.996916177662026337e-01 -2.341309614269996425e-02 -6.430249071285900619e-01 5.830542632630335460e-03 2.346174347401088628e-02 9.997077329728768502e-01 -4.539430342415424202e-01
9.998945409695876307e-01 1.440497339352224057e-02 -1.844906704840785453e-03 1.135455759366890405e+01 -1.445239811890957141e-02 9.994756991088536990e-01 -2.897335119520412505e-02 -6.741572750589271967e-01 1.426579065523264200e-03 2.899695901986988622e-02 9.995784817810804412e-01 -4.513838564227378725e-01
9.997222072244966729e-01 2.341215254060103473e-02 -2.716522703048892401e-03 1.176732873782088973e+01 -2.348462497258554937e-02 9.992519894227621657e-01 -3.072350931369836197e-02 -7.085288964476473828e-01 1.995187228698822729e-03 3.077877106168352278e-02 9.995242300614102238e-01 -4.753669811806844336e-01
9.994825201455990182e-01 3.149516614807306575e-02 -6.538075611938138146e-03 1.219154058351059433e+01 -3.168696259324380732e-02 9.989961967234526341e-01 -3.166283837073079893e-02 -7.254072123157170315e-01 5.534286315010810212e-03 3.185362524708807569e-02 9.994772224686271356e-01 -4.857531134942204565e-01
9.992247986593002507e-01 3.931770508498119016e-02 -1.979851290198875267e-03 1.258730491016538622e+01 -3.936115831993133168e-02 9.987032443096504064e-01 -3.228821799189254133e-02 -7.520847688287418675e-01 7.077852740474496101e-04 3.234111736209985960e-02 9.994766386303267636e-01 -4.924529936081502024e-01
9.989276755183776890e-01 4.623781818773352315e-02 -2.358654847338870902e-03 1.300049108492125427e+01 -4.628680669776971679e-02 9.985077484891975441e-01 -2.897943637748683424e-02 -7.975484741131059208e-01 1.015189230674240451e-03 2.905753561938117027e-02 9.995772251379851925e-01 -5.347413498541915278e-01
9.986552674383969430e-01 5.182475145654364540e-02 -1.360865170142479263e-03 1.342450146546747725e+01 -5.184253042648342275e-02 9.982618460217761447e-01 -2.802924929738177459e-02 -8.179306012857368025e-01 -9.410910141714149291e-05 2.806210814716375221e-02 9.996061770666555546e-01 -5.248561906084794337e-01
9.987649939008982347e-01 4.967403666235035986e-02 -9.884532392796672919e-04 1.384809848586321834e+01 -4.968373379029775161e-02 9.985179546020910291e-01 -2.221308024366245443e-02 -7.829274963247745411e-01 -1.164250557020745421e-04 2.223475700168622143e-02 9.997527704519164615e-01 -5.547293832265470792e-01
9.990955252558867405e-01 4.222143084655831380e-02 -5.047988800807316941e-03 1.423574140024230417e+01 -4.228801909423264560e-02 9.990086902580452843e-01 -1.390540290645110588e-02 -8.237054444358413718e-01 4.455878673123542071e-03 1.410629526751151427e-02 9.998905728023822492e-01 -5.778497021744448681e-01
9.989261693215787385e-01 4.632831535307317672e-02 -4.420871665861737538e-04 1.464918693686494322e+01 -4.632946563602785561e-02 9.989214102309413867e-01 -3.097869607866364072e-03 -8.612118589471760011e-01 2.980912557753277866e-04 3.115024682636171206e-03 9.999951038694288030e-01 -5.865231790488113495e-01
9.987929657610084000e-01 4.907061980403955304e-02 2.164675120327880925e-03 1.508738816821383644e+01 -4.909325766589159312e-02 9.987212563029127521e-01 1.207080198172541530e-02 -8.653554124192918140e-01 -1.569585320886424931e-03 -1.216250306388658511e-02 9.999248021332111103e-01 -6.138487528714886565e-01
9.987017117237014796e-01 5.092641656031310360e-02 1.179447529195098033e-03 1.549876886395456665e+01 -5.093774716296710359e-02 9.986096344931350011e-01 1.356995989120523410e-02 -8.923546537728379580e-01 -4.867382359070890709e-04 -1.361242057140276893e-02 9.999072282427390324e-01 -6.102285442116659464e-01
9.997889684606496852e-01 2.029503878515216686e-02 -3.182757467856087673e-03 1.636651918196120192e+01 -2.025373227044146435e-02 9.997165561949609147e-01 1.251373640463807925e-02 -8.270675610972795244e-01 3.435822100648182331e-03 -1.244663289394588000e-02 9.999166347531658339e-01 -6.423858941690742119e-01
9.999565281594029464e-01 8.884760567790471117e-03 -2.828925776036794217e-03 1.677912270571583875e+01 -8.878560137896002527e-03 9.999581716069056991e-01 2.196862865961182916e-03 -8.289209814439663093e-01 2.848326047181735064e-03 -2.171650576660673002e-03 9.999935854656778478e-01 -6.671681805072325888e-01
9.998750439743961937e-01 -1.504447604390965129e-02 -4.853882751321762085e-03 1.719400751094934421e+01 1.502948534356046001e-02 9.998822135840063074e-01 -3.110229678862389859e-03 -7.917530591872805612e-01 4.900102805763532215e-03 3.036889677252652478e-03 9.999833830087283548e-01 -6.813219659863459787e-01
9.993898400401599602e-01 -3.433109622261609761e-02 -6.428332338707922963e-03 1.759752872476163077e+01 3.425989434107309939e-02 9.993537680143518287e-01 -1.087685594533357482e-02 -8.388088146234136122e-01 6.797592532795054474e-03 1.064998533663334863e-02 9.999201820885943448e-01 -6.827104434184099180e-01
9.993728521996246839e-01 -3.509289730719316464e-02 -4.731896551473136446e-03 1.801065282126835143e+01 3.503023392593702240e-02 9.993051439997454599e-01 -1.273231662903701045e-02 -8.209989585678301172e-01 5.175422444707225740e-03 1.255857214155798804e-02 9.999077443785922004e-01 -6.944019817337936384e-01
9.993560862734072181e-01 -3.518714335403919785e-02 -7.019812738280976558e-03 1.841792628263806364e+01 3.511687629924899884e-02 9.993342367289285155e-01 -9.893851646005539374e-03 -8.391280432948053924e-01 7.363275580981622909e-03 9.640966963547697305e-03 9.999264142569324054e-01 -7.061767898927261422e-01
9.997314129422585349e-01 -2.299770895809226043e-02 2.864848888538513300e-03 1.884337001828678027e+01 2.299702506048648468e-02 9.997354965988828335e-01 2.714379349546528928e-04 -8.302587796564897538e-01 -2.870333576892081066e-03 -2.054820285541169656e-04 9.999958594725746330e-01 -8.221683971337555574e-01
9.997961690649346256e-01 -1.954096594890517707e-02 5.076511879672908865e-03 1.926809398667279893e+01 1.966949127290486266e-02 9.994515905709923098e-01 -2.663886668345261804e-02 -8.814853855179758391e-01 -4.553178685912854899e-03 2.673328926446147391e-02 9.996322322779297442e-01 -6.843964418033943176e-01
9.999425668457799787e-01 -1.071724624812414074e-02 -6.035503126799240058e-05 1.969409982901145284e+01 1.071474855024711313e-02 9.998034623425940959e-01 -1.668025333338783028e-02 -8.467029765854643397e-01 2.391095516865452059e-04 1.667864864484192716e-02 9.998608730748514972e-01 -7.456113986511093694e-01
9.995921837984670377e-01 -1.047987680994696101e-02 -2.656385271492325492e-02 2.012462247105766266e+01 9.525411637526728578e-03 9.993133512679187591e-01 -3.580631942572175958e-02 -8.872021072747171555e-01 2.692085849573653752e-02 3.553868539675441446e-02 9.990056402333887808e-01 -7.556896386507239161e-01
9.998825976023325568e-01 -1.419476589861911990e-02 -5.770583427641426746e-03 2.051942558096292757e+01 1.396373412586225486e-02 9.991695787229702974e-01 -3.827750101331494487e-02 -8.810551079393884599e-01 6.309131578450399500e-03 3.819242825018457493e-02 9.992504857557389375e-01 -7.690409115849152766e-01
9.999192939714242057e-01 -1.199001773795354588e-02 -4.200597378016339076e-03 2.094327416447348966e+01 1.180407149066424639e-02 9.990562794730289964e-01 -4.179969308203482226e-02 -8.752132444829837654e-01 4.697812249539775123e-03 4.174673544305687600e-02 9.991171806349420370e-01 -8.082171787780160210e-01
9.999303901911837933e-01 -9.657008783684514763e-03 -6.779155807232388822e-03 2.138344368983068478e+01 9.322373600679240840e-03 9.988148651338948358e-01 -4.776984967538438348e-02 -8.932177657253923542e-01 7.232435451232954379e-03 4.770332660214906401e-02 9.988353640658366173e-01 -7.984426762359897456e-01
9.999684955491652261e-01 5.153929640410472284e-04 -7.921002413321744789e-03 2.177597405550017129e+01 -7.928720280821967455e-04 9.993846249463610443e-01 -3.506768847198579037e-02 -9.281450295205251333e-01 7.898054386133127047e-03 3.507286402496632288e-02 9.993535485232440951e-01 -8.187303375917077686e-01
9.998044939806296494e-01 1.819043291157038111e-02 -7.751255809652144238e-03 2.218161933302790345e+01 -1.837250779421684826e-02 9.995406085822071685e-01 -2.410441354736652872e-02 -9.541941756201092195e-01 7.309225231749953353e-03 2.424211099720243248e-02 9.996793962470722494e-01 -8.504173875144582784e-01
9.995909256661096309e-01 2.849716973637040837e-02 -2.427476670658266795e-03 2.260952006641140244e+01 -2.852285037661892939e-02 9.995292852892362356e-01 -1.129844483022593091e-02 -9.394186812547230536e-01 2.104360321595386604e-03 1.136306148030292659e-02 9.999332240212002176e-01 -8.618274116054690515e-01
9.994606122573611584e-01 3.282770192735879472e-02 9.091382233643533622e-04 2.304224095587008136e+01 -3.282377035872669629e-02 9.994529651936665537e-01 -4.046043131890112582e-03 -9.334091381934634946e-01 -1.041463191031330796e-03 4.014019401550531288e-03 9.999914014643654925e-01 -8.626995760346025666e-01
9.995614389077444040e-01 2.948735636443827052e-02 -2.725007030498746534e-03 2.349275523627908768e+01 -2.950972407993177754e-02 9.995277615192552645e-01 -8.569138640092238343e-03 -9.220973721414300606e-01 2.471038932501967191e-03 8.645794754876442653e-03 9.999595712825847249e-01 -8.761242189896161214e-01
9.999613409805818698e-01 7.988437325254952454e-03 -3.674426950813852299e-03 2.388541694400652915e+01 -8.035452302395263563e-03 9.998836824840022786e-01 -1.296352608385545335e-02 -8.802436076714486024e-01 3.570441234963031823e-03 1.299255060915075269e-02 9.999092186684030992e-01 -8.882542196060260187e-01
9.999494410851186288e-01 -9.007708996558278294e-03 -4.469502454646409259e-03 2.427721545566314276e+01 8.878330300429346580e-03 9.995637669918681079e-01 -2.816826171603356577e-02 -9.209450783799720819e-01 4.721284214622690351e-03 2.812715584021618226e-02 9.995932035481758238e-01 -9.118575604484610020e-01
9.998744319252764745e-01 -1.567800073446725881e-02 -2.306658855525373260e-03 2.467073395905295996e+01 1.556419801011521553e-02 9.989513907039166973e-01 -4.305664584024854191e-02 -9.082127260877090880e-01 2.979282196713689372e-03 4.301533800495714599e-02 9.990699698088776337e-01 -9.150022200370964143e-01
9.997231351979807279e-01 -2.337118893709295292e-02 -2.727723883873584172e-03 2.509854939497620663e+01 2.323910924096717068e-02 9.988809555498984194e-01 -4.119199487046315555e-02 -9.328889086730582925e-01 3.687377334413283886e-03 4.111720038364202745e-02 9.991475261846997080e-01 -9.337792768496729900e-01
9.998188300423465069e-01 -1.832842036113904033e-02 -5.135766721621773563e-03 2.552494573962920299e+01 1.807168426602070305e-02 9.987674109213198204e-01 -4.622848807080768424e-02 -9.817268386693714932e-01 5.976731593671717573e-03 4.612730090292441881e-02 9.989176896976388331e-01 -9.416394816768005605e-01
9.999781961938433161e-01 -5.681561971811683112e-03 -3.365559458380925836e-03 2.593408167840399869e+01 5.539294961486265767e-03 9.991490831822007479e-01 -4.087084275491974228e-02 -9.922971753720999377e-01 3.594905873188732927e-03 4.085130878843645785e-02 9.991587697768732346e-01 -9.593300150202830334e-01
9.999385958536468610e-01 1.059227217627545063e-02 -3.257037362510909698e-03 2.634743308451140109e+01 -1.069623553640699880e-02 9.993728089342752696e-01 -3.375765554901843241e-02 -1.015257359904617296e+00 2.897424302168252665e-03 3.379042072777686118e-02 9.994247407381173787e-01 -9.830840909693503438e-01
9.992283254314404672e-01 3.925804641578132387e-02 -1.248778241199148195e-03 2.718458563457793886e+01 -3.927509578268979090e-02 9.990319024490842414e-01 -1.981728387605024427e-02 -1.076129737460841174e+00 4.695814518015111361e-04 1.985103726709960825e-02 9.998028384700057281e-01 -1.010877845540831377e+00
9.990164020349239227e-01 4.410165598992546454e-02 -4.612201658801379570e-03 2.761207215419174332e+01 -4.420153087929296065e-02 9.987238785673844266e-01 -2.443028954489455742e-02 -1.069208714918244096e+00 3.528899704169825152e-03 2.461012633585501694e-02 9.996908965018193038e-01 -1.032433417625660432e+00
9.995651691605436096e-01 2.934509226878734278e-02 -2.887587364948939177e-03 2.802751045416404807e+01 -2.941546889945228366e-02 9.991620906503677624e-01 -2.845780730505555189e-02 -1.059661450966009610e+00 2.050070847363743166e-03 2.853037270914410978e-02 9.995908238087213293e-01 -1.041071162642771553e+00
9.998119094563179265e-01 1.921361979327867314e-02 -2.642446546467453437e-03 2.843486367925714831e+01 -1.930189853880840550e-02 9.990570407050722856e-01 -3.889043751902375445e-02 -1.070203184541380637e+00 1.892728746850330266e-03 3.893412683062090485e-02 9.992399868629296966e-01 -1.061551735061523116e+00
9.999144443805999538e-01 1.300918888720961272e-02 -1.365622031546019199e-03 2.927521022347259461e+01 -1.305001404393916001e-02 9.992630592310075555e-01 -3.609758426461391612e-02 -1.132556666313137672e+00 8.950153569256105767e-04 3.611231730012369467e-02 9.993473367587097922e-01 -1.077707808892046870e+00
9.995818513095612312e-01 2.882245229005468007e-02 -2.321373847067537480e-03 2.970832395169848894e+01 -2.888296289320448074e-02 9.990485161302996575e-01 -3.267777336900539592e-02 -1.171941301741028951e+00 1.377311533423131607e-03 3.273115735555080091e-02 9.994632431215797475e-01 -1.097447631185973105e+00
9.993171418006314699e-01 3.687582409849985560e-02 -2.328883954404957317e-03 3.012780883973351820e+01 -3.691643376994773601e-02 9.991008009160938785e-01 -2.085105576532930369e-02 -1.197420513579774637e+00 1.557889959416337844e-03 2.092279154119514387e-02 9.997798806602371524e-01 -1.123299975040741527e+00
9.990696556192465438e-01 4.311875395481734596e-02 7.721905360623986447e-04 3.053561901204070139e+01 -4.310374349215380374e-02 9.989725378453014892e-01 -1.399771152297111208e-02 -1.215341966936406282e+00 -1.374961018599880815e-03 1.395140452791880474e-02 9.999017290683598347e-01 -1.138133761003327304e+00
9.987664119504925386e-01 4.959179985490484721e-02 2.511522783112913899e-03 3.093973107315955673e+01 -4.957217503927399682e-02 9.987434872525742247e-01 -7.351607473388389706e-03 -1.251245683527958175e+00 -2.872946469152582154e-03 7.218036971244950507e-03 9.999698226050959260e-01 -1.150745340833011054e+00
9.984789609427138224e-01 5.512221794379860984e-02 1.142647677501153159e-03 3.135792222711795674e+01 -5.512069102232322604e-02 9.984788168270830599e-01 -1.327316394046314718e-03 -1.264224320846236260e+00 -1.214074124634563620e-03 1.262313964390677926e-03 9.999984662925615053e-01 -1.167212768044730176e+00
9.987477932150027327e-01 5.001990329337589747e-02 9.245662137024638575e-04 3.179567098908811573e+01 -5.001233649409948800e-02 9.987246236966496049e-01 -6.920420535389837542e-03 -1.269057076580720533e+00 -1.269545809792321485e-03 6.865515021249625309e-03 9.999756261814234382e-01 -1.181632780422379847e+00
9.994199142525850288e-01 3.404775062749541836e-02 7.652924692325946106e-04 3.220702172793887286e+01 -3.403854677125595085e-02 9.993717262509921317e-01 -9.875733077250082453e-03 -1.265798178074989400e+00 -1.101058153141781185e-03 9.843954861739032808e-03 9.999509409084145206e-01 -1.216033623950252940e+00
9.997868243840223323e-01 2.064396898985202192e-02 3.637752850424579455e-04 3.261929068880512972e+01 -2.063613443197775607e-02 9.996732303192668034e-01 -1.508583901371018596e-02 -1.277260822118293948e+00 -6.750880070936387308e-04 1.507511616500073134e-02 9.998861360819012445e-01 -1.225752262338513310e+00
9.999803070867303578e-01 6.270170354777259043e-03 2.653346010484171368e-04 3.301604907424148649e+01 -6.265307264688006229e-03 9.998603469770471763e-01 -1.549298124370938716e-02 -1.294950445612507828e+00 -3.624411779707134378e-04 1.549101373896994392e-02 9.998799413578269846e-01 -1.225782610234402936e+00
9.999894465576028013e-01 4.262073041399775004e-03 -1.715082158086731791e-03 3.342747776967680551e+01 -4.294111265169987292e-03 9.998077526242354907e-01 -1.913160737935558006e-02 -1.326736091755716718e+00 1.633212129992422847e-03 1.913877022865486874e-02 9.998155030265699628e-01 -1.247393290339266603e+00
9.999290332745890408e-01 1.165347828726861872e-02 -2.474845117164517928e-03 3.385113423663808163e+01 -1.168527339779025682e-02 9.998439745273205448e-01 -1.324692368173708765e-02 -1.337183936728566502e+00 2.320086240787076325e-03 1.327490283275287869e-02 9.999091929543483248e-01 -1.276654275155782114e+00
9.997449220391263491e-01 2.258263336462919268e-02 3.398930713942324515e-04 3.425024086136991031e+01 -2.258134703066876081e-02 9.997392129363671387e-01 -3.404244946178456611e-03 -1.360201347209478051e+00 -4.166812471811343565e-04 3.395701354920797714e-03 9.999941477773989229e-01 -1.289357858186877648e+00
9.993534754281923060e-01 3.593200984891021382e-02 1.233619800157624222e-03 3.465780713950933745e+01 -3.593398988601994443e-02 9.993528488964527057e-01 1.622274149185394445e-03 -1.370397934798079920e+00 -1.174529891036432249e-03 -1.665554190507795383e-03 9.999979232022302433e-01 -1.292115936149684785e+00
9.994276380151445593e-01 3.380630713593339026e-02 1.236919277940802054e-03 3.506930326587158220e+01 -3.381582761724740566e-02 9.993900382205403998e-01 8.720166747689540171e-03 -1.363734691833938584e+00 -9.413681691080353449e-04 -8.757003104820859640e-03 9.999612136091040604e-01 -1.301149073344001428e+00
9.997163126400657740e-01 2.378473281623105437e-02 -1.257269346902067497e-03 3.547220291896069710e+01 -2.377317257724162816e-02 9.996810321530450461e-01 8.524682928715205874e-03 -1.361764504501133066e+00 1.459625624208020760e-03 -8.492375302760904812e-03 9.999628738382011495e-01 -1.347062983734150343e+00
9.999140753886253119e-01 1.310545028893591452e-02 -2.983495179165256920e-04 3.587279557552842846e+01 -1.310743263145079315e-02 9.998814846131787171e-01 -8.075390860977924370e-03 -1.353418052917935155e+00 1.924825254157282910e-04 8.078607582363213011e-03 9.999673489919596037e-01 -1.326424181451791640e+00
9.999823665339839796e-01 -5.934400412450267781e-03 -2.225148033293694063e-04 3.628141358212108969e+01 5.929812364784419268e-03 9.998406342510218758e-01 -1.683874775132525661e-02 -1.322160435592412142e+00 3.224072136916887252e-04 1.683713135480690085e-02 9.998581934761197054e-01 -1.359887050419817278e+00
9.997322621897118955e-01 -2.285951037531923011e-02 -3.584232475968345162e-03 3.666619375414587267e+01 2.276817299950347276e-02 9.994590173436680436e-01 -2.373358271930657917e-02 -1.325933651076190989e+00 4.124831548778070539e-03 2.364562191675573591e-02 9.997118936618010210e-01 -1.370154760423638374e+00
9.994583495105567872e-01 -3.287005394028467281e-02 -1.602232066965048616e-03 3.707684044073736374e+01 3.281294929551598766e-02 9.990756404395356727e-01 -2.777003851026355399e-02 -1.365176864095958287e+00 2.513553692192012877e-03 2.770242289573964303e-02 9.996130540431842348e-01 -1.361929697390683813e+00
9.995897513108380483e-01 -2.853487384694856910e-02 -2.467802438540128967e-03 3.748665399549965116e+01 2.846942564659316749e-02 9.993207469055082059e-01 -2.339950015642194153e-02 -1.408512016099307207e+00 3.133827961142309892e-03 2.331964362412122793e-02 9.997231483483585146e-01 -1.417105422710889018e+00
9.998951208450056471e-01 -1.384262661824705448e-02 -4.257816184316875335e-03 3.789838459117916614e+01 1.372568985865853242e-02 9.995581337171480785e-01 -2.636556006983013095e-02 -1.437280145003181797e+00 4.620903402534065965e-03 2.630435340774794212e-02 9.996433005045073372e-01 -1.400640468183828702e+00
9.999882944484840275e-01 -4.491861836276786306e-03 -1.798372390742861799e-03 3.831284194430792667e+01 4.437629560791577464e-03 9.995665785070596554e-01 -2.910262145531546454e-02 -1.438234256002824063e+00 1.928317892147144710e-03 2.909430028259829895e-02 9.995748112478489711e-01 -1.397132723976979518e+00
9.999785960480459535e-01 6.496750496250288179e-03 7.743892874320629617e-04 3.872851688688628258e+01 -6.472204574882293310e-03 9.995776053670549777e-01 -2.833233870694329415e-02 -1.444873422323768475e+00 -9.581303251075065251e-04 2.832672027703800333e-02 9.995982587542989739e-01 -1.467503637361298630e+00
9.998467872657080813e-01 1.590060936131099459e-02 -7.319331689490309566e-03 3.915068373048433159e+01 -1.611868508488767046e-02 9.993965782348578353e-01 -3.076796066676844993e-02 -1.466352781460515509e+00 6.825685722036110327e-03 3.088122462592084172e-02 9.994997548674173782e-01 -1.466294594959110409e+00
9.997446861062723178e-01 2.258633051175004333e-02 6.482871933051407697e-04 3.955042688450254218e+01 -2.254659514085190566e-02 9.990535419143792284e-01 -3.719773428433758439e-02 -1.513397331165339921e+00 -1.487833937483537235e-03 3.717362051707715637e-02 9.993077145143165474e-01 -1.465502202024140388e+00
9.997679727102005698e-01 2.139094718394256994e-02 2.535374037363254379e-03 4.037501108406127770e+01 -2.126134413551759861e-02 9.988377021849633719e-01 -4.325736861406984102e-02 -1.509671831932426933e+00 -3.457743264999229692e-03 4.319342626414582331e-02 9.990607448694384107e-01 -1.500260268736522296e+00
9.997990763435732342e-01 1.989276226044061138e-02 2.466769585393077061e-03 4.078219197213707758e+01 -1.978572505935189893e-02 9.990934787293370700e-01 -3.769278239116229806e-02 -1.551095179005626656e+00 -3.214346965336007615e-03 3.763640219470201081e-02 9.992863299392347187e-01 -1.513558461563797364e+00
9.997148369738162454e-01 2.387078010131595679e-02 -6.561949181794528513e-04 4.118529379796441958e+01 -2.387973650480774285e-02 9.992725959559168869e-01 -2.973276233355592185e-02 -1.583125578795144150e+00 -5.402663212674091268e-05 2.973995341081400040e-02 9.995576682974552929e-01 -1.540124289876178887e+00
9.993296690093620427e-01 3.659581035933594240e-02 9.794395245887805353e-04 4.159777081915009944e+01 -3.657346847261359890e-02 9.991817506738783772e-01 -1.726877309383184969e-02 -1.627907716858632226e+00 -1.610602844138082175e-03 1.722137579948338285e-02 9.998504038975287722e-01 -1.579829149505124875e+00
9.986047732297121948e-01 5.261169722385922870e-02 4.529480992347915437e-03 4.201432781822994400e+01 -5.257207543100841235e-02 9.985812759473210454e-01 -8.462399913532711940e-03 -1.649957756576419410e+00 -4.968276130755914545e-03 8.212468730239437173e-03 9.999539347338173290e-01 -1.582541085395920311e+00
9.977347957577881177e-01 6.722562903634056453e-02 2.447883745830497278e-03 4.287246148474373086e+01 -6.723826683102744617e-02 9.977217337166665034e-01 5.509767959616123159e-03 -1.642876647830451065e+00 -2.071909197897383193e-03 -5.661878670333884284e-03 9.999818249959336880e-01 -1.621779683566774821e+00
9.987014865666353769e-01 5.089515398462135520e-02 2.241434914130715616e-03 4.327970015602684128e+01 -5.090405125388862417e-02 9.986950935579996802e-01 4.109460928121234057e-03 -1.617987415615065316e+00 -2.029358404541427036e-03 -4.218222855653346558e-03 9.999890440901869626e-01 -1.646356736909490248e+00
9.995144118513643594e-01 3.099836567413790864e-02 3.168884181177716777e-03 4.368191330485497303e+01 -3.098429934109369135e-02 9.995102060240552699e-01 -4.395594168269267507e-03 -1.662557069522478059e+00 -3.303588316178428155e-03 4.295274063788077218e-03 9.999853183547017244e-01 -1.656707989533566128e+00
9.997540824976880458e-01 2.185527453388428493e-02 3.757858998742435747e-03 4.410986230933774266e+01 -2.180942816685453589e-02 9.996920755941725023e-01 -1.183650443543392099e-02 -1.626990637613058732e+00 -4.015391916201011858e-03 1.175163687593281346e-02 9.999228848558749938e-01 -1.668784092794671770e+00
9.999591387211026472e-01 8.100385403182955649e-03 4.013059240829527571e-03 4.451144139553080237e+01 -8.052431332205038303e-03 9.998976595651184462e-01 -1.182492054258974835e-02 -1.678483692421368412e+00 -4.108434956358607976e-03 1.179212247724466776e-02 9.999220302652057635e-01 -1.678047941555693257e+00
9.999394262144792878e-01 1.091791277871732337e-02 1.393944910785443634e-03 4.494285628623875084e+01 -1.089872489343594007e-02 9.998547760458594835e-01 -1.310132107771213965e-02 -1.700363880984411713e+00 -1.536781557406077326e-03 1.308533525899988580e-02 9.999132023848892326e-01 -1.690972465514521961e+00
9.998147291605962161e-01 1.924845830223233245e-02 6.485761911509067541e-05 4.536972223404580973e+01 -1.924642530835206367e-02 9.997480493951660385e-01 -1.155044775801859075e-02 -1.708209503016545394e+00 -2.871695902410603338e-04 1.154705951954499918e-02 9.999332892498771219e-01 -1.705805609882331764e+00
9.997354749521958350e-01 2.299325704130878237e-02 5.387510926167349929e-04 4.576806041993331320e+01 -2.298864386185315092e-02 9.997083255640634158e-01 -7.401760012961548785e-03 -1.745108138584960056e+00 -7.087845232317916159e-04 7.387416905041934573e-03 9.999724614688000335e-01 -1.743091484223557197e+00
9.995868966249344956e-01 2.868264227727843063e-02 1.828148715581814649e-03 4.618912508561760433e+01 -2.866749336244032303e-02 9.995583009170929678e-01 -7.834404383791373355e-03 -1.782028813317175553e+00 -2.052052642366554436e-03 7.778759523729306125e-03 9.999676394665104606e-01 -1.744322554653030988e+00
9.993883879318617991e-01 3.483242007197251411e-02 3.090724653575971110e-03 4.660333715442950364e+01 -3.480813169017019093e-02 9.993651757394623747e-01 -7.592067404420995043e-03 -1.793301952186848292e+00 -3.353212667628761249e-03 7.479841653614603507e-03 9.999664034024555725e-01 -1.755723076964889051e+00
9.992835273798972295e-01 3.784716890618607804e-02 -1.539901837793315232e-04 4.702156844549944736e+01 -3.784742727376943366e-02 9.992807368230017806e-01 -2.362469732145476911e-03 -1.820945207734282922e+00 6.446663332225783930e-05 2.366605219548035925e-03 9.999971975079670061e-01 -1.795197395164386034e+00
9.991164620858853374e-01 4.183147956004811679e-02 4.052469222709667931e-03 4.743615340920456447e+01 -4.181720634440259238e-02 9.991189887649007950e-01 -3.545073053096898987e-03 -1.833818271218460749e+00 -4.197194602754066722e-03 3.372477904955790886e-03 9.999855048700692084e-01 -1.806568901295970919e+00
9.991976170013580072e-01 3.995337159290738432e-02 2.801834607296118784e-03 4.786685232305226378e+01 -3.993521955488484737e-02 9.991826603586825284e-01 -6.260149970155929125e-03 -1.809882153973372709e+00 -3.049658654788128028e-03 6.143235052052081757e-03 9.999764798459934712e-01 -1.830618321176781249e+00
9.997167940254431118e-01 2.367884026828668761e-02 2.375766621278919445e-03 4.830017227195109797e+01 -2.366138214853630642e-02 9.996946365383094779e-01 -7.125494464125471140e-03 -1.820788121511589530e+00 -2.543764594207864778e-03 7.067262559599741915e-03 9.999717911329313313e-01 -1.846494878090853442e+00
9.998950798364802939e-01 1.430610023708448267e-02 2.272622891086540243e-03 4.872277472518953800e+01 -1.428227766394186624e-02 9.998462424934958515e-01 -1.017388403548265957e-02 -1.825378576437785894e+00 -2.417822063069671474e-03 1.014035835875009769e-02 9.999456621581132021e-01 -1.857148787252985711e+00
9.999686462959194166e-01 7.829698040566957298e-03 -1.184167935700586099e-03 4.912715719752242904e+01 -7.839779075081121720e-03 9.999308744402540805e-01 -8.762659710546414141e-03 -1.876618427285002610e+00 1.115477099863377468e-03 8.771668583710577963e-03 9.999609060063784360e-01 -1.882052057446961246e+00
9.999167896241782927e-01 1.243787201121417801e-02 3.422450512335094112e-03 4.954354772567452869e+01 -1.240143282484070658e-02 9.998682837570624926e-01 -1.046993794620284038e-02 -1.896647591890432860e+00 -3.552223468152195147e-03 1.042662344860644311e-02 9.999393317756298805e-01 -1.881344086700277973e+00
9.998204955499866431e-01 1.860022663844148119e-02 3.606694771926845493e-03 4.996379743004388274e+01 -1.857077833338996800e-02 9.997952746435372351e-01 -8.033367447461806782e-03 -1.922678722992969158e+00 -3.755378845246677959e-03 7.964946293130745897e-03 9.999612276284897128e-01 -1.927550224098159459e+00
9.997298887419248103e-01 2.321597171183285499e-02 -1.080839272946062558e-03 5.041962048321890677e+01 -2.322513345909184637e-02 9.996858845788960668e-01 -9.419413438077992029e-03 -1.928945411461089554e+00 8.618189287422185286e-04 9.441971784825902575e-03 9.999550522083223703e-01 -1.937271858788332857e+00
9.996598989960179260e-01 2.602880619465074846e-02 1.608597946181345969e-03 5.083746490529060225e+01 -2.601513840518220738e-02 9.996295196556939100e-01 -8.002250101438054819e-03 -1.952312765058785038e+00 -1.816291009271849824e-03 7.957680629936240285e-03 9.999666876481243527e-01 -1.945570590848614501e+00
9.997091445243078134e-01 2.410132723522122322e-02 8.673983960713041366e-04 5.125182877834050288e+01 -2.409419671305430138e-02 9.996818582556258326e-01 -7.460024083834307547e-03 -1.976459401063858756e+00 -1.046918922059632837e-03 7.436955027397198527e-03 9.999717974326531866e-01 -1.975941893233633895e+00
9.997547593775962804e-01 2.210201703969419396e-02 1.386342173350391159e-03 5.167089239467910033e+01 -2.208574515169397373e-02 9.996975097015388112e-01 -1.082168922285926989e-02 -1.996024158750482336e+00 -1.625103977894515718e-03 1.078841690512513489e-02 9.999404827777212956e-01 -1.988258196975270620e+00
9.998024559926632637e-01 1.938714045223915647e-02 4.380385385311959083e-03 5.211575131657009052e+01 -1.936227407555889471e-02 9.997965715456350599e-01 -5.649590092809192096e-03 -2.007968672753678963e+00 -4.489023686910373172e-03 5.563659827755465179e-03 9.999744468513479534e-01 -1.993895705541907759e+00
9.998811023783302776e-01 1.516961878614045238e-02 2.768351960684500759e-03 5.255046899153811779e+01 -1.517144877334721149e-02 9.998847013305207643e-01 6.412388735553587208e-04 -2.002643095839915066e+00 -2.758305424124094744e-03 -6.831625417364910234e-04 9.999959625119138051e-01 -2.021990813049068247e+00
9.999444882728175665e-01 1.037931224985287268e-02 1.813904637231536932e-03 5.298175393052577675e+01 -1.039022128300294903e-02 9.999273413605952454e-01 6.111898332098846844e-03 -2.005146456895921414e+00 -1.750335540160376929e-03 -6.130405920633169754e-03 9.999796770178607241e-01 -2.040184971102759981e+00
9.999948553283665165e-01 2.785472595094962232e-03 1.590741720511124405e-03 5.341355099660113126e+01 -2.804462422468217715e-03 9.999233072716755544e-01 1.206294182176109731e-02 -2.001641248050815669e+00 -1.557018728327778587e-03 -1.206734093726551452e-02 9.999259747478227434e-01 -2.066243420965380384e+00
9.999926276353962029e-01 -3.560909907937363436e-03 1.436870030090680629e-03 5.385609655412949337e+01 3.545549685939590120e-03 9.999380125268009234e-01 1.055462843381788432e-02 -2.003521014980956139e+00 -1.474365043112779456e-03 -1.054945612716488845e-02 9.999432660021970731e-01 -2.086889866021185647e+00
9.999253839723344361e-01 -1.209067683477200658e-02 1.744139173514630851e-03 5.430103183682123102e+01 1.207815713762306828e-02 9.999024249040909806e-01 7.018460734209053600e-03 -1.985733411121179515e+00 -1.828826929582354861e-03 -6.996871057541147187e-03 9.999738492518021049e-01 -2.079472745507987330e+00
9.997050716276977278e-01 -2.427565974270188762e-02 6.797837275775545128e-04 5.473302868406643995e+01 2.427621132377172711e-02 9.997049569295001215e-01 -8.152633622517677439e-04 -1.972966182091203002e+00 -6.597921061165791480e-04 8.315254913804752141e-04 9.999994366197082485e-01 -2.118592193298074466e+00
9.984684295395799269e-01 -5.526490549123540957e-02 2.566210008893235299e-03 5.558581555111293682e+01 5.531704935818149843e-02 9.980191090922980734e-01 -2.996467815479096977e-02 -1.946632734597230296e+00 -9.051315205195556175e-04 3.006074030459850513e-02 9.995476640107113786e-01 -2.135732080205713146e+00
9.976927207712392720e-01 -6.786285041825138031e-02 1.966838374677475076e-03 5.601918154692759089e+01 6.788541034444434130e-02 9.968036712185182058e-01 -4.211902310893234080e-02 -1.931440068861213000e+00 8.977652524323776482e-04 4.215536239192359258e-02 9.991106642605498411e-01 -2.166753554434306395e+00
9.978197638536135949e-01 -6.599645162209859250e-02 -4.327082282769968789e-04 5.647826186801239601e+01 6.589549035145043920e-02 9.966155250011153877e-01 -4.914549499285778694e-02 -1.943646418240503326e+00 3.674672020836809196e-03 4.900983268736088666e-02 9.987915363505520672e-01 -2.160703557287195320e+00
9.991414572335159949e-01 -4.137844222899157709e-02 2.042781434249376499e-03 5.689929851326900945e+01 4.142882535926650789e-02 9.978908227183655999e-01 -4.997557767364824155e-02 -1.954711805537003633e+00 2.943870757262149161e-05 5.001730153822234182e-02 9.987483510275233511e-01 -2.173471949715098717e+00
