1.000000000000000000e+00 0.000000000000000000e+00 0.000000000000000000e+00 0.000000000000000000e+00 0.000000000000000000e+00 1.000000000000000000e+00 0.000000000000000000e+00 0.000000000000000000e+00 0.000000000000000000e+00 0.000000000000000000e+00 1.000000000000000000e+00 0.000000000000000000e+00
9.999363408568286982e-01 -1.128218993743964303e-02 1.625548264469011783e-04 -1.067073539807983917e-01 1.128197451803717409e-02 9.999355497225062006e-01 1.270217352972054497e-03 2.754046170410280603e-02 -1.768751831812912650e-04 -1.268302552613965236e-03 9.999991800615661841e-01 -2.578563509575701376e-03
9.997519841362884074e-01 -2.175322121490773017e-02 4.771538780078207406e-03 -4.978042719372929303e-01 2.175009455147662238e-02 9.997631892982307145e-01 7.061948966069402176e-04 3.077766231333548680e-02 -4.785770842437907582e-03 -6.022383294469711712e-04 9.999883667855532510e-01 4.160674885348223523e-02
9.999184107276982703e-01 -1.163903122474475860e-02 5.263538728215596228e-03 -8.655247512383722475e-01 1.162897997366899028e-02 9.999305065804040549e-01 1.936190752089885338e-03 1.900577885316786717e-02 -5.285708331530833241e-03 -1.874823193234334854e-03 9.999842730390453571e-01 4.347876665350684094e-02
9.999788554838873189e-01 2.704313797583663033e-03 5.913989518006462949e-03 -1.245506732257987581e+00 -2.717050992190129903e-03 9.999940044946782347e-01 2.146767011861003879e-03 3.385139428501983405e-02 -5.908148529000462577e-03 -2.162790230599032863e-03 9.999802078638244662e-01 3.548592891821331086e-02
9.998338183934729617e-01 1.614615293661150058e-02 8.463884573597630842e-03 -2.048576354788783416e+00 -1.616512285380945074e-02 9.998669644196429562e-01 2.177674302926017273e-03 4.663103348208039178e-02 -8.427597513460135734e-03 -2.314132147464533201e-03 9.999618094670191804e-01 3.122088479465377417e-02
9.995342208802345807e-01 2.926217144159208583e-02 8.664099022136160719e-03 -2.528865240608461296e+00 -2.926392914304810217e-02 9.995717166136491860e-01 7.613903929178629320e-05 4.245093225202350301e-02 -8.658160338846128054e-03 -3.296491551892300658e-04 9.999624630909809131e-01 1.904866925099912844e-02
9.990270843315922633e-01 4.317364589121659019e-02 8.995614063391619078e-03 -2.889929140761905213e+00 -4.316328184036385268e-02 9.990671283467151831e-01 -1.343189419767181142e-03 3.460972747858707954e-02 -9.045212694401847178e-03 9.536023845897370187e-04 9.999586365294341750e-01 2.615696268992062819e-03
9.983581257243093754e-01 5.664634839419190049e-02 8.499647866111759500e-03 -3.278127621499022926e+00 -5.661505448599862822e-02 9.983885480525415135e-01 -3.878494951050758238e-03 3.682298680216029851e-02 -8.705653668247539598e-03 3.390918922910512914e-03 9.999563556791200014e-01 -4.453370083597059381e-02
9.976189045820236245e-01 6.835471445863859630e-02 9.173561567965294802e-03 -3.683885496690031847e+00 -6.831656625660008364e-02 9.976539486155294734e-01 -4.409715041806911914e-03 4.124909264885669169e-02 -9.453464733674919393e-03 3.772508862859382407e-03 9.999481987490196344e-01 -6.833236102988608784e-02
9.969615682966489478e-01 7.729176661902480150e-02 9.675440682288193386e-03 -4.083869818120077433e+00 -7.723865249815385636e-02 9.969960611390881189e-01 -5.748446173809915183e-03 7.981095772988236470e-02 -1.009068381011436234e-02 4.983661912084645998e-03 9.999366686016621930e-01 -9.169682456695998907e-02
9.978545006508473536e-01 6.467762516744593460e-02 1.015875649612442075e-02 -4.462883244712108066e+00 -6.461094568017114459e-02 9.978876290675187111e-01 -6.760580767961319945e-03 1.311932581269259490e-01 -1.057455574301629717e-02 6.089709082174583551e-03 9.999255443352431660e-01 -1.097342032362767089e-01
9.986695632582005544e-01 5.042464103853367546e-02 1.079161701553916532e-02 -4.837652595094218633e+00 -5.034148586785405083e-02 9.987012645136320588e-01 -7.843408665170888486e-03 1.587926324948646384e-01 -1.117310262602556024e-02 7.289707470622738134e-03 9.999110070114745064e-01 -1.224509026488124347e-01
9.991938636956059216e-01 3.855482283582156028e-02 1.118697408352008552e-02 -5.213417881455392866e+00 -3.847050120519698163e-02 9.992303968860724028e-01 -7.657315190275354108e-03 2.185963846169938773e-01 -1.147359098398909386e-02 7.220773850543718564e-03 9.999081043450600559e-01 -1.297546940243064773e-01
9.994195381363606412e-01 3.092642927806998551e-02 1.428785370207894673e-02 -6.000178675196175426e+00 -3.079308296263704933e-02 9.994810080020790632e-01 -9.460480157168072238e-03 1.995043125437385989e-01 -1.457301729085734576e-02 9.015021644818982730e-03 9.998531674959998394e-01 -1.254820021643897887e-01
9.988947078094835286e-01 4.476043215521340046e-02 1.434804598142665893e-02 -6.441094110140741513e+00 -4.461820146803494036e-02 9.989532120965933792e-01 -1.008445038940824698e-02 2.222942086249385940e-01 -1.478441097793350284e-02 9.433120118875260030e-03 9.998462068922692181e-01 -1.470221683043698158e-01
9.986211865911844843e-01 5.054543927974369799e-02 1.417336442883081887e-02 -6.844687901612680037e+00 -5.038034191642110082e-02 9.986607083453890032e-01 -1.177330690462089283e-02 1.962269937612645954e-01 -1.474946912940282642e-02 1.104301476516416497e-02 9.998302380830943470e-01 -1.821996399215805307e-01
9.980924265943410534e-01 5.993755512260083573e-02 1.479856279998376274e-02 -7.246937080047869628e+00 -5.974709882159363883e-02 9.981289774081683053e-01 -1.299340757949865588e-02 2.120807412111475054e-01 -1.554966743768497299e-02 1.208445050672292756e-02 9.998060681444816966e-01 -1.994189399026710663e-01
9.979260087824555203e-01 6.256246968521224361e-02 1.515316410541087122e-02 -7.633015084733084876e+00 -6.236500013087608457e-02 9.979664892756678896e-01 -1.317167572763945117e-02 2.460659239528303621e-01 -1.594640254710884275e-02 1.219933070644284821e-02 9.997984239716125598e-01 -2.322213952022199324e-01
9.989639428892417294e-01 4.254538460614407103e-02 1.615336051399491810e-02 -8.048686941133555095e+00 -4.233064498006261500e-02 9.990136451468365486e-01 -1.341093978818695513e-02 3.008505787669035758e-01 -1.670800115967529739e-02 1.271326311950457359e-02 9.997795835273405318e-01 -2.466319539817632966e-01
9.995111900319614273e-01 2.652877659042035541e-02 1.654101005101453470e-02 -8.362093719563391758e+00 -2.632219117804843883e-02 9.995742970317461618e-01 -1.258439371112727787e-02 3.412722691484164628e-01 -1.686781706322628555e-02 1.214284670519873155e-02 9.997839906806947896e-01 -2.488922203133193678e-01
9.996634959166591505e-01 1.981994034052606338e-02 1.673513957460638288e-02 -8.792043312426319090e+00 -1.964019680762804990e-02 9.997483750920529433e-01 -1.083739683491498525e-02 3.607790278039475496e-01 -1.694572515536606552e-02 1.050506857177885799e-02 9.998012232105244479e-01 -2.638645818773948104e-01
9.997711750536493192e-01 1.308359241467627228e-02 1.692386307472344351e-02 -9.221697317985499964e+00 -1.293420660990007333e-02 9.998766828559415565e-01 -8.906479684553851237e-03 3.765133301080940131e-01 -1.703830482230492618e-02 8.685544918171727788e-03 9.998171120151208013e-01 -2.613177086376482494e-01
9.998255122382336824e-01 6.311923587629022364e-03 1.758137361464283399e-02 -9.605598939449318863e+00 -6.196946677673811216e-03 9.999591069599833570e-01 -6.586521059451720152e-03 3.755654853236632951e-01 -1.762222827646363343e-02 6.476420957324026569e-03 9.998237409874580761e-01 -2.732471375955777271e-01
9.998341222689348662e-01 4.488321246907557745e-03 1.765171150605825481e-02 -1.003666805927946548e+01 -4.381457682112390069e-03 9.999718689843838382e-01 -6.088026647289379069e-03 3.805900640192540485e-01 -1.767853996483899695e-02 6.009676552261812056e-03 9.998256613092348921e-01 -2.852335924776396858e-01
9.998349104851875779e-01 4.463554225438531343e-03 1.761330345941602982e-02 -1.044142899312958050e+01 -4.385278748964716901e-03 9.999803482231356400e-01 -4.480234126719214588e-03 3.773137886859850298e-01 -1.763295509467387168e-02 4.402255241681344092e-03 9.998348358821151916e-01 -2.941594182752100828e-01
9.997224530435376844e-01 1.624219611521366194e-02 1.706481602498147176e-02 -1.083759996018670968e+01 -1.621549647755020016e-02 9.998670719153616160e-01 -1.701814733654261318e-03 3.824528560036464242e-01 -1.709018884032833391e-02 1.424627936011343445e-03 9.998529371265785226e-01 -3.085183175788310805e-01
9.995265222806054561e-01 2.519659580126103193e-02 1.765963809556278172e-02 -1.124363373011496314e+01 -2.519656963439842468e-02 9.996824909418420280e-01 -2.240155640005379932e-04 3.920005048800189185e-01 -1.765967543012296123e-02 -2.210528033709366260e-04 9.998440313365684062e-01 -3.195666196929710101e-01
9.992959023391932982e-01 3.262205369119135917e-02 1.853378485540700324e-02 -1.163472356644058614e+01 -3.263607237306678094e-02 9.994671982351328587e-01 4.543479653818399710e-04 4.009082292560227634e-01 -1.850908825840520341e-02 -1.058898003930134170e-03 9.998281314240262674e-01 -3.251401370522153944e-01
9.986576664548447724e-01 4.863423910224671382e-02 1.782066266751995698e-02 -1.245673113388692066e+01 -4.865916953018862429e-02 9.988149721636682132e-01 9.677821671892690870e-04 4.407579115942115711e-01 -1.775247733687908974e-02 -1.833621726601004963e-03 9.998407310065775544e-01 -3.568256523899120958e-01
9.984245397766463581e-01 5.322103519870324123e-02 1.777525764005274608e-02 -1.288840229611734678e+01 -5.323916856692288008e-02 9.985816393485127396e-01 5.481663429355321812e-04 4.664582923075277221e-01 -1.772087193381393158e-02 -1.493642666485708089e-03 9.998418573601978165e-01 -3.738925779472411226e-01
9.990203872051476308e-01 4.034100055034393201e-02 1.818982196378127886e-02 -1.328721681224359230e+01 -4.034572822585923840e-02 9.991857738856114723e-01 -1.071379339287125104e-04 4.874797933727140764e-01 -1.817933338717386826e-02 -6.268486331896625397e-04 9.998345457616419907e-01 -3.957084511361113055e-01
9.991752634043615799e-01 3.609768519517403407e-02 1.859435732621029028e-02 -1.365268333935640044e+01 -3.607247462414160666e-02 9.993477482826403913e-01 -1.689549320678023891e-03 4.761171501586568544e-01 -1.864321794421062647e-02 1.017411404721182532e-03 9.998256824560560752e-01 -4.005094589798700033e-01
9.989327111390959857e-01 4.301496383104475019e-02 1.682710619534387789e-02 -1.414442648752269882e+01 -4.260350206173159349e-02 9.988015651638353365e-01 -2.409097420920975133e-02 5.134096553517986106e-01 -1.784321238935132267e-02 2.334836852730162379e-02 9.995681434793436404e-01 -4.031323276050323701e-01
9.988503454825649053e-01 4.553369806243120349e-02 1.498898495962960355e-02 -1.454019126064469347e+01 -4.499608467064639822e-02 9.983934015603116441e-01 -3.443788735015929081e-02 5.077455652648721340e-01 -1.653298804429112132e-02 3.372385004102572414e-02 9.992944322094152731e-01 -4.381661721334706994e-01
9.985623583297650319e-01 5.125901527756440701e-02 1.567577365466456263e-02 -1.496668964351753139e+01 -5.057536669610165903e-02 9.978669698534573529e-01 -4.127520755894641818e-02 5.346937818137915688e-01 -1.775806325173746175e-02 4.042306059978232474e-02 9.990248382103888991e-01 -4.602914893924435757e-01
9.992546684672786172e-01 3.473802186155499488e-02 1.683381666453466485e-02 -1.547069408049807038e+01 -3.401398428898632503e-02 9.985576761638215171e-01 -4.154053739538316609e-02 5.997018455551942351e-01 -1.825257294568711358e-02 4.093699074742503802e-02 9.989949981703649673e-01 -4.824426646129964524e-01
9.997664387275171372e-01 1.323368091956822479e-02 1.708618399224165127e-02 -1.580081131700285546e+01 -1.254727887096107955e-02 9.991339091596426192e-01 -3.967363558215188102e-02 5.690469926695854719e-01 -1.759641403900273279e-02 3.944998424195009235e-02 9.990665968574256040e-01 -4.806483156871303453e-01
9.998366697736926767e-01 1.156972425646390023e-04 1.807264203153033377e-02 -1.618460930346401128e+01 5.917310360587584809e-04 9.992338219575862546e-01 -3.913334780485645120e-02 6.496249205439823537e-01 -1.806332279047071637e-02 3.913765028949695718e-02 9.990705484096628064e-01 -4.996074899499171051e-01
9.993745444188937288e-01 -2.911245620618647945e-02 2.007448283696442598e-02 -1.663961776993893338e+01 2.976066667449064201e-02 9.990192305654538307e-01 -3.278535769971913788e-02 6.294741987087394408e-01 -1.910033210754637917e-02 3.336228190714096015e-02 9.992607945172921058e-01 -4.918296820729705088e-01
9.990856819671859457e-01 -3.761644464988899567e-02 2.031755841790150452e-02 -1.703134852827240309e+01 3.815364737840627046e-02 9.989142175046764605e-01 -2.673359793862579645e-02 6.113292509363803529e-01 -1.928987506147292891e-02 2.748434388741529191e-02 9.994360967871788182e-01 -4.948603206972879143e-01
9.988956944701035123e-01 -4.234459104846004934e-02 2.035502832295651293e-02 -1.739760191089864350e+01 4.283896704740110944e-02 9.987815879283641340e-01 -2.449821457998616059e-02 5.982089046346650285e-01 -1.929286063292239700e-02 2.534314945372893868e-02 9.994926264382166803e-01 -5.104659759289875698e-01
9.989962183163699772e-01 -3.946514141360793482e-02 2.119099815477532706e-02 -1.778534646253795870e+01 3.994482232647508790e-02 9.989437516395289762e-01 -2.271105963290364835e-02 5.769296987764953588e-01 -2.027232001765217478e-02 2.353473334344146836e-02 9.995174582605123037e-01 -5.260999529702716782e-01
9.995131748323647924e-01 -2.581502268905297437e-02 1.752135668520915512e-02 -1.818387378699404167e+01 2.624345016043083678e-02 9.993509058488978525e-01 -2.467890400046683641e-02 5.563825218301253761e-01 -1.687289720835240259e-02 2.512671053980117253e-02 9.995418719379620676e-01 -5.214616440391761643e-01
9.996841921257091368e-01 -1.760922409220301230e-02 1.792850358615946660e-02 -1.857378579364853266e+01 1.798766606149925298e-02 9.996140497981357287e-01 -2.117062388854227054e-02 5.560738495081251065e-01 -1.754878581635618134e-02 2.148642997430484300e-02 9.996151126525303354e-01 -5.540535178222188994e-01
9.997004085444317623e-01 -1.332694734456206336e-02 2.053011521086554186e-02 -1.893940331148546363e+01 1.374823687981861602e-02 9.996949531821059942e-01 -2.051795713328442503e-02 5.591723446050432811e-01 -2.025041083021620475e-02 2.079406301573052604e-02 9.995786751449359242e-01 -5.591589991147846161e-01
9.995910967677613668e-01 -1.604472443471824383e-02 2.366867297585204671e-02 -1.975153286383753226e+01 1.642044779754125300e-02 9.997408631837911841e-01 -1.576627332810238286e-02 5.709758536826197162e-01 -2.340957404038134654e-02 1.614847665701522189e-02 9.995955274734404927e-01 -5.898248868200254291e-01
9.995281036962557764e-01 -1.574986289427105293e-02 2.637255657266717596e-02 -2.029776608435138741e+01 1.615547489957902191e-02 9.997533671226891405e-01 -1.523829247699846900e-02 6.069449579140357987e-01 -2.612605121590208523e-02 1.565716275885065123e-02 9.995360337187484401e-01 -5.545223738834386129e-01
9.995237750901647678e-01 -1.554479177440972956e-02 2.665675295672702977e-02 -2.054484893249609456e+01 1.591974437959083402e-02 9.997764856025744828e-01 -1.391188610698025456e-02 6.020347174822716640e-01 -2.643453741593027734e-02 1.432962961333431560e-02 9.995478362473455558e-01 -5.428008302274637265e-01
9.996090113545341715e-01 -7.381902209746357517e-03 2.696909228313940435e-02 -2.077274735355266699e+01 7.749725865631906276e-03 9.998780301157741413e-01 -1.355974339014476802e-02 5.848762684172505999e-01 -2.686570616638065193e-02 1.376344475648305123e-02 9.995442968776405701e-01 -5.572537887287024594e-01
9.995719855774181095e-01 1.199443999059170152e-02 2.668293571048431512e-02 -2.099071731748998459e+01 -1.158779620809705091e-02 9.998151463138995609e-01 -1.534262625352072161e-02 5.810374795124426672e-01 -2.686202948135818502e-02 1.502686296695708405e-02 9.995262001376026273e-01 -5.655953445619609221e-01
9.994735062839934514e-01 1.935870751376365939e-02 2.603748604947532519e-02 -2.121538036953867135e+01 -1.891375331480749794e-02 9.996726781922212757e-01 -1.722807045313338309e-02 5.508484123509201913e-01 -2.636247658940032296e-02 1.672653339422337099e-02 9.995125026274985780e-01 -5.819143316622213957e-01
9.993950651106673355e-01 2.447539165349157941e-02 2.470746923206211879e-02 -2.143962825469728983e+01 -2.403967661243196913e-02 9.995528719863203682e-01 -1.778060888351139235e-02 5.525910807583346296e-01 -2.513160919668282547e-02 1.717589320259379354e-02 9.995365880806356129e-01 -6.123988705372797048e-01
9.995159856408285526e-01 1.932506732009411227e-02 2.437901190608040766e-02 -2.163491190612725035e+01 -1.890460501580436270e-02 9.996705502857478054e-01 -1.736107141240589985e-02 5.624725498709450822e-01 -2.470648412136790609e-02 1.689179281379165481e-02 9.995520281495589021e-01 -6.253481398348983422e-01
9.996656952688437459e-01 -7.700442932905769179e-03 2.468199508338496037e-02 -2.185812023437825147e+01 8.100081198490260981e-03 9.998370504130270620e-01 -1.613261621547587218e-02 5.694194892754445014e-01 -2.455374487195471564e-02 1.632714916986526335e-02 9.995651743697095970e-01 -6.303275471839111521e-01
9.995313779121058895e-01 -1.733229130599083304e-02 2.523125536336339944e-02 -2.200609197970565489e+01 1.766166366568646881e-02 9.997609238110568564e-01 -1.289033967831354835e-02 5.915249916087981230e-01 -2.500180404865117237e-02 1.332992492651060429e-02 9.995985308591477381e-01 -6.210050483461054815e-01
9.993860395892157911e-01 -2.492931468789029090e-02 2.461855282859978095e-02 -2.220378150850744348e+01 2.520417574090283788e-02 9.996226990376334554e-01 -1.091829171338634663e-02 6.077958565863794682e-01 -2.433707869494828452e-02 1.153207864649966399e-02 9.996372931031969333e-01 -6.120447266487692994e-01
9.993769294753979127e-01 -2.363689000058595210e-02 2.621164366127644307e-02 -2.239205304129524521e+01 2.390688841093710146e-02 9.996638174020485712e-01 -1.003557988711110092e-02 5.991931816511864017e-01 -2.596562186493008018e-02 1.065596585316353449e-02 9.996060408345398551e-01 -6.041162662137591344e-01
9.995959537897803893e-01 -1.168887044902334159e-02 2.590944759590767255e-02 -2.274084667830081585e+01 1.194982324675198000e-02 9.998791930291752728e-01 -9.939872820946623819e-03 5.743136720355594971e-01 -2.579013166834405457e-02 1.024546997219533649e-02 9.996148755663745167e-01 -6.096346676126073172e-01
9.996503766340856245e-01 4.919060661524378084e-03 2.597936368618536732e-02 -2.307751180931209944e+01 -4.665724599454298266e-03 9.999410637261161305e-01 -9.803065247437030630e-03 5.596477047179205799e-01 -2.602605443191284909e-02 9.678425310540137924e-03 9.996144119480347978e-01 -6.162346467232553415e-01
9.989789468210439338e-01 3.684547146335388074e-02 2.614335557959400133e-02 -2.333776901525716241e+01 -3.647671493874347221e-02 9.992301030068927448e-01 -1.444473994616039640e-02 5.331122090465103547e-01 -2.665545114222535664e-02 1.347636736950011578e-02 9.995538376930612756e-01 -6.409227990890807858e-01
9.989170022365566615e-01 3.832779208018289446e-02 2.637807796237861060e-02 -2.366739320056465701e+01 -3.804084001821184807e-02 9.992123397342688174e-01 -1.129577856887361426e-02 5.697886661938554864e-01 -2.679024325085286110e-02 1.028010102219240746e-02 9.995882164119050950e-01 -6.612949735190051248e-01
9.994679389533358549e-01 1.945023589836753636e-02 2.618257679963604395e-02 -2.396819812036179087e+01 -1.926077131738711951e-02 9.997865944422961171e-01 -7.469154017356244464e-03 5.825048620230570684e-01 -2.632226609983081417e-02 6.960883347214358134e-03 9.996292734861240703e-01 -6.710620616847605691e-01
9.995975209092732294e-01 1.051400468578588855e-02 2.634866026010472886e-02 -2.430806189793695538e+01 -1.041240897822764445e-02 9.999378286356183088e-01 -3.990063001375071354e-03 6.381358869247157894e-01 -2.638897366903976763e-02 3.714104057789750606e-03 9.996448506843531590e-01 -6.700182649600521234e-01
9.996489355753094275e-01 2.288849702136120431e-03 2.639634009085164643e-02 -2.465239830922484643e+01 -2.191790881031204907e-03 9.999907332594694109e-01 -3.705326965657677191e-03 6.442418378961508596e-01 -2.640457641933873292e-02 3.646170899674461459e-03 9.996446887679070192e-01 -6.732062317676787977e-01
9.993383710107957008e-01 2.510201323641222948e-02 2.631936847586366368e-02 -2.495084991461317969e+01 -2.498723861242445332e-02 9.996768120438851435e-01 -4.680744417353696445e-03 6.302342700215984861e-01 -2.642835848128038956e-02 4.019999160921391458e-03 9.996426268795919334e-01 -6.765803750660606131e-01
9.992114869956104650e-01 2.974155595392595844e-02 2.630292959843778464e-02 -2.533842525601181350e+01 -2.961919673919220439e-02 9.995486020686354944e-01 -5.029442032832345637e-03 6.181507223831625986e-01 -2.644063994206473020e-02 4.246404605791383700e-03 9.996413659945140306e-01 -6.923775113702558270e-01
9.988881871921065914e-01 3.904318749524444271e-02 2.642004917251618984e-02 -2.573128852968654456e+01 -3.888506895619413956e-02 9.992227268864705136e-01 -6.472517735620483478e-03 6.253669723937677061e-01 -2.665222130215439550e-02 5.437976073603372276e-03 9.996299752988021536e-01 -7.161488036571395099e-01
9.982053644201375198e-01 5.446999832680347875e-02 2.488111181475736663e-02 -2.609290171649060142e+01 -5.406559637688838904e-02 9.983986078967491684e-01 -1.664725317416253583e-02 6.398598888338109525e-01 -2.574804325131961960e-02 1.527216527252430421e-02 9.995517991763193111e-01 -7.535470067749230338e-01
9.986340102996069668e-01 4.553711039080778761e-02 2.562196421392722370e-02 -2.650962083508517964e+01 -4.513781659173653898e-02 9.988533878993999249e-01 -1.595264853313414430e-02 6.823385831605515150e-01 -2.631902327699748093e-02 1.477433785813561141e-02 9.995444101962646100e-01 -7.587464292624874762e-01
9.992626577073426830e-01 2.822980230299642485e-02 2.602343508439737899e-02 -2.690475619987173772e+01 -2.790172254917148292e-02 9.995276209115622201e-01 -1.288522074554303981e-02 7.036443302352218820e-01 -2.637488939213134334e-02 1.214962126183589605e-02 9.995782870354611438e-01 -7.665558354692862952e-01
9.995410838284252142e-01 1.502090613412738682e-02 2.630578107578008390e-02 -2.728757158679369965e+01 -1.474972671375466421e-02 9.998363715044988886e-01 -1.047262042600330748e-02 7.417035211927285321e-01 -2.645878494879701226e-02 1.007981128927143422e-02 9.995990846851581235e-01 -7.723407298632378737e-01
9.996394294550883242e-01 6.480876426973318678e-04 2.684382724413410248e-02 -2.767544744595792139e+01 -4.400503604255797795e-04 9.999698319823647763e-01 -7.755093864123114439e-03 7.431709713364508252e-01 -2.684804339958170305e-02 7.740484969848703684e-03 9.996095575063523864e-01 -7.819155584676767967e-01
9.996324606002986446e-01 -2.699276655846797571e-04 2.710850149395597694e-02 -2.799600481527901152e+01 4.491230580708877279e-04 9.999780896476839764e-01 -6.604431318980235471e-03 7.464234032299542632e-01 -2.710612481840904073e-02 6.614178983348572780e-03 9.996106795316389571e-01 -7.887732890860928991e-01
9.995909055485774353e-01 6.145909718808952212e-03 2.793294360254943570e-02 -2.839214297107791296e+01 -5.929562475396066464e-03 9.999518312113594432e-01 -7.821479776830394387e-03 7.349564317825004744e-01 -2.797966821506882307e-02 7.652649918638746752e-03 9.995791990211667644e-01 -7.924802183851709092e-01
9.994417530375840908e-01 1.955307208428610707e-02 2.708984417134023201e-02 -2.874405594375209105e+01 -1.919358824408256767e-02 9.997250831619344247e-01 -1.346715512571100386e-02 7.373365588437968965e-01 -2.734572097198024673e-02 1.293968581264862659e-02 9.995422832855008766e-01 -7.998126906314193540e-01
9.990031880292356004e-01 3.397064376753036047e-02 2.895903433202459340e-02 -2.922112941442189182e+01 -3.335052518014560569e-02 9.992095360179460428e-01 -2.163436158081290597e-02 7.596617230892945827e-01 -2.967107644882980774e-02 2.064699718652641611e-02 9.993464508014962000e-01 -8.203447843021165475e-01
9.991859805002815120e-01 2.724168184718460742e-02 2.975343915966540895e-02 -2.963404407732429746e+01 -2.643132839304627654e-02 9.992778530414211380e-01 -2.729756949449568468e-02 7.716051347602627120e-01 -3.047558450743946198e-02 2.648892581938060500e-02 9.991844552222903797e-01 -8.343338895687659740e-01
9.995121952740083637e-01 7.189149438247788466e-03 3.039222974523437051e-02 -3.046146703756623353e+01 -6.543397898506535075e-03 9.997518528404130134e-01 -2.129358321426610273e-02 8.279124621649960325e-01 -3.053777075155269735e-02 2.108432765149498983e-02 9.993112106271049289e-01 -8.552478845786780637e-01
9.994228140586599585e-01 -1.535507044671892245e-02 3.030281423639568164e-02 -3.089085741671505403e+01 1.570820332965394694e-02 9.998110569459788266e-01 -1.145001121043139752e-02 8.301970449491498094e-01 -3.012127300137652439e-02 1.191940519241858551e-02 9.994751806286314988e-01 -8.604111822666149489e-01
9.988071246199243802e-01 -3.858024782584787427e-02 2.993145980695051042e-02 -3.168092481056523724e+01 3.853288480986194475e-02 9.992550028573131682e-01 2.157788882368685823e-03 8.252312483685971811e-01 -2.999240898475552877e-02 -1.001869416203270483e-03 9.995496244113966089e-01 -8.625231246372131455e-01
9.994004083224803381e-01 -1.449678029129645822e-02 3.144307882580114899e-02 -3.241687242751635267e+01 1.453627250831424945e-02 9.998938146144564776e-01 -1.027753528305873831e-03 8.269579040018508742e-01 -3.142484091325990769e-02 1.484202458156011180e-03 9.995050157536177204e-01 -8.690392259483782356e-01
9.994583927504072651e-01 7.360664362298477079e-03 3.207400475335670659e-02 -3.329568546399000439e+01 -7.416289475089743108e-03 9.999711937446233989e-01 1.615651996759728858e-03 8.056325318215761255e-01 -3.206118854931040013e-02 -1.852647051801762550e-03 9.994841909143470371e-01 -8.984473130700315613e-01
9.993277562024259764e-01 1.544256053551886464e-02 3.325000763205200605e-02 -3.369626129749077847e+01 -1.559790868330035961e-02 9.998685855033332404e-01 4.417801293748926071e-03 8.137791796506679276e-01 -3.317741593512225917e-02 -4.933462036994076642e-03 9.994373016974088531e-01 -8.954088590898452438e-01
9.991728788638403191e-01 2.355798197038620062e-02 3.314482807963448074e-02 -3.409466276896584702e+01 -2.384518095272340765e-02 9.996812370430410155e-01 8.296484160600702679e-03 8.288835286855025242e-01 -3.293881431195488929e-02 -9.079966386401447376e-03 9.994161239054253354e-01 -9.123969589195390917e-01
9.991736381604622297e-01 2.481910896394553048e-02 3.218777151996656677e-02 -3.454074718548861256e+01 -2.515950760762332081e-02 9.996312707982775159e-01 1.021379553166925670e-02 8.570080349115508644e-01 -3.192240564443282053e-02 -1.101518372323408330e-02 9.994296502232739021e-01 -9.034464278207428034e-01
9.993138578473921285e-01 1.850968567483261135e-02 3.208122582416622626e-02 -3.494079861167598011e+01 -1.892369969651108708e-02 9.997409027776513746e-01 1.264993688216859910e-02 8.505056982607378524e-01 -3.183876731217023803e-02 -1.324835271063839331e-02 9.994052101357566720e-01 -9.012567392800726607e-01
9.992778277180313085e-01 1.937819076193101481e-02 3.268499279373845989e-02 -3.533505250020729704e+01 -1.975531497766440381e-02 9.997414937820533476e-01 1.125491628408571004e-02 8.650196038543037647e-01 -3.245844360510516391e-02 -1.189249062319245806e-02 9.994023304483092840e-01 -9.139258744460632133e-01
9.992163457786892300e-01 2.110901407942046906e-02 3.348288896253998059e-02 -3.572951500893134380e+01 -2.140505065841715251e-02 9.997346860851193950e-01 8.507716767636957708e-03 8.644976527729044680e-01 -3.329441597315604962e-02 -9.217752593911608325e-03 9.994030792938972674e-01 -9.263779182601383777e-01
9.987715028346760837e-01 3.680307100292497940e-02 3.318160770843128077e-02 -3.612608921815395746e+01 -3.663721277844037699e-02 9.993129808701458616e-01 -5.592933420906586947e-03 8.772637960550682124e-01 -3.336464843498052751e-02 4.370380896108623167e-03 9.994336896491097244e-01 -9.147547423017977630e-01
9.981658981702369315e-01 5.189207348065434655e-02 3.117775552990648125e-02 -3.657580516472091148e+01 -5.139153719276638721e-02 9.985398244067460460e-01 -1.664719131593336843e-02 8.764550664979195993e-01 -3.199608780724219614e-02 1.501438588897823119e-02 9.993752141120011423e-01 -9.233648126832844083e-01
9.976934345301543550e-01 6.096647439861824919e-02 2.984794289104895221e-02 -3.699178305194057259e+01 -6.023658798075658821e-02 9.978767103983885445e-01 -2.477144147858952733e-02 8.809417650215990436e-01 -3.129479451700019343e-02 2.291636628903544193e-02 9.992474548340093410e-01 -9.531228469725401276e-01
9.973847579380572537e-01 6.507610641074632052e-02 3.144431597698042063e-02 -3.745959981253034243e+01 -6.416876852875150194e-02 9.975160979119200855e-01 -2.905173922642381029e-02 9.451535058438945702e-01 -3.325678544818296695e-02 2.695801886255449337e-02 9.990832054642194704e-01 -9.623442151158652091e-01
9.985851078151838367e-01 4.226182802466502825e-02 3.227569273851817189e-02 -3.786713562604857941e+01 -4.137719559423131549e-02 9.987622676124634502e-01 -2.760182020024603763e-02 9.463988501970360678e-01 -3.340224744675605872e-02 2.622728894917703349e-02 9.990978026098756848e-01 -9.747785749608256500e-01
9.990772034341054431e-01 2.999583492035494056e-02 3.074071348745528731e-02 -3.823663561844805514e+01 -2.939443840777914915e-02 9.993711263652019783e-01 -1.983226608935125673e-02 9.751918362708877908e-01 -3.131626684294087914e-02 1.891035893309190447e-02 9.993306208437943150e-01 -9.787967379048343464e-01
9.993867123052450063e-01 1.642882670491709399e-02 3.092398617276343256e-02 -3.866310612611749065e+01 -1.602083492788041949e-02 9.997819263118984390e-01 -1.339524797394195388e-02 1.017770488136501950e+00 -3.113731067268122113e-02 1.289160475540544401e-02 9.994319758797510778e-01 -9.922632960798193347e-01
9.994906587873753079e-01 3.842179395740664017e-03 3.168060375481258906e-02 -3.905993618133938838e+01 -3.535792090911344266e-03 9.999464939788049733e-01 -9.721489278168335413e-03 1.026669624339547005e+00 -3.171626035755710504e-02 9.604521694839312368e-03 9.994507651665213155e-01 -9.895216780835468517e-01
9.994267697586491916e-01 7.089512609235967301e-03 3.310393784363923481e-02 -3.942415909813323083e+01 -6.751134638888906837e-03 9.999239332989124929e-01 -1.032229611664331297e-02 1.048013927149124225e+00 -3.317459978476967192e-02 1.009288992288925706e-02 9.993986089154440755e-01 -9.854906352397058145e-01
9.993357469016097561e-01 1.373020517352431524e-02 3.375716857935186915e-02 -3.986927193894060650e+01 -1.340709392725793897e-02 9.998622966970817094e-01 -9.779441500545625610e-03 1.050364631405174887e+00 -3.388679384402629863e-02 9.320359946366710974e-03 9.993822172189390507e-01 -9.992708212393126566e-01
9.992374357968125675e-01 1.936287534166670002e-02 3.390613455871994281e-02 -4.027177887290059743e+01 -1.902092948585442853e-02 9.997652149874455274e-01 -1.037878329096795886e-02 1.045248446294186007e+00 -3.409913699355308220e-02 9.725942607778323770e-03 9.993711297094213242e-01 -1.001407646436053733e+00
9.990179686783651203e-01 2.794604252232692210e-02 3.438192788505884528e-02 -4.068474420424422533e+01 -2.757822562249421378e-02 9.995577269017108524e-01 -1.112618814327969927e-02 1.062927333886660719e+00 -3.467765461025146961e-02 1.016706931348211607e-02 9.993468321720477832e-01 -1.009845423538672682e+00
9.986433973848851675e-01 3.752565828532502396e-02 3.609972063364666472e-02 -4.154155443189276298e+01 -3.693314146318672081e-02 9.991741023127649335e-01 -1.694273676654934127e-02 1.084392754362207389e+00 -3.670569330818525267e-02 1.558647611660064422e-02 9.992045605585635482e-01 -1.019355285008432865e+00
9.985399857399790413e-01 4.168257897602713896e-02 3.435781553460035692e-02 -4.194657163159611457e+01 -4.116581540187385507e-02 9.990303260921422623e-01 -1.561355790736747122e-02 1.092083921829958282e+00 -3.497531301791608621e-02 1.417639439826406077e-02 9.992876249214555084e-01 -1.029134081807284273e+00
9.986466609233917158e-01 3.855692490026552122e-02 3.490286762997436149e-02 -4.239364449533100299e+01 -3.803059883808652952e-02 9.991544822033725515e-01 -1.562031513533204338e-02 1.125546314363773615e+00 -3.547562795183136636e-02 1.427179859533607084e-02 9.992686303423505834e-01 -1.034747902067988612e+00
9.991751238354594777e-01 2.102938138441695984e-02 3.473955997105986071e-02 -4.282659520552054744e+01 -2.061816983805812506e-02 9.997135549353335371e-01 -1.215315395634997998e-02 1.122993725737479132e+00 -3.498518230512909222e-02 1.142686296174467812e-02 9.993225024094726239e-01 -1.043489721927244762e+00
9.993153989606693433e-01 1.107037228932899672e-02 3.530127841104231667e-02 -4.322485393736942427e+01 -1.072566113585345093e-02 9.998930794523489540e-01 -9.939308652885236323e-03 1.143504957734585048e+00 -3.540753582610781103e-02 9.553874641951985019e-03 9.993272886727594395e-01 -1.049893747003040279e+00
9.993464663748024002e-01 3.207227251776603467e-03 3.600491407504614882e-02 -4.363286482970484315e+01 -2.840717113702229037e-03 9.999436781089892090e-01 -1.022599316184202335e-02 1.161170913889491452e+00 -3.603568329414490179e-02 1.011703035586935563e-02 9.992992921173828869e-01 -1.051515064799803945e+00
9.993585555539989951e-01 9.581389432365760433e-03 3.450615043104558743e-02 -4.405158083540456460e+01 -9.250182771113484720e-03 9.999097268681065298e-01 -9.745369836468360109e-03 1.180273433246237680e+00 -3.459640963634222355e-02 9.419930524897823093e-03 9.993569699307552900e-01 -1.055214315815290682e+00
9.992543113804945865e-01 1.770338289002489074e-02 3.431342917492714861e-02 -4.447803002274409323e+01 -1.731055405338893100e-02 9.997815660282797223e-01 -1.171174403772505188e-02 1.174659217674153044e+00 -3.451327144531894653e-02 1.110902625299185070e-02 9.993424956589467278e-01 -1.062915346335876920e+00
9.991113876235683255e-01 2.290587640368253047e-02 3.538016318626988066e-02 -4.490628501079101653e+01 -2.254552544006850623e-02 9.996901423596329384e-01 -1.055076071229387076e-02 1.177409062582120081e+00 -3.561087479322981586e-02 9.743720806554332856e-03 9.993182303457216475e-01 -1.065618995636274491e+00
9.989772980671126623e-01 2.649842658672242265e-02 3.663592956319367683e-02 -4.535653776114120461e+01 -2.607100235389286577e-02 9.995869118966218547e-01 -1.209580097547684717e-02 1.210639009273039246e+00 -3.694131539069119702e-02 1.112829517056033134e-02 9.992554729716531803e-01 -1.086655598429417946e+00
9.990370296854376164e-01 2.444761137060885020e-02 3.643250767610818619e-02 -4.579011107878963571e+01 -2.404078609158635804e-02 9.996441036013997694e-01 -1.156316302109840904e-02 1.215678391586159535e+00 -3.670223319358908998e-02 1.067616191454525201e-02 9.992692157999153446e-01 -1.087125908410533581e+00
9.990402892154547354e-01 2.407100042101740708e-02 3.659354400754266656e-02 -4.622335267177118112e+01 -2.369095839428295505e-02 9.996611652128358783e-01 -1.078393507378876993e-02 1.246833130907290199e+00 -3.684072494754868365e-02 9.906649486416561554e-03 9.992720446811730328e-01 -1.086964706900788613e+00
9.991541872822270465e-01 1.963379870979885949e-02 3.613065159411794902e-02 -4.667665306121053703e+01 -1.919432241807570577e-02 9.997379980858586146e-01 -1.247049197869746703e-02 1.248512134938246643e+00 -3.636602842356302656e-02 1.176644090211233923e-02 9.992692644353641240e-01 -1.092801526345010377e+00
9.992432517717005913e-01 1.483882384542806014e-02 3.595459769768197950e-02 -4.708618715237690822e+01 -1.425794082952770193e-02 9.997645206755925162e-01 -1.635892177389319802e-02 1.251977099920537961e+00 -3.618887829181072907e-02 1.583390366230089108e-02 9.992195217182225919e-01 -1.091841154314393769e+00
9.993128934177326617e-01 8.716129155624871908e-03 3.602457691107360110e-02 -4.752508167876856504e+01 -8.008348392258736112e-03 9.997729752766910671e-01 -1.974498068930872000e-02 1.260003129780612241e+00 -3.618849824333137538e-02 1.944291642052275657e-02 9.991558264835155301e-01 -1.106712556538201886e+00
9.993642051611091315e-01 1.619600698866792898e-03 3.561688274232997081e-02 -4.794661517057141964e+01 -8.104660424396884031e-04 9.997415289212772116e-01 -2.272044222591361115e-02 1.254451643324133281e+00 -3.564447485233446927e-02 2.267713041200884391e-02 9.991072110483328883e-01 -1.119732125217254959e+00
9.993246055438975706e-01 -3.166470907256514061e-03 3.661019279554540706e-02 -4.839762845879690900e+01 4.077880930157819564e-03 9.996829441791267312e-01 -2.484717296741159945e-02 1.263575515691094386e+00 -3.651990747048740327e-02 2.497968333158994900e-02 9.990206763520965705e-01 -1.124998034201686981e+00
9.992448200346061293e-01 -1.004021819165406941e-02 3.753643100604633909e-02 -4.885104254513899491e+01 1.093687431620307161e-02 9.996578865210822284e-01 -2.375909712919588648e-02 1.280400394986860979e+00 -3.728504276783488336e-02 2.415168596324002506e-02 9.990127735174029189e-01 -1.138617895058123386e+00
9.990204020702991849e-01 -2.407693911536974707e-02 3.712865807072238122e-02 -4.932659780079435308e+01 2.467611293487680796e-02 9.995711884314665285e-01 -1.576479331075245419e-02 1.293301932838224255e+00 -3.673316890390815326e-02 1.666554111153665044e-02 9.991861358334275245e-01 -1.153700877580652762e+00
9.978481705557865622e-01 -5.597785716455647154e-02 3.413953757352895108e-02 -5.016665450791774106e+01 5.546784262047775582e-02 9.983369004473535702e-01 1.570833028048383012e-02 1.290106242433669115e+00 -3.496207879259746049e-02 -1.378088213560246626e-02 9.992936206811613431e-01 -1.175349109030859207e+00
9.970081677945225040e-01 -7.065609765901854911e-02 3.134372687809394015e-02 -5.060721407885842638e+01 6.950940326826361704e-02 9.969213846973278281e-01 3.627941000695168727e-02 1.278233620390564873e+00 -3.381059313734701560e-02 -3.399218434819742396e-02 9.988500263778036237e-01 -1.167759823093041716e+00
9.970802565729670608e-01 -6.871946526189043336e-02 3.329560100833058034e-02 -5.090859685481785135e+01 6.734870433648518229e-02 9.968999575155008674e-01 4.067710326202226417e-02 1.220279984266175344e+00 -3.598769201522669658e-02 -3.831592096912659479e-02 9.986174323652200480e-01 -1.152048825489614625e+00
9.986240694745761592e-01 -3.936404171048385470e-02 3.464736766699801768e-02 -5.138748086782971569e+01 3.809782941399249279e-02 9.986080166571148498e-01 3.647717727683683769e-02 1.211087683757034794e+00 -3.603502823613686373e-02 -3.510699771211917702e-02 9.987336859501946273e-01 -1.150186943023369102e+00
9.991687992666828944e-01 -1.973483924088061808e-02 3.566856728425916306e-02 -5.182744711370519042e+01 1.853898386477959709e-02 9.992650068174806499e-01 3.355223133148835940e-02 1.170345467903907810e+00 -3.630449902197476625e-02 -3.286308369883850916e-02 9.988002808772965535e-01 -1.159679241814439932e+00
9.993191094813713704e-01 3.310848229089409685e-03 3.674718641423911636e-02 -5.226988487169603559e+01 -4.423161074419169718e-03 9.995331995185313678e-01 3.022943443661279400e-02 1.173787086941014968e+00 -3.662994774045749691e-02 -3.037139022586328452e-02 9.988672712549349075e-01 -1.177463118967056799e+00
9.992296692444411210e-01 1.123586778938141274e-02 3.760084276534618464e-02 -5.277249168034062166e+01 -1.220760004773722464e-02 9.995947912490976694e-01 2.571435024937310243e-02 1.199100429921926114e+00 -3.729668353512455292e-02 -2.615355774445399933e-02 9.989619356184640253e-01 -1.186662593056370785e+00
9.992289097956769117e-01 1.243687676853349675e-02 3.724123957103531862e-02 -5.319544111200345782e+01 -1.346070617580479023e-02 9.995347798114656568e-01 2.736847340451080760e-02 1.195226596272290331e+00 -3.688353586346603680e-02 -2.784866322624977505e-02 9.989314574777987676e-01 -1.185358034202269595e+00
9.989498332453797813e-01 2.490214740475329980e-02 3.845924744011337826e-02 -5.410120988557594046e+01 -2.605622606313338224e-02 9.992160925232885793e-01 2.980391796119569517e-02 1.219314899051902490e+00 -3.768691739018750764e-02 -3.077472172291299476e-02 9.988156049844748585e-01 -1.192824420514537964e+00
9.988159959541771382e-01 2.701043367117988980e-02 4.046038431552409498e-02 -5.456310189471535210e+01 -2.810955982915171875e-02 9.992442483821284416e-01 2.684743416877135788e-02 1.222910513189909842e+00 -3.970464547476096340e-02 -2.795297029172326767e-02 9.988203905505701474e-01 -1.214448842587130928e+00
9.984237827810091837e-01 3.023671803125996954e-02 4.728309274950551200e-02 -5.498056509495025068e+01 -3.066654181671440993e-02 9.994944457309522523e-01 8.391434083653016504e-03 1.242818798633669619e+00 -4.700545915384689299e-02 -9.828216301784631001e-03 9.988462809532112630e-01 -1.172331736383938949e+00
