1.000000000000000000e+00 0.000000000000000000e+00 0.000000000000000000e+00 0.000000000000000000e+00 0.000000000000000000e+00 1.000000000000000000e+00 0.000000000000000000e+00 0.000000000000000000e+00 0.000000000000000000e+00 0.000000000000000000e+00 1.000000000000000000e+00 0.000000000000000000e+00
9.998483276186478363e-01 -1.687862531064671448e-02 4.293456162108829147e-03 4.286237516052800456e-01 1.695665684589038949e-02 9.996787405255094239e-01 -1.883845879953684882e-02 6.344908810616152126e-03 -3.974109561131004484e-03 1.890840418845347176e-02 9.998133219277697270e-01 5.263662521628614983e-03
9.996133696024176452e-01 -2.772046389153869431e-02 2.164992780175997288e-03 8.553851822976730190e-01 2.778293238093790599e-02 9.988850113041628509e-01 -3.816861092833614272e-02 -5.561024929576731043e-03 -1.104527236670400838e-03 3.821400363113460624e-02 9.992689677689701178e-01 -2.354517178014877560e-03
9.998190916312550414e-01 -1.692830707682741950e-02 -8.672740579803663377e-03 1.292658526995817292e+00 1.648975277759186578e-02 9.986937812857171748e-01 -4.836134070277590957e-02 -3.802404597888852517e-02 9.480087709817867567e-03 4.820958038345389551e-02 9.987922528215091855e-01 6.624694119318448766e-03
9.998952471472316583e-01 1.418601014997826135e-02 2.872603070611998068e-03 2.162404920104290085e+00 -1.406385280042817335e-02 9.991470294516178186e-01 -3.882552745830805674e-02 -6.994512807398017840e-02 -3.420932151397391378e-03 3.878106050680742156e-02 9.992418759085224256e-01 -5.870805433093741199e-02
9.995404083528462991e-01 2.924545967554460779e-02 7.979671559118528198e-03 2.597247978942951008e+00 -2.894339534792722546e-02 9.989449609411351627e-01 -3.565452111650926209e-02 -1.193115976273693424e-01 -9.013985553510470497e-03 3.540717580773867362e-02 9.993323170826414747e-01 -6.561044970977791824e-02
9.988177302035488037e-01 4.801015784938358899e-02 7.626701404155795255e-03 3.026090163339914429e+00 -4.778298136647805838e-02 9.984762866892226141e-01 -2.760238415485450139e-02 -1.331598495751863676e-01 -8.940275318002847277e-03 2.720532415867570400e-02 9.995898868109158730e-01 -9.083114996853734746e-02
9.981321037531146745e-01 6.070832277551173328e-02 6.841272042966263164e-03 3.460108152983912166e+00 -6.061555010963112777e-02 9.980760339637929635e-01 -1.303784920960797053e-02 -1.818858569394778968e-01 -7.619615626026473437e-03 1.259880839166784700e-02 9.998915998671163985e-01 -7.455867288915254965e-02
9.974444968444381443e-01 7.115403513627518994e-02 6.448177926455891419e-03 3.874410959593747261e+00 -7.114215662767214843e-02 9.974640729640285031e-01 -2.053459611225650489e-03 -2.159814218487910442e-01 -6.577937755047508737e-03 1.589474704702321462e-03 9.999771018903651498e-01 -1.397779365841110011e-01
9.979729425856918024e-01 6.320054219105072923e-02 7.463064626061173545e-03 4.730823080710512940e+00 -6.331353251415550165e-02 9.978650525128868187e-01 1.602290778955824807e-02 -2.666736865716183846e-01 -6.434474915214309643e-03 -1.646294142038201569e-02 9.998437723426367718e-01 -1.711199989947321254e-01
9.984898029767816929e-01 5.234714424572817215e-02 1.667002821547411071e-02 5.136470213976059185e+00 -5.269256718994390354e-02 9.983898726123114908e-01 2.100370510423387599e-02 -3.042663206571369350e-01 -1.554370336570476754e-02 -2.185037195311103492e-02 9.996404126140507884e-01 -2.015884527261436465e-01
9.991159498568347175e-01 4.118701464569211185e-02 8.423097188717145259e-03 5.573870492709446012e+00 -4.134217962225538584e-02 9.989612947140897870e-01 1.916131120854073014e-02 -3.009331051359768749e-01 -7.625150867766658687e-03 -1.949260084557524406e-02 9.997809237960678663e-01 -2.748037830438002649e-01
9.997828952458900353e-01 1.905716134096866604e-02 8.425376868126058932e-03 6.007868781373906231e+00 -1.920787364269222613e-02 9.996501330545276565e-01 1.818430846063754866e-02 -3.026814993884819338e-01 -8.075887807048442307e-03 -1.834219413509556931e-02 9.997991518052204984e-01 -2.011845573135025156e-01
9.997922579903050222e-01 -9.227586348385984419e-04 2.036146800083949576e-02 6.414616738371035964e+00 7.045260688047741849e-04 9.999422642523123628e-01 1.072249061445476950e-02 -3.028915343585488196e-01 -2.037018668706191277e-02 -1.070591791769986284e-02 9.997351843442711106e-01 -2.459966798276907451e-01
9.993411291577631861e-01 -3.413995265738605650e-02 1.231954569935013108e-02 7.270763486012628007e+00 3.436609306755025045e-02 9.992355289268058938e-01 -1.863677487224964929e-02 -2.582433739698428710e-01 -1.167386915120311938e-02 1.904787029874679960e-02 9.997504185626143736e-01 -1.999186243553093267e-01
9.989633331083650480e-01 -4.548805347771624902e-02 -1.759572628244312738e-03 7.709493107349310925e+00 4.540373368571206519e-02 9.984071254191363431e-01 -3.349198231956412170e-02 -2.294477206796433633e-01 3.280254932558658576e-03 3.337737112334473316e-02 9.994374372738255019e-01 -3.230782538836093343e-01
9.991619036906611573e-01 -4.092929145880591646e-02 5.322724246115386132e-04 8.148838932148631642e+00 4.091126096611408247e-02 9.981315427573046462e-01 -4.538383059070167508e-02 -2.026924869263657947e-01 1.326250133419213783e-03 4.536757050584829670e-02 9.989694813191144496e-01 -3.533422289267669214e-01
9.999182215327028223e-01 -4.336311268938515149e-04 1.278132273758557542e-02 8.983725019050933014e+00 1.126416568175778437e-03 9.985269815605034571e-01 -5.424572131868960617e-02 -2.528210986497624324e-01 -1.273897298024736190e-02 5.425568228043755464e-02 9.984458120036824313e-01 -4.285893071268394583e-01
9.997960459971140246e-01 1.180301765961966169e-02 1.638765336048129614e-02 9.394650487349117896e+00 -1.091097431757261267e-02 9.985084834104426266e-01 -5.349541285773174587e-02 -2.651389741462798488e-01 -1.699461820629867212e-02 5.330569698920187977e-02 9.984336160308894259e-01 -3.950162705756006809e-01
9.995864691414700909e-01 2.067179697158971416e-02 1.998918505728106837e-02 9.780986544959066720e+00 -1.953726210805178595e-02 9.982743506201470218e-01 -5.537703750874625047e-02 -2.868342739918746664e-01 -2.109943360875211199e-02 5.496360344709196738e-02 9.982654036865650227e-01 -4.414621007869431457e-01
9.996875016537574155e-01 1.718310351523672647e-02 1.815599049496662357e-02 1.020061895425945586e+01 -1.613502139577845107e-02 9.982792413793992736e-01 -5.637568017797148917e-02 -2.851679930212995262e-01 -1.909345756604682517e-02 5.606511557604974133e-02 9.982445305102441990e-01 -4.382666907621878827e-01
9.996892179480374452e-01 2.201805905558654533e-02 1.169070544774602517e-02 1.063273855862654926e+01 -2.128654809631233893e-02 9.980080879233749203e-01 -5.938635625859217670e-02 -2.932785808844258213e-01 -1.297499088957817896e-02 5.911904528114228508e-02 9.981666133950091169e-01 -4.312856829969679562e-01
9.989586210385350551e-01 4.554511860551297558e-02 -2.704741022396976290e-03 1.148005129071297148e+01 -4.562529732671859878e-02 9.972984586704072285e-01 -5.756836438078303392e-02 -3.651924255152252941e-01 7.547606909097392958e-05 5.763181851060957678e-02 9.983379026154036717e-01 -5.830339097616847877e-01
9.977749297481586233e-01 6.661440789131384266e-02 2.776729613570889758e-03 1.190218755571034315e+01 -6.638788937708620108e-02 9.964997146573095765e-01 -5.080321674811797555e-02 -4.401064090234234061e-01 -6.151236470253849779e-03 5.050583480341806070e-02 9.987048227282657731e-01 -4.862916507042042147e-01
9.962843611956235801e-01 8.570766203122326399e-02 8.465713565313335784e-03 1.227860124967600264e+01 -8.530052166734014563e-02 9.955376968794882320e-01 -4.035486457868256438e-02 -5.016473271801121792e-01 -1.188665807987898844e-02 3.948279069450115475e-02 9.991495466638946610e-01 -6.099052756942262565e-01
9.939405272704247007e-01 1.084121448825708101e-01 1.813932444581418252e-02 1.309696562912870554e+01 -1.080744274089310286e-01 9.939675424650329383e-01 -1.866661903652007057e-02 -6.174274773145768114e-01 -2.005358794883678464e-02 1.659311206444871387e-02 9.996612037297410991e-01 -5.317486689532404665e-01
9.941322197307167485e-01 1.044875643997170561e-01 2.799068736371089841e-02 1.350364873789303388e+01 -1.044719970584909036e-01 9.945257730745966640e-01 -2.022009145985215195e-03 -6.985249808045668196e-01 -2.804873480014187168e-02 -9.140985673126505399e-04 9.996061388866719355e-01 -5.349111156399850575e-01
9.943665435917853346e-01 9.534111757291330314e-02 -4.631682507765355616e-02 1.397247218297417426e+01 -9.482657784364983966e-02 9.954064590465970808e-01 1.318716886892447142e-02 -7.354775336204224523e-01 4.736134626241374213e-02 -8.720813509256792120e-03 9.988397520583311984e-01 -4.449095720987822355e-01
9.939578625681204649e-01 8.122345405516519234e-02 -7.382762322032181135e-02 1.442438232678860466e+01 -8.052070968811382567e-02 9.966751701388367746e-01 1.245072447865238491e-02 -7.387617186456685303e-01 7.459344978170552587e-02 -6.430842873938916876e-03 9.971932919497578096e-01 1.296507697693785044e-01
9.918853509455837214e-01 7.339874971086465805e-02 -1.038078711872955640e-01 1.479014059258055447e+01 -7.204848414608908125e-02 9.972612639633272602e-01 1.670291383314771033e-02 -7.418479451916323297e-01 1.047495418214659801e-01 -9.088175787728440189e-03 9.944571074455872406e-01 -6.416862352974580519e-01
9.915189988326624793e-01 6.165513566349978269e-02 -1.144059404060387003e-01 1.518081754997071897e+01 -6.111993271422996865e-02 9.980968823511285892e-01 8.183352978169402756e-03 -7.772532357989818674e-01 1.146927581797675816e-01 -1.121466572283524605e-03 9.934003792700325519e-01 -6.599932949615048283e-01
9.937447999786215291e-01 5.226863594073211799e-02 -9.868770041066257659e-02 1.557085009402138098e+01 -5.192240810927126887e-02 9.986326431860538255e-01 6.075154267167198231e-03 -8.020721518576540143e-01 9.887029913772774070e-02 -9.130499059774163303e-04 9.950999097016768324e-01 -3.169173185070720544e-01
9.939571108765995477e-01 4.514080718465153519e-02 -1.000578296014927315e-01 1.592262025630635591e+01 -4.450836481120480637e-02 9.989724642930816190e-01 8.545235282922735570e-03 -7.967863747589176704e-01 1.003407554270743240e-01 -4.040186991454059774e-03 9.949449279680750990e-01 -4.418843085376368274e-01
9.954024071653750916e-01 3.335570938524703988e-02 -8.978554705955583970e-02 1.662661191097085123e+01 -3.327415389992444128e-02 9.994433674608823592e-01 2.405394083288863588e-03 -8.363138044223683565e-01 8.981580312851918102e-02 5.932030501614837369e-04 9.959582168035566729e-01 -4.456732411112653280e-01
9.960398701598707216e-01 3.145624712770351411e-02 -8.315696945264905438e-02 1.694874741011313901e+01 -3.131629279402634719e-02 9.995050609004271225e-01 2.987145807004538793e-03 -8.421229767249293063e-01 8.320977621377656508e-02 -3.711483185143398672e-04 9.965319841286475189e-01 -4.342358182841805081e-01
9.961092747270842152e-01 3.956557157703925742e-02 -7.874565606091878112e-02 1.725569352527317690e+01 -3.943741751330037681e-02 9.992169741176967213e-01 3.182567352916350518e-03 -8.423974135061678137e-01 7.880991627050469572e-02 -6.465954225039595785e-05 9.968896593488065783e-01 -4.569308100404060879e-01
9.960923126280988305e-01 5.061673308208098493e-02 -7.237438120843066314e-02 1.758974887114699825e+01 -5.063136820165967805e-02 9.987160737757229123e-01 1.633565435719623593e-03 -8.579411702810486595e-01 7.236414358806327052e-02 2.037231970636044220e-03 9.973761980359587831e-01 -3.662912052403312080e-01
9.963289157488205428e-01 5.457774129258946560e-02 -6.595424018347055550e-02 1.789289870516954650e+01 -5.470914205039728584e-02 9.985023159720693986e-01 -1.864792833833105526e-04 -9.110903992941414842e-01 6.584528395328854977e-02 3.794094597246422049e-03 9.978226312463042147e-01 -3.727059465713908892e-01
9.968467174506099315e-01 5.017468573979805280e-02 -6.147457050566860343e-02 1.821702634696089262e+01 -5.068352967959226241e-02 9.986919861066813064e-01 -6.745124573361300190e-03 -9.611747099513427983e-01 6.105572640761720155e-02 9.839603508514899177e-03 9.980858582685326885e-01 -4.069715663763102675e-01
9.977961227682407008e-01 4.610883442745240118e-02 -4.771658806335359743e-02 1.879034017299877135e+01 -4.714292317936488036e-02 9.986720424565826981e-01 -2.077730515976331307e-02 -9.979114421968414694e-01 4.669520513682855894e-02 2.298101397543647270e-02 9.986447971195214768e-01 -4.221330226589733448e-01
9.975444547067274792e-01 5.324709423868067421e-02 -4.549514082838820861e-02 1.907961466560416142e+01 -5.427038520630694113e-02 9.982934804763670122e-01 -2.156042967893831083e-02 -1.009344526420824506e+00 4.426947225139325759e-02 2.397652588509107188e-02 9.987318659345283400e-01 -4.796838785105571601e-01
9.970729217719270787e-01 6.810240379669522948e-02 -3.475127718954209438e-02 1.937317781455052312e+01 -6.893087743790259070e-02 9.973510523729887112e-01 -2.322525492072662762e-02 -1.031107603133468720e+00 3.307752718740273462e-02 2.555270881146963491e-02 9.991260862711787150e-01 -4.529138060725857451e-01
9.965400015081887775e-01 8.036863857223361385e-02 -2.118743325900568353e-02 1.990735313222123182e+01 -8.073561505861887033e-02 9.965893115289105042e-01 -1.707350600897797679e-02 -1.100278034849765829e+00 1.974299509106080402e-02 1.872501215961624652e-02 9.996297254806184585e-01 -4.995968319744876762e-01
9.967744626414869469e-01 7.962470081741657157e-02 -1.002884068632822583e-02 2.017925558884632764e+01 -7.982546438023099822e-02 9.965763881462958995e-01 -2.152667707203763034e-02 -1.121833813942448410e+00 8.280450607021467777e-03 2.225779883591863170e-02 9.997179724946053669e-01 -4.752152013810538866e-01
9.976116943609040222e-01 6.900088779187286969e-02 -3.128059829912280265e-03 2.043649412535244281e+01 -6.905163251317346373e-02 9.973908895363564620e-01 -2.105434675171197548e-02 -1.165031999101813209e+00 1.667129758533092074e-03 2.122006017449170126e-02 9.997734391973809309e-01 -4.783606327414317572e-01
9.980521042440330115e-01 6.160181117201705275e-02 9.859719792414029654e-03 2.097827157002322807e+01 -6.135357381817569539e-02 9.978332422441260618e-01 -2.376046405929110525e-02 -1.186361825490807043e+00 -1.130204378842302251e-02 2.310925210607980493e-02 9.996690583754717085e-01 -5.102630578938023298e-01
9.978403429381226264e-01 6.402966064745996277e-02 1.465784985940921104e-02 2.122741603719975600e+01 -6.373527819962845897e-02 9.977715922804624160e-01 -1.973990757137774124e-02 -1.214764919192832693e+00 -1.588912577663822295e-02 1.876305400199257747e-02 9.996976960494470266e-01 -5.462803671123133142e-01
9.972455846532600754e-01 7.142347740142934720e-02 1.999826906172293833e-02 2.148370310715796805e+01 -7.099444760914067065e-02 9.972471298995954081e-01 -2.139977372993783974e-02 -1.224775475697865712e+00 -2.147166268015898716e-02 1.992106379958335019e-02 9.995709674249459997e-01 -5.539895006142926404e-01
9.964834760633648481e-01 7.782057507854277245e-02 3.105865462505328495e-02 2.227457353643988469e+01 -7.711449180632111433e-02 9.967494739587059449e-01 -2.332040558171875541e-02 -1.272903583702678754e+00 -3.277250503282120447e-02 2.084332644967957018e-02 9.992454746739590776e-01 -6.346140820346249933e-01
9.959400999843219804e-01 8.127367110114733229e-02 3.870281164154998343e-02 2.255494678749562709e+01 -8.027938242003468394e-02 9.964177066717455622e-01 -2.658899376202446263e-02 -1.309106145622264794e+00 -4.072515195154700895e-02 2.337400728933059640e-02 9.988969505318162634e-01 -6.570803353174535788e-01
9.954687144290619294e-01 8.253840443022709972e-02 4.721705610330979158e-02 2.281788882823476072e+01 -8.132454396674980435e-02 9.963197440825953821e-01 -2.707925589435123889e-02 -1.302609719556778956e+00 -4.927836382786073693e-02 2.311664649779131622e-02 9.985175329022245583e-01 -6.970425719450618063e-01
9.946160158692033404e-01 8.918628483059447276e-02 5.277108653977771735e-02 2.308747215883575521e+01 -8.783303938082541451e-02 9.957573512697832641e-01 -2.743455094058949023e-02 -1.370994777089640682e+00 -5.499398303086444617e-02 2.265179883147258599e-02 9.982297119601777347e-01 -7.224341188840895933e-01
9.935082683971224737e-01 9.604665617876380346e-02 6.096195915019057832e-02 2.335617352175622585e+01 -9.462896876013186798e-02 9.951798422403819178e-01 -2.573790725374740587e-02 -1.393951388501329047e+00 -6.314015281851285966e-02 1.980205633985650596e-02 9.978081978350188397e-01 -7.710864956353264965e-01
9.924822695127833994e-01 1.013296995625718316e-01 6.863844905964731902e-02 2.362635792455495221e+01 -9.990636066439019525e-02 9.947104738639953592e-01 -2.387032224463103702e-02 -1.437113261791307384e+00 -7.069415677092173722e-02 1.683345394815539270e-02 9.973559901191869637e-01 -7.902430792861854236e-01
9.904802139579876874e-01 1.119313273250154561e-01 8.012692257287316877e-02 2.413993454027729157e+01 -1.109257777819995239e-01 9.936848778311353492e-01 -1.690666712217324050e-02 -1.509498336625082926e+00 -8.151329695943736187e-02 7.857578060812615839e-03 9.966412799426987990e-01 -8.624740372357621032e-01
9.896056567350783872e-01 1.156899438378126699e-01 8.541944188964192830e-02 2.442250021207288668e+01 -1.148411605395597834e-01 9.932735949265818487e-01 -1.480113061734061354e-02 -1.560075037184863067e+00 -8.655721809220315310e-02 4.837614745747070497e-03 9.962351356380232392e-01 -9.090082356873514513e-01
9.889859939337753980e-01 1.158767062147277455e-01 9.208307531597773044e-02 2.468232865516537089e+01 -1.153103675139107026e-01 9.932633434755274715e-01 -1.146514943745391771e-02 -1.620620877001380133e+00 -9.279128701892866427e-02 7.207389555031170139e-04 9.956853205650512129e-01 -9.588371623453215697e-01
9.883947178006975420e-01 1.157860145436174354e-01 9.833351747895914541e-02 2.492797377477765153e+01 -1.151868795159678577e-01 9.932741344826649943e-01 -1.176760617485773583e-02 -1.610552824208516309e+00 -9.903466368425480060e-02 3.043087541580707239e-04 9.950839375575954993e-01 -1.015789129484845787e+00
9.889879575083052599e-01 1.051534264759072385e-01 1.041420990950661790e-01 2.518211047824935633e+01 -1.046635815296050181e-01 9.944556563764361812e-01 -1.017262022819939715e-02 -1.642685231091658649e+00 -1.046343853852371858e-01 -8.392861773060681166e-04 9.945104026573911016e-01 -1.016755012414512382e+00
9.896564757706780568e-01 9.478246030394256449e-02 1.076863277482005832e-01 2.544008438613078837e+01 -9.396242817969631400e-02 9.954950535293758396e-01 -1.267519187707039433e-02 -1.593599310182784556e+00 -1.084025924770101179e-01 2.425616885803077820e-03 9.941041164420286735e-01 -1.034868610672899480e+00
9.904390217700563825e-01 8.616902888384221637e-02 1.077285598919309750e-01 2.567964004990039939e+01 -8.485810720218968373e-02 9.962530380271983343e-01 -1.670286992224675332e-02 -1.634249889540361433e+00 -1.087641751554043468e-01 7.401532462495584962e-03 9.940400251096387363e-01 -1.098497246715544051e+00
9.907247565961869729e-01 7.733046192639488059e-02 1.117338638268471213e-01 2.593044147767534469e+01 -7.549660915583601695e-02 9.969341171057470863e-01 -2.055792199020919225e-02 -1.629925116801616669e+00 -1.129810544887812768e-01 1.193171441306652321e-02 9.935254981719231493e-01 -1.136140277610112159e+00
9.908434842990075930e-01 6.970812602571481442e-02 1.156285725423662342e-01 2.618151399731923945e+01 -6.709076196340103826e-02 9.973980720455195570e-01 -2.638021112597255941e-02 -1.606442274257863456e+00 -1.171666304088858496e-01 1.838105127199435307e-02 9.929421522288012225e-01 -1.163476842503039732e+00
9.908703109175065471e-01 6.947208568093263259e-02 1.155407125362529486e-01 2.643777665597518478e+01 -6.587537243769484019e-02 9.972254880827853274e-01 -3.466642791297597920e-02 -1.609742176024068216e+00 -1.176284925026197803e-01 2.673864673448753462e-02 9.926976289497065897e-01 -1.207144722372314405e+00
9.911252447852477721e-01 6.708730097590978603e-02 1.147608086288624957e-01 2.691002338562765317e+01 -6.212824650909152396e-02 9.969955211286001262e-01 -4.626026194496232063e-02 -1.671685427370438237e+00 -1.175194883203984214e-01 3.871982563595382371e-02 9.923154463010404047e-01 -1.287931449545336005e+00
9.905119676972430343e-01 7.188240401009425573e-02 1.171279720744171082e-01 2.714723822061685254e+01 -6.622987308138490736e-02 9.964764257034239847e-01 -5.146199499584351578e-02 -1.725709552371126776e+00 -1.204144748780622831e-01 4.321635120018998966e-02 9.917825876817873976e-01 -1.286766479881794378e+00
9.899970817470933326e-01 8.182903070720022598e-02 1.149338412555638567e-01 2.738359050595775201e+01 -7.592983233526696962e-02 9.956057887094577064e-01 -5.480669712504886160e-02 -1.745508783202034397e+00 -1.189135765746591189e-01 4.553156291781203235e-02 9.918600899746314870e-01 -1.356479434082916935e+00
9.887987189923536091e-01 9.772773379469174015e-02 1.128112732240635491e-01 2.762211616470521136e+01 -9.141182663661184815e-02 9.940114903504079225e-01 -5.987516181455313641e-02 -1.776216315473905683e+00 -1.179871657005052282e-01 4.889219875107648355e-02 9.918107589813929259e-01 -1.397389706309123625e+00
9.872316257297097941e-01 1.123788588894093776e-01 1.128924675688699475e-01 2.787034867984563391e+01 -1.059733134979463087e-01 9.924812994582513648e-01 -6.124154677934590119e-02 -1.817207438638925865e+00 -1.189259180554858297e-01 4.849600293194313017e-02 9.917180868141333150e-01 -1.438516510445199570e+00
9.851072218554646209e-01 1.249924316222895404e-01 1.180705445289195743e-01 2.815241697912717811e+01 -1.181056280146212112e-01 9.909587558903593107e-01 -6.365378822586498231e-02 -1.861356155878370666e+00 -1.249592816859965427e-01 4.876101066814159807e-02 9.909629366223244862e-01 -1.301981176999113643e+00
9.878296505074858347e-01 1.400283398645818800e-01 6.771001117285066484e-02 2.841664964491178580e+01 -1.361819908722755879e-01 9.889581486189920057e-01 -5.844865817244357387e-02 -1.979309670269357113e+00 -7.514683586367335022e-02 4.851643345161361920e-02 9.959915204181275517e-01 -1.282391112283862045e+00
9.868814961135297104e-01 1.574530519308235399e-01 3.568541811987842316e-02 2.867422362292622395e+01 -1.554947922369875335e-01 9.864530849807704449e-01 -5.226548305619094226e-02 -2.055922349832369100e+00 -4.343135061101877081e-02 4.603094143714953068e-02 9.979954259486926160e-01 -1.243433347752063600e+00
9.843259848683222346e-01 1.761966226267512037e-01 -7.556830548162906183e-03 2.896961026154050955e+01 -1.763579188510746854e-01 9.832991149949545928e-01 -4.495258511650829236e-02 -2.135687498401591444e+00 -4.898688856949007416e-04 4.558070452576834519e-02 9.989605394626003276e-01 -1.341049873766339218e+00
9.812384605036070795e-01 1.918601290333888654e-01 -1.899406527846081438e-02 2.925834369715840566e+01 -1.925578276763039998e-01 9.801647264787325398e-01 -4.688914551849045209e-02 -2.188285511815833750e+00 9.621155288938809669e-03 4.966688891165550734e-02 9.987194969142954015e-01 -1.518503374030388819e+00
9.786286301119683229e-01 2.055567205715701229e-01 -5.695520435728446303e-03 2.951513543545033968e+01 -2.055911174011691711e-01 9.774653911701531861e-01 -4.789260392083709295e-02 -2.301187327499603086e+00 -4.277472490973485870e-03 4.804002177810648422e-02 9.988362526143351738e-01 -1.513896534030484631e+00
9.755997898053305750e-01 2.194273213718941351e-01 7.529991191920272844e-03 2.976946747470751475e+01 -2.189382542324645464e-01 9.748522883370610570e-01 -4.158192825779396390e-02 -2.373295543900377780e+00 -1.646484027968739272e-02 3.891871734205926830e-02 9.991067222649506752e-01 -1.437176572430872490e+00
9.727368053158190753e-01 2.318641039590815245e-01 4.705834594042029861e-03 3.003235896384368075e+01 -2.315992127692798053e-01 9.722787279064861732e-01 -3.218508824277071384e-02 -2.446043965192174152e+00 -1.203794951908751867e-02 3.021775232867793953e-02 9.994708476066616054e-01 -1.464638995645984210e+00
9.702631861533488333e-01 2.418908722072498907e-01 8.840562107013600832e-03 3.027644893736745502e+01 -2.416297413619389045e-01 9.700802075737672281e-01 -2.365288487688492133e-02 -2.542931912650815640e+00 -1.429747127692789811e-02 2.081338070695286716e-02 9.996811419140769761e-01 -1.444445790856625722e+00
9.665009396128210195e-01 2.565546410653304354e-01 7.459884407518895325e-03 3.053476421810217190e+01 -2.563811910005996397e-01 9.663934087958816477e-01 -1.877403358338109243e-02 -2.616629128885412658e+00 -1.202574856913822716e-02 1.623254704953398450e-02 9.997959220699175198e-01 -1.503695945011631618e+00
9.629568624022607493e-01 2.695109855948784605e-01 8.826652597148798227e-03 3.079290434480146033e+01 -2.694679421054445023e-01 9.629920690518912751e-01 -5.770885600512377575e-03 -2.717210598186103887e+00 -1.005531351327995475e-02 3.178613980118422024e-03 9.999443919955324223e-01 -1.547163636253297447e+00
9.599181704463786158e-01 2.796457717170788837e-01 1.885068719268634396e-02 3.103476685297385629e+01 -2.799065817139356205e-01 9.599397482380062074e-01 1.296091300692851431e-02 -2.809014736804569701e+00 -1.447105939788028567e-02 -1.771784731598899029e-02 9.997382989194674163e-01 -1.465739273205854509e+00
9.564323005997555915e-01 2.913072323134384134e-01 1.942551856047250100e-02 3.129842574542809785e+01 -2.917316288781829914e-01 9.561829059658836227e-01 2.463548356984915366e-02 -2.878017252156114036e+00 -1.139785425161085955e-02 -2.922921039854832481e-02 9.995077499339044547e-01 -1.546360033648291887e+00
9.557411867721212761e-01 2.932640742339280293e-01 2.355773060237908653e-02 3.156197028163397533e+01 -2.940770236905285162e-01 9.546416449708596819e-01 4.666940994539609672e-02 -2.941132517712847338e+00 -8.802729391355273297e-03 -5.153166454761843457e-02 9.986325648126113119e-01 -1.534031398150994763e+00
9.604225062496085652e-01 2.776143359119382925e-01 2.277915681920890043e-02 3.182663689298003362e+01 -2.785168651311634713e-01 9.583102133195182670e-01 6.379569644583173160e-02 -2.988714770830644962e+00 -4.118898727805662269e-03 -6.761520201606217861e-02 9.977029713945915201e-01 -1.569615683394318451e+00
9.748297139631306729e-01 2.204642107485802194e-01 3.320482726301089704e-02 3.233213921545405611e+01 -2.225667031805272644e-01 9.710349589845995721e-01 8.692048702767435353e-02 -3.013080419543992861e+00 -1.308019150899007027e-02 -9.212296244033102433e-02 9.956617238707660134e-01 -1.625362992883463642e+00
9.905598282225087647e-01 1.349498305304531187e-01 2.407841256387199466e-02 3.283246351901799898e+01 -1.367742161326304662e-01 9.847227977072445793e-01 1.077674601951886801e-01 -2.977199734634593753e+00 -9.167361294207237304e-03 -1.100434228630638167e-01 9.938845026317104647e-01 -1.667115666896648030e+00
9.996428696928996160e-01 2.465889322607504180e-02 1.029912894421419582e-02 3.334208192313529651e+01 -2.573955575235426646e-02 9.920702005809404200e-01 1.230211054614784305e-01 -3.021325155862484291e+00 -7.183894613367233437e-03 -1.232422658999654252e-01 9.923506112025256565e-01 -1.665557288328617158e+00
9.984356741693897197e-01 -5.572783868542501018e-02 -4.540103673662108930e-03 3.356273634203999023e+01 5.586719638529584475e-02 9.910657229824489933e-01 1.211098224642512683e-01 -2.951974134042998354e+00 -2.249647519755044577e-03 -1.211740101041759027e-01 9.926287313801217538e-01 -1.685416634944128189e+00
9.907147834877029213e-01 -1.353301989388380755e-01 -1.303668033237165985e-02 3.378326907467149454e+01 1.359151208118918874e-01 9.834776176155015648e-01 1.195778222917029121e-01 -2.880121852142502714e+00 -3.361207164513434729e-03 -1.202393983040157821e-01 9.927392353392130442e-01 -1.640851128969759598e+00
9.789297065009683330e-01 -2.028508215261170256e-01 -2.341311461782318026e-02 3.394054092054756921e+01 2.041853738355497161e-01 9.711647820534230480e-01 1.230743645555975180e-01 -2.690093666385829696e+00 -2.227743603897712130e-03 -1.252617671330990556e-01 9.921212258857928790e-01 -1.616384010116137304e+00
9.661612933387377922e-01 -2.547436269490545024e-01 -4.047270417032242107e-02 3.410751887753021805e+01 2.578042511365409295e-01 9.587612703154896332e-01 1.196402718107739266e-01 -2.567248656355824110e+00 8.326064493194063054e-03 -1.260258349381961906e-01 9.919920189085120743e-01 -1.585930271788568824e+00
9.451901519293577358e-01 -3.210679923446805306e-01 -5.942155322367383141e-02 3.425306849443659729e+01 3.257376919686066907e-01 9.397721041359173855e-01 1.035536011875763385e-01 -2.398333142307086163e+00 2.259497127067949807e-02 -1.172336836395866388e-01 9.928472846785504347e-01 -1.611110022113287465e+00
