1.000000000000000000e+00 0.000000000000000000e+00 0.000000000000000000e+00 0.000000000000000000e+00 0.000000000000000000e+00 1.000000000000000000e+00 0.000000000000000000e+00 0.000000000000000000e+00 0.000000000000000000e+00 0.000000000000000000e+00 1.000000000000000000e+00 0.000000000000000000e+00
9.999999563328739738e-01 -2.916011881385668480e-04 -4.798955222392995877e-05 -3.167552801107843818e-02 2.915491100951433934e-04 9.999993725182327875e-01 -1.081647935868602266e-03 5.590726737874400325e-03 4.830493193460782978e-05 1.081633897324901046e-03 9.999994138672010369e-01 1.133266483503656864e-02
9.999999896408464650e-01 4.732005946652809755e-05 1.359379229992475175e-04 -1.335174058778846456e-02 -4.694732418366984086e-05 9.999962433150701990e-01 -2.740648043008487439e-03 7.197154612678989018e-03 -1.360670999516728032e-04 2.740641632695954046e-03 9.999962351775057989e-01 2.698432269985277798e-03
9.999997563984737159e-01 -2.149876270148844918e-04 6.640657448798925003e-04 -1.149098070372389126e-02 2.199457607793541014e-04 9.999720353481255097e-01 -7.475302374452682044e-03 4.718876321413743163e-03 -6.624400769938128351e-04 7.475446611903078728e-03 9.999718390390286427e-01 4.314611215036243466e-03
9.999994860724952250e-01 -8.090532658922586304e-04 6.109726330415150321e-04 -2.593214015949476745e-02 8.152253517830442518e-04 9.999479487787761300e-01 -1.017030681660219260e-02 1.017616971360424220e-02 -6.027125112247325080e-04 1.017079967018148789e-02 9.999480944387553194e-01 1.288147371949327491e-02
9.999992176787445564e-01 -1.206948932563310867e-03 -3.285059710320965679e-04 -1.623437203585001778e-02 1.198272232494321113e-03 9.996806480835760400e-01 -2.524214711268275152e-02 -1.198045750378335175e-02 3.588670445339491922e-04 2.524173372563123796e-02 9.996813122655482386e-01 5.243563067439234449e-03
9.999984640040283645e-01 1.481636418995158815e-03 -9.363456123704504575e-04 -2.069862302707602478e-02 -1.524113733548198646e-03 9.988879729927441220e-01 -4.712212312464471309e-02 -3.432483856867404176e-02 8.654865169995214821e-04 4.712347784246058435e-02 9.988886968872557892e-01 7.782691950054846861e-03
9.999981429504686270e-01 -3.171832875247480041e-04 -1.900918298147396017e-03 -2.176386673754018494e-02 2.193922197354144371e-04 9.986871001460941866e-01 -5.122526592258065670e-02 -3.685488083843987961e-02 1.914670381041124912e-03 5.122475374803961423e-02 9.986853151222284675e-01 5.154181129762597235e-03
9.999983455425314194e-01 1.160817326212239698e-03 -1.400505385590636266e-03 -1.228620865604277898e-02 -1.228882664405898505e-03 9.987673747563766691e-01 -4.962077155438661402e-02 -3.562277881073164926e-02 1.341178435938175260e-03 4.962241051572027772e-02 9.987671488465228453e-01 -5.302165874798424848e-03
9.999994178921854937e-01 -1.078511011579603041e-03 -3.208252129547105932e-05 -1.706517842888205516e-02 1.076039680232548229e-03 9.990225337039218001e-01 -4.419071497954066979e-02 -2.996430207978409421e-02 7.971133442722184634e-05 4.419065473371418945e-02 9.990231126857420652e-01 -1.908101778343596761e-04
9.999992265454881180e-01 1.113851102040969978e-03 5.533933032070546300e-04 -1.096506928441158893e-02 -1.089972464725625636e-03 9.991411331501365289e-01 -4.142231291812664001e-02 -1.785412946009187762e-02 -5.990563009369350312e-04 4.142167769638916558e-02 9.991415744269501742e-01 -3.126119088119059045e-04
9.999997031823095739e-01 2.973035259177261532e-04 -7.108065181247369326e-04 -2.254047630878902586e-02 -3.222153051423646002e-04 9.993764303853855946e-01 -3.530788251172393977e-02 -2.494185834143683098e-02 6.998661228147400916e-04 3.530810106445893271e-02 9.993762295485280056e-01 8.227702443537689148e-03
9.999997507010018882e-01 8.389782539095191590e-05 -7.011127504804937679e-04 -1.824818823754308095e-02 -1.034768692762683140e-04 9.996086888297516238e-01 -2.797245982394557656e-02 -7.926339265564963377e-03 6.984915686795625106e-04 2.797252539939179550e-02 9.996084483097913420e-01 -3.172804420436211442e-03
9.999966199479807250e-01 2.599965639516953371e-03 1.647079498978690828e-05 -2.490044870936804211e-02 -2.598603225373288285e-03 9.996414393204340332e-01 -2.665032935346186432e-02 -3.859200858011222965e-03 -8.575482981115330953e-05 2.665019647290133714e-02 9.996448167594652601e-01 1.115069400142443441e-02
9.999983728987074105e-01 1.216076826454443255e-03 -1.332425266124722231e-03 -2.646911284273281012e-02 -1.250415793290000693e-03 9.996590394070575814e-01 -2.608143769240300891e-02 -1.109971647643080359e-02 1.300253929637586224e-03 2.608306134085816574e-02 9.996589334622121292e-01 5.342880834087206793e-03
9.999946316026226967e-01 2.944941825616467519e-03 -1.436691887129616218e-03 -2.058337276701014198e-02 -2.990160293142935227e-03 9.994653495941088206e-01 -3.255877611562218304e-02 -9.047810103336488552e-03 1.340040057655243668e-03 3.256289726620825026e-02 9.994687899150599408e-01 9.753794406942770806e-03
9.999946186965358308e-01 1.548017551497293419e-03 -2.892441811043724737e-03 -1.960012961685547034e-02 -1.648115796893853116e-03 9.993883636189113684e-01 -3.493110902096716042e-02 -1.827737931290291523e-02 2.836598718544185594e-03 3.493568812510955413e-02 9.993855369190285387e-01 3.004526228023959508e-03
9.999915297339466713e-01 3.583836620369463665e-03 -2.023999861602741260e-03 -2.227210068454557601e-02 -3.649084434063690294e-03 9.994417236933347271e-01 -3.321031652497404008e-02 -1.145878755359066442e-02 1.903849561899051803e-03 3.321742097114688264e-02 9.994463358784558826e-01 7.836083242906727482e-04
9.999959401170813722e-01 2.566109883200577355e-03 -1.238882327724994889e-03 -2.352259081601285398e-02 -2.595933274511531483e-03 9.996914537809855617e-01 -2.470340801779994169e-02 -6.947420946836278810e-03 1.175108415803758841e-03 2.470652378071344288e-02 9.996940566007602724e-01 8.131214411626497968e-03
9.999956609372584460e-01 2.524254329685599648e-03 -1.518633179808362779e-03 -2.160368358468636729e-02 -2.545456613930472626e-03 9.998969919599508538e-01 -1.412537150196624056e-02 7.673127124561683957e-03 1.482820718208701424e-03 1.412917582596472099e-02 9.998990787240463751e-01 5.721355564579484743e-03
9.999996201233172233e-01 2.501178998023065618e-04 -8.349815910154480009e-04 -2.298848623847036046e-02 -2.664245468197651637e-04 9.998081266260896438e-01 -1.958670340792385139e-02 -1.265274604963871619e-02 8.299223951599861947e-04 1.958691842698392221e-02 9.998078134598432642e-01 3.901910892675001380e-03
9.999997969998623004e-01 5.979464667880519209e-04 2.201369050952433357e-04 -1.314904859081016987e-02 -5.920667612185536105e-04 9.996668235815693304e-01 -2.580486944911388955e-02 -7.261219422353804021e-03 -2.354934911826639084e-04 2.580473387497741675e-02 9.996669746732944617e-01 6.430982285520791056e-03
9.999962245725843024e-01 2.672157351686273510e-03 -6.406369216463937352e-04 -2.491649675914066678e-02 -2.688842007445796031e-03 9.996144292359214756e-01 -2.763626226540065456e-02 -5.148153093184185125e-03 5.665414693933972477e-04 2.763788049816487402e-02 9.996178402731379364e-01 2.742839336679164103e-03
9.999999876242799957e-01 6.280794436721944441e-05 1.442449370880507619e-04 -1.913366728099434241e-02 -5.930904424183125852e-05 9.997088302859304942e-01 -2.412988045502739015e-02 -1.077129514705463947e-02 -1.457184855201698614e-04 2.412987160137339271e-02 9.997088216388930748e-01 7.902491312245743136e-04
9.999997193773709769e-01 6.762137477692612233e-05 7.461049048708502706e-04 -1.930186602116913674e-02 -5.930681954257364057e-05 9.999379649055961661e-01 -1.113834921144045594e-02 -2.561053476073108653e-03 -7.468118106690645403e-04 1.113830183665866398e-02 9.999376883107841119e-01 2.000833028752806164e-03
9.999988074785518544e-01 -9.102560165662030743e-04 1.247587856046183030e-03 -1.980967168805523523e-02 9.126531092427519207e-04 9.999977361777407925e-01 -1.922161204400613110e-03 2.168414807725562669e-03 -1.245835372927908214e-03 1.923297527118024170e-03 9.999973744069760029e-01 6.079539625263143468e-03
9.999990923875733406e-01 2.511835946273373700e-04 1.323680789047979988e-03 -1.836842234584791164e-02 -2.629818438323628391e-04 9.999601761643072129e-01 8.920590002767804158e-03 1.720639283796275565e-02 -1.321387369138635279e-03 -8.920930010344012631e-03 9.999593346447500641e-01 1.471398033651142440e-02
9.999953528542910863e-01 -1.553863461045329030e-03 2.622933122712729770e-03 -1.267035961235629150e-02 1.458464199867029638e-03 9.993511080035594185e-01 3.598938474378036295e-02 4.149008739772019200e-02 -2.677153712341065299e-03 -3.598539204180736112e-02 9.993487301275756352e-01 7.256054871532519393e-03
9.999957698768755510e-01 -1.336228091766026270e-03 2.583548498047007896e-03 -2.146000511949403347e-02 1.219043665773366942e-03 9.989934669381729249e-01 4.483934597416140005e-02 4.505101055694384071e-02 -2.640863664773980025e-03 -4.483600683977535112e-02 9.989908699931985270e-01 1.510566762840520084e-02
9.999941210667069313e-01 -2.445661016205012174e-03 2.403450481735217373e-03 -2.531699367004210111e-02 2.321626739583549162e-03 9.987304199643639580e-01 5.032055531378029634e-02 6.227598026525009434e-02 -2.523466129431667024e-03 -5.031467956768667649e-02 9.987302264068583790e-01 1.349776029075537738e-02
9.999951153844305329e-01 -2.768465503926615182e-03 1.450794965852186900e-03 -2.035131160328761124e-02 2.710071695948489470e-03 9.992427890765670506e-01 3.881370878808422520e-02 3.564894269489262552e-02 -1.557150821915646421e-03 -3.880958743966439473e-02 9.992454108996852158e-01 1.380144815151448587e-02
9.999984119186733356e-01 -1.044064558907322046e-03 1.444330062026410880e-03 -1.887788802270657512e-02 9.891180646050738798e-04 9.992948522523338317e-01 3.753424979189650540e-02 3.691023623949652582e-02 -1.482499775889180348e-03 -3.753276157149969955e-02 9.992942979939550829e-01 8.737867777807264633e-03
9.999966181456146908e-01 -1.337578244105771695e-03 2.230377047641633227e-03 -1.904063864973811609e-02 1.241471165763973579e-03 9.990936360406750261e-01 4.254838624869024255e-02 4.531357695859875023e-02 -2.285267310038002764e-03 -4.254547340745018502e-02 9.990919178163026881e-01 3.569136044462527073e-03
9.999962505150378211e-01 -1.963023956528382481e-03 1.909317368009849159e-03 -1.678632441841853770e-02 1.861446786915808664e-03 9.986546424268165634e-01 5.182123286092838593e-02 5.459901092353983132e-02 -2.008474974992024726e-03 -5.181748446531516533e-02 9.986545520508889329e-01 -2.951546942467556025e-03
9.999963523865899040e-01 -1.457940107590572102e-03 2.273680751070809424e-03 -9.706762462812768000e-03 1.311455726204181641e-03 9.980033191678803206e-01 6.314788210044892935e-02 7.174000949509226621e-02 -2.361206766320432266e-03 -6.314466992974680781e-02 9.980015908614925380e-01 6.791026012837059894e-04
9.999916562387413110e-01 -3.456748935005008252e-03 2.176772771661034979e-03 -1.329810511430016932e-02 3.279434208380095639e-03 9.970430843548241384e-01 7.677456122630750557e-02 7.276414873004267980e-02 -2.435726620951032817e-03 -7.676678205460664428e-02 9.970461014460707538e-01 -7.533684064044525452e-04
9.999921098535111685e-01 -3.243543965444763838e-03 2.293393395698604866e-03 -7.425248630303428118e-03 3.028616938934392509e-03 9.960975672378756807e-01 8.820693862856189560e-02 8.137363412417059072e-02 -2.570546665673819394e-03 -8.819929685280893106e-02 9.960995313343490309e-01 -5.379646920629828095e-04
9.999914863677532573e-01 -2.739266725962793535e-03 3.086034642641350377e-03 -1.037767748835457735e-02 2.427296089099301082e-03 9.952895425428129883e-01 9.691663808972106331e-02 1.027310066439288544e-01 -3.336978529657134117e-03 -9.690832225728687743e-02 9.952877180250796485e-01 1.927407373578699998e-03
9.999842800067672011e-01 -4.720067831943892782e-03 3.026664667455817269e-03 -2.512677791268083660e-03 4.374530200869009532e-03 9.944124900290352009e-01 1.054735187607569180e-01 9.825681346051019782e-02 -3.507595311472220048e-03 -1.054586204817600792e-01 9.944175059507023295e-01 -3.540641895930118042e-03
9.999899683387324378e-01 -3.214567821671351390e-03 3.119258825556811467e-03 5.406759604603664573e-03 2.850877916330152306e-03 9.938930726244544767e-01 1.103106190909425993e-01 1.194231873443006992e-01 -3.454810704961996329e-03 -1.103006198660765741e-01 9.938922665662270894e-01 -9.912369092784862126e-04
9.999864211401094938e-01 -3.989417060769589324e-03 3.352922145046816505e-03 7.050033997321109198e-03 3.578482053465973419e-03 9.933922694149114330e-01 1.147126563762036477e-01 1.091307617839311073e-01 -3.788403567272996455e-03 -1.146991003373923346e-01 9.933930563378245981e-01 -6.370575509283920006e-04
9.999836026627882957e-01 -4.751094753459851779e-03 3.197108724209870613e-03 4.225203188303266501e-03 4.326323395904334464e-03 9.925447101274810224e-01 1.218042746533498782e-01 1.226962471346323968e-01 -3.751977002171440201e-03 -1.217884456613117644e-01 9.925489898095594121e-01 -5.663475840064284041e-03
9.999804094490422068e-01 -4.773428429031589468e-03 4.049086212824091167e-03 8.998748298700138398e-03 4.144322133620315096e-03 9.896814034594966225e-01 1.432255013623410511e-01 1.437883938115661342e-01 -4.690982005801545666e-03 -1.432059147782454300e-01 9.896817976806218109e-01 -9.906592787858404039e-03
9.999773446764314011e-01 -5.421832868214755859e-03 3.989218247067668512e-03 6.843267758209052067e-03 4.739750510330189605e-03 9.879590132784628054e-01 1.546432114479846520e-01 1.528908030484459335e-01 -4.779633769800380703e-03 -1.546208000567692586e-01 9.879623288824483929e-01 -1.519690598441593779e-02
9.999793312126820100e-01 -4.831728631400171274e-03 4.241644241289514554e-03 1.109028138953431844e-02 4.076369392293722506e-03 9.866374546283733782e-01 1.628800673410411570e-01 1.631280766907191315e-01 -4.971957362521080802e-03 -1.628594102988127346e-01 9.866367579393685583e-01 -1.171660964063329577e-02
9.999731618619411844e-01 -5.750401027449877911e-03 4.539652393679090986e-03 4.317222765739517701e-03 4.899898929042209236e-03 9.855837311539226153e-01 1.691174144646183930e-01 1.705351182505408236e-01 -5.446700498201083318e-03 -1.690906318301988176e-01 9.855854563055134188e-01 -1.383442651156663490e-02
9.999757916901663712e-01 -5.541017511025403061e-03 4.208700341845584940e-03 5.063200975826232658e-03 4.742008275941138676e-03 9.853347440275525004e-01 1.705665722516240268e-01 1.753645763192107077e-01 -5.092091037662920504e-03 -1.705424854313437044e-01 9.853371662896737160e-01 -1.844740630131158632e-02
9.999705199862649607e-01 -5.399824156419977782e-03 5.459034482262404252e-03 5.379577573610707514e-03 4.400766885682922368e-03 9.856361203925194658e-01 1.688255650913119132e-01 1.693438313303162746e-01 -6.292249932787420848e-03 -1.687965641731568600e-01 9.856308271934886012e-01 -1.098663999910124041e-02
9.999667500209594717e-01 -6.305241274813633279e-03 5.171342667657193200e-03 5.223339711191336311e-03 5.335142712999389747e-03 9.854495158672520461e-01 1.698846312331710462e-01 1.668309388268366111e-01 -6.167260717034327676e-03 -1.698513927215934416e-01 9.854503890535449839e-01 -1.424328626214713470e-02
9.999659173167574355e-01 -6.110134658599413425e-03 5.552518285394509451e-03 4.599414711194092786e-04 5.053441395852081679e-03 9.848007730716635821e-01 1.736142277796159927e-01 1.675474426950528950e-01 -6.528930610333265327e-03 -1.735802512151295440e-01 9.847980856262760208e-01 -1.015346413804042204e-02
9.999705121346188497e-01 -5.632732622845626307e-03 5.219883564564926741e-03 4.409050704423744457e-03 4.617728919573147427e-03 9.841358092272673996e-01 1.773566620576089437e-01 1.689702598026129043e-01 -6.136076992136117909e-03 -1.773273281809408519e-01 9.841327995953368379e-01 -1.349755376072235037e-02
9.999669196333811350e-01 -5.600396111135312431e-03 5.898745826486919211e-03 1.851215781540746855e-03 4.454905186956597228e-03 9.838585839589935045e-01 1.788922597262926351e-01 1.820707883593769838e-01 -6.805399231664781279e-03 -1.788600635513766801e-01 9.838509867900194772e-01 -7.100210169800605028e-03
9.999720059851900933e-01 -5.643438456966574576e-03 4.913130197489997374e-03 -3.436175545693081514e-03 4.664525753373505168e-03 9.835803538429126469e-01 1.804104479617152368e-01 1.772558881497911798e-01 -5.850593598189222401e-03 -1.803824801266272759e-01 9.835791434439404846e-01 -1.469285951316531835e-02
9.999665784191331674e-01 -6.359655108871580670e-03 5.137784700411302148e-03 1.263795912903448865e-03 5.309736285154685251e-03 9.830280060935785436e-01 1.833786954263375291e-01 1.783216277211560896e-01 -6.216811507009729378e-03 -1.833452863385900133e-01 9.830289198350711244e-01 -1.106750131294547725e-02
9.999620612592146074e-01 -6.464882857572460881e-03 5.837921878590423760e-03 -3.599267800651960274e-03 5.274109902041997436e-03 9.827437741793950687e-01 1.848968849828989403e-01 1.798968024093904883e-01 -6.932518082474907473e-03 -1.848590803863203458e-01 9.827405866207826746e-01 -8.558557148958225586e-03
9.999712783229111057e-01 -5.730103885625656424e-03 4.960689337482650230e-03 -1.698964190668986532e-03 4.709209885502834911e-03 9.825921400114248083e-01 1.857162075049530459e-01 1.839090955952686346e-01 -5.938507514296725853e-03 -1.856875124967439228e-01 9.825909025791325080e-01 -1.285229452748379991e-02
9.999612011104241915e-01 -6.870994730465380083e-03 5.512323032238086729e-03 -2.572654960046696828e-03 5.724292007051164956e-03 9.824881003725393080e-01 1.862373891230680867e-01 1.811835336267082486e-01 -6.695427903863624894e-03 -1.861986091724988635e-01 9.824893125054394716e-01 -8.288573706821551410e-03
9.999571891403810087e-01 -7.381937358889935005e-03 5.579147542207282123e-03 -4.103707551106789385e-03 6.212845738231744658e-03 9.824574693281409310e-01 1.863832650995737306e-01 1.812899760878717847e-01 -6.857144763035713519e-03 -1.863406234887456658e-01 9.824612723173999917e-01 -1.215109707189751184e-02
9.999646499840912917e-01 -6.630259850508690711e-03 5.170922210643086846e-03 -5.333376599329138316e-03 5.538250390855046015e-03 9.821015354888429361e-01 1.882708202910509387e-01 1.795776240454328987e-01 -6.326655103764029960e-03 -1.882355270526043511e-01 9.821035382231479982e-01 -1.206772200110502354e-02
9.999655609514863652e-01 -6.363315547382553811e-03 5.327769347828589276e-03 -1.046799690653269985e-03 5.235737997721891940e-03 9.817854906976439811e-01 1.899206078949983445e-01 1.858579119145115643e-01 -6.439251400468346855e-03 -1.898861724055518063e-01 9.817849955925027627e-01 -1.079647988964783228e-02
9.999623953727582171e-01 -6.521069464388133848e-03 5.716947910925955327e-03 -1.486074022549534537e-02 5.296326300309816583e-03 9.812160946653762927e-01 1.928391155791480405e-01 1.813516002706959951e-01 -6.867078570706943060e-03 -1.928015851145109261e-01 9.812137341116030642e-01 -1.127601398983602357e-02
9.999687902206039203e-01 -6.397068708065616234e-03 4.636388323471896805e-03 -1.924390995813982791e-02 5.368701961122217432e-03 9.807366434488318241e-01 1.952608850639873384e-01 1.715286102864680140e-01 -5.796173219839214491e-03 -1.952298996277550824e-01 9.807403788298625358e-01 -1.472351577491212878e-02
9.999663128570180914e-01 -6.632212414441220234e-03 4.836001409214962625e-03 -1.542434651510997054e-02 5.546891694617024464e-03 9.802983629698488466e-01 1.974445531058344472e-01 1.911036681719759656e-01 -6.050218481045623910e-03 -1.974110769868910598e-01 9.803021276826892061e-01 -1.417161816574507779e-02
9.999658664924333529e-01 -6.741778528809100161e-03 4.776428823449416390e-03 -2.161030373485578818e-02 5.645886010560873490e-03 9.796308364480750264e-01 2.007275473152614897e-01 1.931092302589202669e-01 -6.032397632180989087e-03 -2.006937286073315896e-01 9.796354615245888020e-01 -1.395680691751421433e-02
9.999667783831096557e-01 -6.303502029835501147e-03 5.167977579740021428e-03 -2.203663197673794150e-02 5.120657602509078032e-03 9.790825480094675903e-01 2.033989750441394517e-01 1.989828145277646732e-01 -6.342002508884854624e-03 -2.033657543576313786e-01 9.790822993797451135e-01 -1.580359139587567477e-02
9.999611609739645912e-01 -7.000014150349008132e-03 5.355029924833932392e-03 -1.986502267052188755e-02 5.726483665520329044e-03 9.779037573841098396e-01 2.089771487002073380e-01 1.986119273994057244e-01 -6.699546882400490150e-03 -2.089383667398952427e-01 9.779058620213070263e-01 -1.825904885711127079e-02
9.999590805060304399e-01 -7.080469001043244309e-03 5.630654691902023216e-03 -2.163613525667868603e-02 5.714160742965324058e-03 9.768951351277830319e-01 2.136427937719271863e-01 1.978934417445792626e-01 -7.013250354701916663e-03 -2.136018771509181069e-01 9.768956200111997834e-01 -2.040994260631485632e-02
9.999608321037096736e-01 -6.780929732520116389e-03 5.687991773830721604e-03 -1.634222311905865477e-02 5.401356586666524774e-03 9.766546775431378391e-01 2.147474474356634855e-01 2.062920990473870730e-01 -7.011391123037955322e-03 -2.147083133580812153e-01 9.766530502534909175e-01 -2.136649345041048698e-02
9.999621088869550256e-01 -6.622328257920050143e-03 5.650270683582462108e-03 -1.872519208985405637e-02 5.264041282026957896e-03 9.769483037162026706e-01 2.134111096813267605e-01 2.056626592354518501e-01 -6.933300782060001707e-03 -2.133732800387117545e-01 9.769461462669203344e-01 -1.744325544359090485e-02
9.999626173243618688e-01 -6.510784050648517861e-03 5.689784254057514423e-03 -2.111080306098218895e-02 5.202841951289384655e-03 9.786481362665321315e-01 2.054768985012016547e-01 2.048364054630109066e-01 -6.906112469530394440e-03 -2.054396141767430573e-01 9.786454263610846471e-01 -1.893302195693420328e-02
9.999632939040141721e-01 -6.200554640834792831e-03 5.913033635973538420e-03 -2.261119962035618852e-02 4.915213277428128087e-03 9.804173049230134884e-01 1.968698780563754025e-01 1.929223998813368313e-01 -7.017942937323342310e-03 -1.968335879102973140e-01 9.804117946798108774e-01 -1.288476495906809918e-02
9.999661106378099351e-01 -5.700635907363895728e-03 5.939724416417655958e-03 -1.663077278658558686e-02 4.489959800953153592e-03 9.823636978954836119e-01 1.869262028665238107e-01 1.900400502664837676e-01 -6.900567866280234858e-03 -1.868931989328735666e-01 9.823560018423871387e-01 -1.346187946515919887e-02
9.999685850744914895e-01 -5.748602846553008475e-03 5.457328048789283383e-03 -2.034674085103705191e-02 4.698578471879941501e-03 9.843821772797232139e-01 1.759819661623746034e-01 1.789843107103101516e-01 -6.383746898419920095e-03 -1.759507960179327313e-01 9.843782632485302830e-01 -6.833446644467158423e-03
9.999764213045595485e-01 -4.879308459941163884e-03 4.832099324172113922e-03 -1.735553172144047376e-02 4.005841749856782139e-03 9.860073670677975688e-01 1.666536087815223832e-01 1.687301156611421826e-01 -5.577639895244436430e-03 -1.666303226816246708e-01 9.860036640379267192e-01 -3.308012452866235763e-03
9.999822616002257414e-01 -4.552948636557968901e-03 3.840200985712134522e-03 -1.189064709700019679e-02 3.875615763190660631e-03 9.869575197271901468e-01 1.609342532104623136e-01 1.690802344300803839e-01 -4.522840628842408027e-03 -1.609165153508674562e-01 9.869576581596497533e-01 -3.223550756319329153e-03
9.999810523545148433e-01 -5.125799060132816588e-03 3.408975792269470367e-03 -8.313205963553530961e-03 4.518479259044462688e-03 9.872637608733854098e-01 1.590278271602945936e-01 1.594271203365424106e-01 -4.180702948395487693e-03 -1.590094105709912997e-01 9.872682153663832061e-01 -2.344977663156602374e-03
9.999783333004130803e-01 -5.042931444341373221e-03 4.231048590563161148e-03 5.267196082345482026e-03 4.322302606008389392e-03 9.877824188677513106e-01 1.557793653728127281e-01 1.573419741256223969e-01 -4.964940071151570898e-03 -1.557577022757521967e-01 9.877828139585482781e-01 -5.447402634114749918e-03
9.999667739258001342e-01 -6.359743314548745724e-03 5.099481287418041950e-03 1.118348148925421212e-02 5.488688840609171060e-03 9.877997373183067253e-01 1.556327512083983677e-01 1.444701861793603603e-01 -6.027050625193602559e-03 -1.555995906770236692e-01 9.878018232630997320e-01 -6.850550139044066580e-03
9.999624144771872558e-01 -6.335283536672514301e-03 5.918937021458810406e-03 1.694538154006574107e-02 5.321082075291843488e-03 9.874353488474972851e-01 1.579339036811581998e-01 1.482699353080746685e-01 -6.845123702464210765e-03 -1.578964725031287986e-01 9.874319461373358697e-01 -9.113929913225080406e-03
9.999750962150777411e-01 -4.226273825855001581e-03 5.652040268336711026e-03 2.445832959024698758e-02 3.277870285872321477e-03 9.873740848264220826e-01 1.583719425263655500e-01 1.674083395123534823e-01 -6.250001282800036681e-03 -1.583494718107210097e-01 9.873633486519695079e-01 -8.704106975617152686e-03
9.999775840937090710e-01 -4.481001130869913945e-03 4.975132055946457701e-03 3.181037390439812873e-02 3.655811918080963813e-03 9.879093605842196313e-01 1.549894522517513140e-01 1.581257281046871965e-01 -5.609487439025125088e-03 -1.549677898756494088e-01 9.879035973979080065e-01 -1.308531819199707825e-02
9.999787697385358332e-01 -5.285111022017641505e-03 3.811518554249186327e-03 3.841393813257237833e-02 4.644058666414509901e-03 9.883585368464217202e-01 1.520718098856699563e-01 1.505907020304597110e-01 -4.570863300005639784e-03 -1.520508804456106866e-01 9.883620981019088925e-01 -8.437151896610055671e-03
9.999821625852713947e-01 -4.895134611789324700e-03 3.422304547575346755e-03 4.738951010757509741e-02 4.325502619422659165e-03 9.886425057418928297e-01 1.502241187941559808e-01 1.516739551347286163e-01 -4.118803026761590214e-03 -1.502066359969618237e-01 9.886460448330852691e-01 -3.494935644857295395e-03
9.999904164465304168e-01 -3.828024873583918061e-03 2.124438905192431622e-03 6.442413187393408736e-02 3.475805167050033742e-03 9.892212032742707661e-01 1.463876011520258147e-01 1.479666059129456646e-01 -2.661915388471367862e-03 -1.463788141028991574e-01 9.892250284886111578e-01 -1.051481804684477848e-02
9.999919800703648276e-01 -3.621344393460573883e-03 1.710456002050338370e-03 8.580326648248817745e-02 3.345485293794801026e-03 9.900989318608804934e-01 1.403314393002953187e-01 1.438456437472911131e-01 -2.201709131561449279e-03 -1.403245915466259930e-01 9.901031064915272184e-01 -9.204998226811242357e-03
9.999966236897456229e-01 -2.344333368371482283e-03 1.121030850242566747e-03 1.175170579380236946e-01 2.177276015928798769e-03 9.913798429231316378e-01 1.310010172283304353e-01 1.399676590421831401e-01 -1.418477444204442779e-03 -1.309981341346692918e-01 9.913815999780183352e-01 -6.891767745396485886e-03
9.999999839836508642e-01 -1.540073416103706380e-04 9.118353281352421498e-05 1.548799479480675312e-01 1.421003736879065580e-04 9.929359592894625441e-01 1.186514245906831883e-01 1.280106071316302607e-01 -1.088125991050933357e-04 -1.186514097331064638e-01 9.929359652707543393e-01 -8.543247241300623920e-03
9.999976644177754892e-01 5.700406132205606581e-04 -2.084757226482195427e-03 1.981081233756649407e-01 -3.456838520702625495e-04 9.943580311162465435e-01 1.060753810141455006e-01 9.833845827688660057e-02 2.133462366321110630e-03 -1.060744125994624726e-01 9.943559057651392141e-01 -1.330615898953352999e-02
9.999897254405151203e-01 3.976263410577137239e-03 -2.176773459229956048e-03 2.656687663528092824e-01 -3.751763783621570817e-03 9.954801647734310421e-01 9.489555211480940611e-02 7.942111488950179266e-02 2.544264513569300876e-03 -9.488641036498488002e-02 9.954848546543200172e-01 -1.662173978161279181e-02
9.999382247480526065e-01 1.108206147587920652e-02 8.570887689219653695e-04 3.483515052975861837e-01 -1.111430131000999862e-02 9.959282651624924432e-01 8.946151662485059275e-02 5.939847020756221924e-02 1.378190962392743246e-04 -8.946551605994872147e-02 9.959899108133695167e-01 -2.279114019342268899e-02
9.996782216543037558e-01 2.527600286646828481e-02 2.139352514892444400e-03 4.619769212184592355e-01 -2.536624406948380372e-02 9.958368801657245806e-01 8.755262282538271712e-02 4.716405943411887403e-02 8.253421149600082690e-05 -8.757871762529202686e-02 9.961575986796533666e-01 -2.663820561892116592e-02
9.992153393592758670e-01 3.910695638014131947e-02 6.273081524172548912e-03 5.846864665351173551e-01 -3.951656796612056100e-02 9.950432021838038210e-01 9.125495407911077272e-02 1.515629057465544063e-02 -2.673283618729125916e-03 -9.143124056078077988e-02 9.958078036469740768e-01 -2.817083332040896254e-02
9.984347274802389816e-01 5.500528148208046891e-02 1.012491829783997502e-02 6.946736425811020910e-01 -5.570810865446684107e-02 9.941403356087975540e-01 9.263692431082533318e-02 3.764361198585579327e-03 -4.970069577275156199e-03 -9.305596232754008434e-02 9.956484752580563313e-01 -2.648850592731713527e-02
9.974882890456765461e-01 7.023482413075964048e-02 9.175112863065989360e-03 8.084183613928236367e-01 -7.078614971505008124e-02 9.930887725088362039e-01 9.361629625984710379e-02 -3.006826317178880326e-02 -2.536577467228785972e-03 -9.403063009580553411e-02 9.955660733364403159e-01 -2.277080879805939290e-02
9.964400575413561167e-01 8.377945670851559556e-02 9.392250028869768980e-03 9.371720733810426918e-01 -8.428656300473340302e-02 9.923127225946669627e-01 9.061586987723800612e-02 -6.062986131567311976e-02 -1.728300849953057043e-03 -9.108492306844963304e-02 9.958416288576144026e-01 -1.441507580640683309e-02
9.955310611995068504e-01 9.427128193676594103e-02 5.552620010642534895e-03 1.043768363896237616e+00 -9.440635529705797280e-02 9.920710633460739780e-01 8.296050476531413587e-02 -9.425648962493082816e-02 2.312199496032514567e-03 -8.311396196421419469e-02 9.965373666150716403e-01 -4.112548175691856794e-02
9.954674251757483772e-01 9.507796342016254509e-02 2.187758176793935978e-03 1.163676045146308624e+00 -9.497286829280933429e-02 9.926372713758816468e-01 7.517580570689653963e-02 -1.225963995816158891e-01 4.975912198038549838e-03 -7.504284341173779460e-02 9.971678955674810885e-01 -3.632609018222449082e-02
9.950645587934872083e-01 9.922676127048229988e-02 7.574172518624079121e-04 1.275546323766182155e+00 -9.908606736859851272e-02 9.931852882759979462e-01 6.135906131573717198e-02 -1.426125348521641301e-01 5.336205257321358780e-03 -6.113127677297070656e-02 9.981154702305531368e-01 -4.109224111325991691e-02
9.944999777830838550e-01 1.047339776881094919e-01 -7.668813939456960160e-04 1.387750701232472350e+00 -1.045943063596088130e-01 9.935022728257254521e-01 4.486942129412927610e-02 -1.815171667994041338e-01 5.461251376570529399e-03 -4.454242705269154806e-02 9.989925660011977904e-01 -4.738889813385305239e-02
9.946182463626307424e-01 1.035571073747184601e-01 -3.235662946953739641e-03 1.510348071541966375e+00 -1.033543776887654586e-01 9.938852571002672054e-01 3.885831096823215425e-02 -2.066106633629435085e-01 7.239931981260341876e-03 -3.831476518154383615e-02 9.992394918907028245e-01 -3.829077964537304368e-02
9.936073453515226195e-01 1.127301474064966724e-01 -6.029687322712591613e-03 1.634433453189195307e+00 -1.125009325938788329e-01 9.931961235616935113e-01 3.008322302434946263e-02 -2.229222282030990376e-01 9.379948241204661211e-03 -2.921256592178701414e-02 9.995292104602333527e-01 -4.948349793395930007e-02
9.892978298310582952e-01 1.458819741619374055e-01 -2.872891605027475415e-03 1.921386179355595969e+00 -1.458094408222232186e-01 9.891544261008290428e-01 1.769543139485926092e-02 -2.704481752300251785e-01 5.423177912350037044e-03 -1.708715715838672600e-02 9.998392961879302154e-01 -6.691362475118492470e-02
9.779063732807977694e-01 2.090153058459416346e-01 -3.424473525141689609e-03 2.184853148532009737e+00 -2.089890944259591987e-01 9.778945730005635939e-01 6.764799114746216160e-03 -3.976913615468982144e-01 4.762720631575203395e-03 -5.899662547369590587e-03 9.999712548238638421e-01 -7.157928955416358041e-02
9.595380512758793223e-01 2.814316034174425551e-01 -9.109377123342542876e-03 2.425613947045675012e+00 -2.813972361415109091e-01 9.595789429246678326e-01 4.883419651828578914e-03 -5.973029145763962822e-01 1.011551509349355518e-02 -2.122473430798629563e-03 9.999465843038460866e-01 -6.084056429123028270e-02
9.485528941083076759e-01 3.163070394343107661e-01 -1.404506614633719945e-02 2.575127760585350423e+00 -3.162237492809289452e-01 9.486520843114641943e-01 7.858964450027179985e-03 -6.820239799527835212e-01 1.580972705222276342e-02 -3.013259998074188303e-03 9.998704780093861100e-01 -5.330533614815458066e-02
9.343225418359932810e-01 3.558314716868191674e-01 -2.062405329514863453e-02 2.690167026798186090e+00 -3.557957370551735332e-01 9.345475545750366875e-01 5.501066367953449596e-03 -7.922151179005301191e-01 2.123161111396212539e-02 2.198179931497826547e-03 9.997721673933988029e-01 -6.440932895216469611e-02
9.226704376267601537e-01 3.848581035226552038e-01 -2.373823250766674345e-02 2.825339096679535533e+00 -3.848978107900988266e-01 9.229541350836659719e-01 3.056105520340957754e-03 -8.977289594696578057e-01 2.308546682725206092e-02 6.317015506340737177e-03 9.997135372377732310e-01 -4.606859181217866361e-02
9.049793279068648610e-01 4.243277749436805690e-01 -3.095731694744294216e-02 2.970558815638921768e+00 -4.245462463853302282e-01 9.054060947133558690e-01 -5.369693065114160627e-04 -9.854323924205719010e-01 2.780109244914286126e-02 1.362875883031118562e-02 9.995205631658506951e-01 -6.723936697055868383e-02
8.845563748174387619e-01 4.651258317136431342e-01 -3.489957653786830705e-02 3.103679338054111891e+00 -4.653957563500706329e-01 8.851025917235506579e-01 4.382871196901240093e-04 -1.093821089173348193e+00 3.109356430479690361e-02 1.585442515341612194e-02 9.993907281248302077e-01 -7.888753578978296988e-02
8.563058448780737075e-01 5.149812567024881771e-01 -3.917403824951169039e-02 3.256767177551996628e+00 -5.154469902040882401e-01 8.569188393007460824e-01 -2.122060557217111260e-03 -1.198667057050757823e+00 3.247614997494014527e-02 2.200927296818086520e-02 9.992301494581802279e-01 -5.645591359406099824e-02
7.809227819873182375e-01 6.225609903816998747e-01 -5.076831519899489831e-02 3.465997509225272388e+00 -6.231584569320917089e-01 7.820796483317563608e-01 4.996120423971104479e-03 -1.487648098868041835e+00 4.281525577643938152e-02 2.773512069981653658e-02 9.986979608232734451e-01 -5.361050946695077035e-02
7.401565188452445820e-01 6.697925763662591070e-01 -5.955024983606850564e-02 3.534013935411037366e+00 -6.706413189620199500e-01 7.417456264763515605e-01 7.324404691652509208e-03 -1.709114928609124728e+00 4.907696926024893158e-02 3.451565221539149020e-02 9.981984376066588283e-01 -6.747098405809086319e-02
6.985112815798888430e-01 7.127883069211381484e-01 -6.336259955303626124e-02 3.597942030621096077e+00 -7.137682846773628631e-01 7.003173083429702350e-01 9.513328754547816304e-03 -1.911440202779317143e+00 5.115491466473415239e-02 3.858104653523933975e-02 9.979452277324089016e-01 -7.428758029099560845e-02
6.494746322790987403e-01 7.573262566558150999e-01 -6.811492498432375475e-02 3.678005340868710782e+00 -7.586657031626421466e-01 6.514199170600778466e-01 8.856777188967806386e-03 -2.124546034947345952e+00 5.107888869839720403e-02 4.592420535111982338e-02 9.976381681211905494e-01 -8.334449205568018881e-02
5.972525856745249939e-01 7.990106805994080519e-01 -6.979456420929193439e-02 3.698451933807974878e+00 -8.005922736056118039e-01 5.991530686040686948e-01 8.222641018881426955e-03 -2.352076071970051085e+00 4.838760531470203546e-02 5.096599523602954318e-02 9.975274968548534238e-01 -6.362955970409626960e-02
5.401901934032886654e-01 8.386949129769831757e-01 -6.917657043716508858e-02 3.733532237822016153e+00 -8.402590531946347863e-01 5.420796679851700439e-01 1.069378705340761834e-02 -2.567331967434692608e+00 4.646803713708327205e-02 5.234956068219044634e-02 9.975471141860960955e-01 -5.921445958178589430e-02
4.773355601253909120e-01 8.759169731343471321e-01 -7.014427428481170845e-02 3.742398909252313111e+00 -8.775027678668333442e-01 4.793546703276290177e-01 1.442194234965550950e-02 -2.801821610979812416e+00 4.625640956479501464e-02 5.466768890536369274e-02 9.974325984064890127e-01 -4.690016472974411349e-02
4.210823543587106643e-01 9.045294959106726651e-01 -6.720150203164600156e-02 3.749200999337876983e+00 -9.060917937912018605e-01 4.228495509490031168e-01 1.399708849969535235e-02 -2.971792484354224495e+00 4.107690436202653811e-02 5.499680254169828780e-02 9.976412379398830188e-01 -2.666017367615675787e-02
3.074808572163127973e-01 9.495513897431437922e-01 -6.170640714209314759e-02 3.744223146643688604e+00 -9.504989678327164793e-01 3.095466190278813867e-01 2.706663623999566379e-02 -3.355156951417625155e+00 4.480217176055287243e-02 5.032940378418890304e-02 9.977272756220839645e-01 9.521914536697696080e-03
2.582692301907838495e-01 9.642818256111704844e-01 -5.880106744480299158e-02 3.726784316855203727e+00 -9.647634225415349096e-01 2.606090487730877703e-01 3.625551300878564198e-02 -3.557013250743063626e+00 5.028462252621365008e-02 4.736543564219274083e-02 9.976111327786100214e-01 -4.138506629962901417e-04
2.092857182458308651e-01 9.758649410236823751e-01 -6.234665202856977395e-02 3.697191328028011537e+00 -9.764947988185552763e-01 2.119306571000133532e-01 3.928491391699584501e-02 -3.770248159490492856e+00 5.154993713513025821e-02 5.265941000430460206e-02 9.972810990484892724e-01 -1.130015465748124455e-02
1.625255331252171143e-01 9.844859847006413034e-01 -6.612712764344723382e-02 3.699003872633290335e+00 -9.853107876290994049e-01 1.654917033495996170e-01 4.213250412890272995e-02 -3.983698017787175250e+00 5.242235080657712404e-02 5.830816452656464172e-02 9.969212883098922395e-01 -2.389710500230901591e-03
1.181171641097474856e-01 9.900748018069960299e-01 -7.615919097199115584e-02 3.689201018800893461e+00 -9.916771150788672440e-01 1.215694808507926661e-01 4.239529165513244990e-02 -4.211198038881108552e+00 5.123314329148638546e-02 7.051771516793482741e-02 9.961939654886331486e-01 -5.107778607096918194e-03
6.569919451074335282e-02 9.937758092307349411e-01 -8.996253013581563540e-02 3.647021287403155121e+00 -9.967277392081559384e-01 6.961340047423070221e-02 4.108270155932663981e-02 -4.412134596307138779e+00 4.708959262552418756e-02 8.696904887494408265e-02 9.950974599526167808e-01 -5.291519797221880261e-03
1.568151407379048123e-02 9.948993197530745514e-01 -9.964654369933328981e-02 3.558371976557033634e+00 -9.988349707629055052e-01 2.013593301019145354e-02 4.385482166050963526e-02 -4.618520147055597214e+00 4.563760836656033382e-02 9.884274255947528287e-02 9.940559948744848162e-01 -1.649387703768380453e-02
-4.601022216201555715e-02 9.924705467526759861e-01 -1.135133176550071066e-01 3.420690889245484367e+00 -9.981151843514364241e-01 -4.105490482715801193e-02 4.561330460218145783e-02 -4.793958554605211475e+00 4.060958290478210858e-02 1.153980442558606156e-01 9.924888680273558084e-01 1.609045854282838833e-03
-1.180760335905657321e-01 9.858349613099528508e-01 -1.191112058142444752e-01 3.276984804114136285e+00 -9.920863609560910401e-01 -1.119579902522138681e-01 5.683362405817193180e-02 -4.949468780931105982e+00 4.269312235501172142e-02 1.248792916287120858e-01 9.912529746870326619e-01 -7.431933095679656848e-03
-2.081607674772685268e-01 9.704418382813153610e-01 -1.221136085637302693e-01 3.154967871617353925e+00 -9.770577673169096311e-01 -2.005659954700582670e-01 7.163379640086417477e-02 -5.186100332840107185e+00 4.502459560029854063e-02 1.342233957784036147e-01 9.899277073689490836e-01 5.661799434592372851e-03
-3.047023060601361522e-01 9.444596753938899747e-01 -1.230951917684153796e-01 3.006086986193370780e+00 -9.513022245091674600e-01 -2.954470376510032192e-01 8.794956274567965193e-02 -5.382717782052145239e+00 4.669670572475866782e-02 1.438991643412653454e-01 9.884899838523103499e-01 3.556362290135222509e-02
-3.877681232610792339e-01 9.152858686003312316e-01 -1.090305522462303167e-01 2.828482502324407122e+00 -9.201901845545407133e-01 -3.774975901427171099e-01 1.036609554553776652e-01 -5.549818694628849691e+00 5.372063692903403243e-02 1.405252581459242589e-01 9.886186044127230899e-01 4.210852617955901378e-02
-4.734662832898126616e-01 8.748913357412589908e-01 -1.019550353469920734e-01 2.623380638486507266e+00 -8.787893494352961854e-01 -4.613640746030751583e-01 1.219527366840808535e-01 -5.694790679898326324e+00 5.965700216084873775e-02 1.473375081590687641e-01 9.872855214084003128e-01 6.856154188417935835e-02
