1.000000000000000000e+00 0.000000000000000000e+00 0.000000000000000000e+00 0.000000000000000000e+00 0.000000000000000000e+00 1.000000000000000000e+00 0.000000000000000000e+00 0.000000000000000000e+00 0.000000000000000000e+00 0.000000000000000000e+00 1.000000000000000000e+00 0.000000000000000000e+00
9.987252274912644667e-01 -4.950230171000920276e-02 -9.871276408514437564e-03 5.124053168379244516e-01 4.953974589920999427e-02 9.987657176509822099e-01 3.585362096094099615e-03 5.612621133877096491e-02 9.681608790060651851e-03 -4.069812100038807876e-03 9.999448500195931011e-01 1.527448502007388263e-02
9.955430698334093442e-01 -9.183038574066153259e-02 -2.147501714534436404e-02 1.028388697058417289e+00 9.164887805123507480e-02 9.957480419566849816e-01 -9.290860637088322813e-03 1.268361427510001915e-01 2.223688958962943482e-02 7.281290692539446954e-03 9.997262142943084129e-01 2.742199046112302196e-03
9.909742008122831569e-01 -1.303933886922945540e-01 -3.110783679070127511e-02 1.557127913029939137e+00 1.297665839136977195e-01 9.913138033359845114e-01 -2.139104987872773173e-02 2.124277940072053228e-01 3.362687948391835518e-02 1.716122084483374943e-02 9.992871086305921136e-01 -2.936530180849663066e-02
9.868985281285133082e-01 -1.586738614124935387e-01 -2.922158247293819844e-02 2.064205865387390038e+00 1.579856264090095663e-01 9.871365274407135626e-01 -2.453605592678480968e-02 3.232794870060712311e-01 3.273892218639447294e-02 1.959800746857313924e-02 9.992717753831211747e-01 8.721673217255754285e-03
9.825616151199817461e-01 -1.831322247330776920e-01 -3.217546825030466462e-02 2.583189991676518193e+00 1.824388969120636361e-01 9.829404002662713857e-01 -2.332848940440741814e-02 4.371608346103188492e-01 3.589876580500032943e-02 1.705162129228922352e-02 9.992099483216638767e-01 3.533889303430072515e-02
9.770815673861404926e-01 -2.088728698624852387e-01 -4.103333900199163803e-02 3.103984878437554773e+00 2.081289319399728110e-01 9.778610447653041104e-01 -2.168236195699361005e-02 5.709947671249506751e-01 4.465376091405087039e-02 1.264521118515759060e-02 9.989224896208481752e-01 3.144400300427491884e-02
9.697450807279593965e-01 -2.392839680152994974e-01 -4.834936457469391630e-02 3.621857211634348594e+00 2.381621228961298686e-01 9.708260156357820803e-01 -2.785050416708668986e-02 7.145582792483543555e-01 5.360300011689906469e-02 1.549290210403781592e-02 9.984421307030579840e-01 3.286000402894932726e-02
9.595751202941459335e-01 -2.767340887034872021e-01 -5.132087939548519995e-02 4.119770082081619655e+00 2.751531561630818357e-01 9.607334242362522980e-01 -3.580542149982203493e-02 8.909708500811364118e-01 5.921426488583772518e-02 2.023688970014170252e-02 9.980401490567872846e-01 4.925609468772691041e-02
9.485122954684259700e-01 -3.117233796462338113e-01 -5.615122373686452090e-02 4.605055617656347522e+00 3.087180586807364846e-01 9.494916424212895834e-01 -5.620303565217289743e-02 1.085706044490196476e+00 7.083491786975389115e-02 3.597437357414379200e-02 9.968391338908867416e-01 4.011902449408055044e-02
9.382241652398061182e-01 -3.420701693308638713e-01 -5.218634892405502740e-02 5.090891730245941993e+00 3.374551928014701829e-01 9.378767261720974968e-01 -8.069225090447722237e-02 1.275989244318188165e+00 7.654677401035056561e-02 5.809686530840234286e-02 9.953719634538364947e-01 9.280909858823524483e-02
9.281845129826785668e-01 -3.688475683359407342e-01 -4.924409803998122670e-02 5.565152841722841082e+00 3.616935147729840039e-01 9.253492187577523342e-01 -1.136073268569539330e-01 1.512215991874236165e+00 8.747177390606064584e-02 8.763729044807955226e-02 9.923045873584611654e-01 5.175429657931369942e-02
9.223399180705125211e-01 -3.849748894274546140e-01 -3.291519472826172354e-02 6.020850526910351164e+00 3.770713582072281467e-01 9.154343034124641232e-01 -1.407026188650831178e-01 1.699465200731720582e+00 8.429867349749053940e-02 1.173642647744862627e-01 9.895046048404766426e-01 1.108040424448230310e-01
9.181600752100198548e-01 -3.956838067576948781e-01 -2.040591483050711863e-02 6.495065277476093080e+00 3.870702872105595826e-01 9.067887029694013945e-01 -1.670653791957078804e-01 1.907893360063302124e+00 8.460891825963511026e-02 1.454942378130830438e-01 9.857346284442504158e-01 1.560266987374088754e-01
9.179066283620076483e-01 -3.965303561105508190e-01 -1.452922200019216015e-02 6.961129312417913440e+00 3.873304207661098508e-01 9.033583691412246930e-01 -1.841705786808936207e-01 2.118917843032068316e+00 8.615431944040534418e-02 1.634237852497202603e-01 9.827869044998585046e-01 2.178528880792353628e-01
9.220329410215190036e-01 -3.869518838893708512e-01 -1.111284057633204342e-02 7.453555188512225094e+00 3.773710248651300780e-01 9.048617345213634255e-01 -1.970186564547405927e-01 2.287319568070734555e+00 8.629232447587381616e-02 1.774640272096195126e-01 9.803367552953903274e-01 3.024404113505100300e-01
9.283397740949175247e-01 -3.714044702364336925e-01 -1.561996548624654951e-02 7.945096830099006802e+00 3.612561824609479832e-01 9.112849457823334332e-01 -1.976201361810882851e-01 2.468156041977594306e+00 8.763124138764505355e-02 1.778158234772251600e-01 9.801542217702153836e-01 3.329583308253115659e-01
9.407537228857888456e-01 -3.386352173781169150e-01 -1.756765288261204899e-02 8.966321674356596105e+00 3.298941988900261912e-01 9.259945723165494691e-01 -1.835861366743103962e-01 2.746750238994370097e+00 7.843628251795370376e-02 1.669138747724893679e-01 9.828466350317314193e-01 3.771660691799542664e-01
9.426517649433263646e-01 -3.333732744198474873e-01 -1.642893641782198350e-02 9.445474739225248939e+00 3.252914687605409916e-01 9.285997169314557098e-01 -1.785721872701071800e-01 2.915474011522261044e+00 7.478710049762421486e-02 1.629871946424298612e-01 9.837896441728530839e-01 3.814125554179315092e-01
9.414970642833846437e-01 -3.363895238305250612e-01 -2.062440793916031287e-02 9.971836201658822674e+00 3.276553617723959033e-01 9.279439657586995294e-01 -1.776568611504148743e-01 3.030690686337135897e+00 7.890020182210337463e-02 1.605057153782694368e-01 9.838763507084319349e-01 4.510655914574426828e-01
9.358629183125661832e-01 -3.507269628360512592e-01 -3.392927448806348084e-02 1.046002828969176868e+01 3.384732839184067532e-01 9.215616314036774170e-01 -1.901578176096955786e-01 3.239977520173293879e+00 9.796139137934323227e-02 1.664774971712145168e-01 9.811670646401822182e-01 4.376115331047302770e-01
9.350076369738592463e-01 -3.532947664803298693e-01 -3.071688099675843470e-02 1.093532633502302431e+01 3.384619404152365840e-01 9.148853146526371161e-01 -2.200644812851408338e-01 3.448605209064475652e+00 1.058500528621156844e-01 1.953654754826308348e-01 9.750015883569281838e-01 3.890037991005153017e-01
9.335667246682668452e-01 -3.578745016906343390e-01 -1.946822107550442993e-02 1.138859208769442688e+01 3.454895496922925635e-01 9.130495352993519553e-01 -2.167429748412955937e-01 3.622937604326803118e+00 9.534223432236871298e-02 1.956179621847588812e-01 9.760345645647497959e-01 4.284600454572068395e-01
9.394403961742276987e-01 -3.426966617467082643e-01 3.277203636080673610e-03 1.184905703586758641e+01 3.356147145904600504e-01 9.180063358599193091e-01 -2.112513447801200039e-01 3.765755942107743781e+00 6.938663694382479763e-02 1.995579247955523161e-01 9.774262781739185835e-01 5.010200622548685034e-01
9.412028335445118410e-01 -3.378360954416241846e-01 1.999686110282623830e-03 1.236182404087520403e+01 3.310794435463255692e-01 9.211682968786945036e-01 -2.045369670418056285e-01 3.876235888597246326e+00 6.725792287037474226e-02 1.931728279090075828e-01 9.788567976822757366e-01 5.354377515985182523e-01
9.415844620587238145e-01 -3.367304589487027933e-01 -5.594535349757775999e-03 1.283531096555326378e+01 3.287691947399566939e-01 9.226700384718612424e-01 -2.014716275220273523e-01 4.064990658263545775e+00 7.300354374702756888e-02 1.878632431385395818e-01 9.794783736652105111e-01 5.050355965509849554e-01
9.426455134464766239e-01 -3.337951994070283424e-01 4.481428908977014292e-04 1.332522956507712308e+01 3.269415225905454858e-01 9.230182336168559765e-01 -2.028462008936697258e-01 4.196848259566755779e+00 6.729544401669625142e-02 1.913585777111686537e-01 9.792105074757696537e-01 5.744613211975861944e-01
9.408059511580468826e-01 -3.389098281927635514e-01 -4.928551506693273909e-03 1.379226219965657130e+01 3.306105504810637474e-01 9.207781517410000838e-01 -2.070368546588648440e-01 4.379420548762806398e+00 7.470492738909938202e-02 1.931520738454015063e-01 9.783207297164923100e-01 5.342474010450367627e-01
9.437349911986728790e-01 -3.307025811704524254e-01 -2.630483628148772013e-04 1.426552917938458265e+01 3.220924103697986873e-01 9.193436554798870564e-01 -2.259728353387903121e-01 4.553553781516630039e+00 7.497163176438180476e-02 2.131737458883695702e-01 9.741335680975719002e-01 5.428164523408260944e-01
9.456966061377019006e-01 -3.249739928457439087e-01 7.059257292861248478e-03 1.476574074745355425e+01 3.176835394204114982e-01 9.194473627888611889e-01 -2.317190450565686510e-01 4.669606910597646987e+00 6.881204778926663934e-02 2.213785243299417060e-01 9.727571387785057810e-01 5.869515303190724342e-01
9.519282276716694025e-01 -3.062622414426759421e-01 6.007397804582578771e-03 1.523559488879190837e+01 2.982861735801120573e-01 9.223179981708700126e-01 -2.456722794720933578e-01 4.811577320034143845e+00 6.969941185411611395e-02 2.356543012902313494e-01 9.693343294604824800e-01 5.727343139367792046e-01
9.583396535761733448e-01 -2.854835645667304078e-01 9.178384703939907602e-03 1.573681998699039220e+01 2.784764719048966608e-01 9.267051929847555103e-01 -2.523258605265985555e-01 4.932226561635465245e+00 6.352922932714802351e-02 2.443698419555093426e-01 9.675987894596282946e-01 6.340837706583275502e-01
9.628641810259463973e-01 -2.698831801288150145e-01 7.459087128537059130e-03 1.624003197908316309e+01 2.626282422123225602e-01 9.298594749346841271e-01 -2.576582295729349381e-01 5.039195396492374357e+00 6.260171954267045036e-02 2.500488471434155757e-01 9.662073270021034332e-01 6.014942027722824935e-01
9.685654692517108311e-01 -2.485605777864333121e-01 9.928290068669878149e-03 1.724138817867805429e+01 2.417669862271994430e-01 9.311962258372376011e-01 -2.728045332414796853e-01 5.228561949496192796e+00 5.856326616429770315e-02 2.666293835213194852e-01 9.620182512297834609e-01 6.418054790892451233e-01
9.739754212610962636e-01 -2.263988010128033801e-01 1.074530963887090906e-02 1.774606180187864979e+01 2.201173998588323022e-01 9.335211041617035299e-01 -2.829958981400626516e-01 5.322233445822584841e+00 5.403895871181343957e-02 2.779962787245161548e-01 9.590609260921143520e-01 6.152943040391939400e-01
9.796999238526421516e-01 -2.001918858677907143e-01 1.054836650030039485e-02 1.824167860990807100e+01 1.947689928953283134e-01 9.380634848438256235e-01 -2.865343571182997207e-01 5.370195732090100371e+00 4.746681587874578695e-02 2.827721825699183733e-01 9.580118966667261482e-01 6.379178258712395744e-01
9.850041701651701676e-01 -1.723299154020808688e-01 8.317752986007054955e-03 1.872264959461600853e+01 1.676777852717331041e-01 9.448321453244477031e-01 -2.813829729887158959e-01 5.419688988496618620e+00 4.063182353268351976e-02 2.785581042064895763e-01 9.595595018013710620e-01 6.308607531175859373e-01
9.908339175096971818e-01 -1.347899617708653575e-01 8.933874758200087418e-03 1.918939694113678485e+01 1.319423448215646111e-01 9.514751295525427643e-01 -2.780041285412129248e-01 5.449415018320578952e+00 2.897180621524821781e-02 2.766346761502985752e-01 9.605383336420496576e-01 6.192178657976197265e-01
9.932175722629725811e-01 -1.156442019969197155e-01 1.205291220172021935e-02 1.963414913065193446e+01 1.147170046643956609e-01 9.577773167454036729e-01 -2.636334962951478178e-01 5.492309135288276245e+00 1.894367939117873670e-02 2.632280951427304339e-01 9.645476177663049322e-01 6.173661023069779707e-01
9.958369179961409356e-01 -9.101258184035088128e-02 5.053978897926016296e-03 2.008497940427659501e+01 8.925463163428010160e-02 9.623435354823116628e-01 -2.567655164683018687e-01 5.516308789248674849e+00 1.850522866046816137e-02 2.561476715923029501e-01 9.664605148944603874e-01 5.944883743502734630e-01
9.981951201777764515e-01 -5.980705806023562526e-02 5.442229272452971459e-03 2.095300224382375376e+01 5.930139762317981206e-02 9.673238508843132744e-01 -2.465114840129775109e-01 5.559877021869725766e+00 9.478728459654448685e-03 2.463892922115783479e-01 9.691245897149992627e-01 5.519811542755799216e-01
9.993507740662151972e-01 -3.506366555686759451e-02 8.280684209206932989e-03 2.179149856585198108e+01 3.602178873519559094e-02 9.680920935887061818e-01 -2.479921955775076237e-01 5.531212738891390757e+00 6.790504940049463777e-04 2.481294776699293769e-01 9.687266390482274225e-01 5.752307551830616594e-01
9.998981162757587526e-01 -1.386660261134859545e-02 -3.387388405257887869e-03 2.219975988446960002e+01 1.255490584664066545e-02 9.672465962348654189e-01 -2.535279006564153947e-01 5.488521657816987087e+00 6.792010554403118266e-03 2.534595419472034372e-01 9.673221434395796736e-01 5.503258491916043216e-01
9.998342053048924205e-01 1.079228671836206591e-02 -1.466589409899101901e-02 2.258205007350055027e+01 -1.414215662406705445e-02 9.675990172909397780e-01 -2.520955000463673823e-01 5.453538627739177080e+00 1.147001780096744764e-02 2.522611113211791212e-01 9.675912207159845790e-01 5.075143204460732527e-01
9.991198828971551427e-01 4.147436192615241990e-02 -6.271913774397814591e-03 2.296687729213803664e+01 -4.173237584534893185e-02 9.677905094802979891e-01 -2.482739184170736635e-01 5.366116446232231496e+00 -4.227103722112789987e-03 2.483171501581872553e-01 9.686695641607816487e-01 5.146757139151567628e-01
9.942703976182333259e-01 1.067131205748958062e-01 -6.219832573942157480e-03 2.370272912127629183e+01 -1.053368078522081003e-01 9.682276784674930248e-01 -2.268023799719832145e-01 5.235569878424319867e+00 -1.818057566709906092e-02 2.261580698242196541e-01 9.739209383321606461e-01 4.955406052355499358e-01
9.910596383563591294e-01 1.326368637995214705e-01 -1.443106310671035501e-02 2.407409040111998877e+01 -1.326206937457843626e-01 9.675264994721780587e-01 -2.151841639375453308e-01 5.195102540708165684e+00 -1.457891667270053322e-02 2.151741972926602686e-01 9.764668555604484323e-01 4.523528901615025966e-01
9.892782285033425715e-01 1.421198088330737630e-01 -3.362360103467192801e-02 2.446118619874981448e+01 -1.459868183593148461e-01 9.687224129756371038e-01 -2.006607471928272268e-01 5.093412127131216494e+00 4.054068895891169491e-03 2.034179110499119147e-01 9.790836113373961869e-01 5.520628893259406089e-01
9.891633450011289019e-01 1.468051395532887771e-01 -2.031725108643311212e-03 2.515083978853695257e+01 -1.442028910997926738e-01 9.688427037886462312e-01 -2.013686706366381585e-01 4.997934079811581221e+00 -2.759353374685864085e-02 1.994794884599540019e-01 9.795134152114078896e-01 4.950519571016286924e-01
9.879585523588634288e-01 1.546824671408900675e-01 3.351593678587148212e-03 2.547677433184200879e+01 -1.507312056851160542e-01 9.671564380812696093e-01 -2.046668705742638594e-01 4.978073118738199021e+00 -3.489989188651040908e-02 2.016971954122285249e-01 9.788259492418206476e-01 2.744870168433357627e-01
9.875202020484749044e-01 1.571399100855234987e-01 1.053086912144332934e-02 2.583284036909336834e+01 -1.518277438627518572e-01 9.676427254765476160e-01 -2.015338483378546486e-01 4.867988797701073622e+00 -4.185912970531023569e-02 1.974198685305822432e-01 9.794249377924179045e-01 4.089643766120712454e-01
9.853394039330226617e-01 1.699034249476573388e-01 -1.546238170436433322e-02 2.617041056796943366e+01 -1.694312298870151168e-01 9.639139386055924907e-01 -2.053362542290756154e-01 4.831492387040690062e+00 -1.998292761056594952e-02 2.049457126970698762e-01 9.785693319592644324e-01 2.593147741200381162e-01
9.827162050002583582e-01 1.834473564079159846e-01 -2.481789388399710528e-02 2.653201504755056206e+01 -1.845000680061204545e-01 9.596420316701964603e-01 -2.122425404051565268e-01 4.741144431104517665e+00 -1.511903884601192849e-02 2.131530869559355723e-01 9.769018252544766634e-01 2.739089328641027832e-01
9.813391139036299338e-01 1.919605412320700699e-01 -1.116665270925468363e-02 2.687229309123243937e+01 -1.895722722370337121e-01 9.561408750424891245e-01 -2.232867677939539275e-01 4.642035711620153826e+00 -3.218535570296458814e-02 2.212369265806995722e-01 9.746888350624520747e-01 2.748514960077850233e-01
9.716309576485440136e-01 2.356753958256688208e-01 -1.975828791640766441e-02 2.752542300611986192e+01 -2.336233306046502367e-01 9.434527148510640782e-01 -2.351959060811794067e-01 4.355978918254869825e+00 -3.678887788671500458e-02 2.331396204907501546e-01 9.717471357412201804e-01 2.193421754705476845e-01
9.593249178873487493e-01 2.810316864219555288e-01 -2.677486035935834965e-02 2.784595051648214081e+01 -2.795157014079235891e-01 9.322691769772670778e-01 -2.296631322710844803e-01 4.181178475347795853e+00 -3.958124034019126769e-02 2.278055593811547097e-01 9.729018206007075120e-01 1.422638605789931510e-01
9.451917226089601165e-01 3.260792886568540938e-01 -1.687912973309151077e-02 2.813742645166511380e+01 -3.217134225425765104e-01 9.212109449688922203e-01 -2.187941238366841179e-01 4.045993131251394814e+00 -5.579499321129181844e-02 2.122326374018866368e-01 9.756250439354204884e-01 1.321008036828956733e-01
9.310100496572648598e-01 3.645650471673538284e-01 -1.768088858180628595e-02 2.844072612448926307e+01 -3.604587255786430022e-01 9.107510746306326510e-01 -2.014993479229358064e-01 3.904490461862180517e+00 -5.735673100341155684e-02 1.939711484809348574e-01 9.793290555097349248e-01 9.386901872649450196e-02
9.189845481177250086e-01 3.941855352618933717e-01 -9.228440342509386385e-03 2.874936605868181516e+01 -3.887671716314465842e-01 9.019510779277762902e-01 -1.880009023558337766e-01 3.772751420486126772e+00 -6.578363461033477633e-02 1.763576389477273798e-01 9.821254994155467211e-01 8.423246960878524869e-02
9.138004269260883161e-01 4.061578789025655500e-01 -2.134749415650467191e-03 2.905405451646269910e+01 -4.010243815531772671e-01 9.013923826708130083e-01 -1.633132507267130717e-01 3.639968390537192011e+00 -6.440671664966635124e-02 1.500918048009399486e-01 9.865719563123644953e-01 3.247300753938858753e-02
9.072707668442250295e-01 4.204260303205701876e-01 1.008507108447613543e-02 2.936797904523979241e+01 -4.142338490645053883e-01 8.975336962054141221e-01 -1.511409357687455712e-01 3.498560133584398102e+00 -7.259527477113417171e-02 1.329481748830518562e-01 9.884607776114179289e-01 1.037106620887759401e-02
9.077361359206309599e-01 4.192362100916188217e-01 1.600336501795524696e-02 2.968656763657420683e+01 -4.132652086301291661e-01 9.000790126702545857e-01 -1.380928610987384730e-01 3.357281393496551747e+00 -7.229782071250631659e-02 1.187382461490639057e-01 9.902899848133710492e-01 -3.117244779945943511e-02
9.110624710111127067e-01 4.117316231765141832e-01 2.102960749891288547e-02 3.002748670668884046e+01 -4.059474529144853627e-01 9.048242737415916892e-01 -1.284511546084454170e-01 3.235753722183089653e+00 -7.191550171810719150e-02 1.084901107218257249e-01 9.914928423787026102e-01 -7.798145987649715560e-02
9.134508939051410037e-01 4.066204460779540009e-01 1.634861631039637511e-02 3.036043515035864715e+01 -4.013250440008595543e-01 9.067558200049243844e-01 -1.293525877008474823e-01 3.101251326146667875e+00 -6.742160990073560456e-02 1.115961277041592759e-01 9.914638827510712238e-01 -1.321904443866220302e-01
9.240535496907926749e-01 3.820658380539138643e-01 1.227732446448228515e-02 3.069752091452796705e+01 -3.774022460524529277e-01 9.169383320145133576e-01 -1.295825603891431199e-01 3.004617195727486312e+00 -6.076661894831322103e-02 1.151077350771988750e-01 9.914926259670254760e-01 -1.566618780051887982e-01
9.309878239609192807e-01 3.650432449306886817e-01 2.258532042219447283e-03 3.102067916912874779e+01 -3.612111651468666307e-01 9.220743313856428758e-01 -1.389439511924243920e-01 2.893669621055037222e+00 -5.280308522951636385e-02 1.285393197826757150e-01 9.902976711373462360e-01 -2.265804588456870883e-01
9.358985179770572538e-01 3.522694078386119365e-01 -4.778591648811197912e-04 3.135070603056102811e+01 -3.483806258237631681e-01 9.253642051533339519e-01 -1.494390423269022772e-01 2.764845608354417283e+00 -5.220060918218166757e-02 1.400262551165754876e-01 9.887708249534048477e-01 -2.322414571158207264e-01
9.350022199271994516e-01 3.546393407118201280e-01 -1.336693941992688622e-03 3.167366225229849874e+01 -3.505606753882988258e-01 9.236655722415029190e-01 -1.547550436240342220e-01 2.608857180144115606e+00 -5.364756846781401634e-02 1.451649016644949997e-01 9.879519673153288606e-01 -2.713878130804238120e-01
9.284785103816360907e-01 3.713788121080454085e-01 2.331024820804824399e-03 3.199266189310207409e+01 -3.661621819037574332e-01 9.164494642552946102e-01 -1.613866041828229125e-01 2.457411067451544362e+00 -6.207183179976046017e-02 1.489904607127604530e-01 9.868885095661118489e-01 -2.734807735475641710e-01
9.280411129044051632e-01 3.724593884714178516e-01 3.700905112337386782e-03 3.230632940707471334e+01 -3.672793077134131612e-01 9.166979887370907409e-01 -1.573871264459982544e-01 2.331947836401207397e+00 -6.201292514233672920e-02 1.447024581161982792e-01 9.875300480139431736e-01 -3.275895822894103748e-01
9.266624742336428966e-01 3.758836108825839850e-01 2.858306675858179879e-03 3.262882038604288226e+01 -3.708291973924526252e-01 9.153931238349408694e-01 -1.566561048825672875e-01 2.189369836625421062e+00 -6.150093664695226170e-02 1.441073901837749138e-01 9.876490747659154579e-01 -3.634485609622423175e-01
9.263084082059644953e-01 3.767599401852061436e-01 2.163413638725165955e-03 3.294141309445144827e+01 -3.718861087926425557e-01 9.152165636060685117e-01 -1.551752679655037936e-01 2.043561100823227061e+00 -6.044381667299906363e-02 1.429356119822453586e-01 9.878845863020953022e-01 -3.803351239656505567e-01
9.283281976721564632e-01 3.717438071378322828e-01 3.646815245635155744e-03 3.327232096522011062e+01 -3.668580887399988111e-01 9.176273076747890611e-01 -1.528897214843210062e-01 1.924217850448686429e+00 -6.018222439226387360e-02 1.405939759171360715e-01 9.882365272560060809e-01 -4.215500223507058219e-01
9.282727154765108013e-01 3.718794166410547275e-01 3.932579379192915198e-03 3.359317359825016069e+01 -3.669149827119744245e-01 9.175038348074456840e-01 -1.534930245161091611e-01 1.773049983911973548e+00 -6.068905307661595638e-02 1.410404643793412849e-01 9.881419059246113745e-01 -4.724313235425722235e-01
9.257293031806190786e-01 3.779657739800282301e-01 1.292791291755060815e-02 3.425570262271894961e+01 -3.721261917025761590e-01 9.164570185799234547e-01 -1.470667554022164203e-01 1.488241269098480313e+00 -6.743407656120953275e-02 1.313331899988576801e-01 9.890420812700847497e-01 -5.388097035899037657e-01
9.161372469036985766e-01 4.000665287617949928e-01 2.528472661903993779e-02 3.489101709035428911e+01 -3.938562610051802859e-01 9.100707621720789398e-01 -1.290288863260882213e-01 1.184662557980128206e+00 -7.463102908798067980e-02 1.082496208031195201e-01 9.913184297153210256e-01 -5.945051607028696283e-01
9.153491192358229611e-01 4.015605940440161725e-01 2.975028109480592695e-02 3.521305988792176578e+01 -3.959809557256038226e-01 9.111054829687971202e-01 -1.143935383089115937e-01 1.032606975409906314e+00 -7.304158142346407756e-02 9.292947979630498956e-02 9.929899491777082199e-01 -6.616096413454908287e-01
9.195512692553188261e-01 3.917181413244685828e-01 3.134263818244842348e-02 3.556449643427580298e+01 -3.863465002892504385e-01 9.157540962614593161e-01 -1.101399877183858456e-01 9.155702822616393899e-01 -7.184598057776385438e-02 8.917024693058575591e-02 9.934217745435006686e-01 -7.092138975998502071e-01
9.288829203779881416e-01 3.689730259352674291e-01 3.217804161586942935e-02 3.589042480021588233e+01 -3.636742386047892572e-01 9.250822663386717437e-01 -1.093793795965836285e-01 7.887813262248859481e-01 -7.012537632902231255e-02 8.989831276436259511e-02 9.934791014192667635e-01 -7.454248321253049703e-01
9.358705988139980336e-01 3.515616358927113883e-01 2.346568652243927536e-02 3.624129350152999507e+01 -3.466114644739161088e-01 9.305650213503771084e-01 -1.179374144808143093e-01 6.804075361860730808e-01 -6.329861744758678854e-02 1.022406827423058689e-01 9.927437372361566092e-01 -7.928287951988274296e-01
9.438155425523502284e-01 3.299632758917155906e-01 1.834279693558895849e-02 3.659952955811576913e+01 -3.251941106129737635e-01 9.371892167064576062e-01 -1.261949385346871622e-01 5.749514577159748896e-01 -5.883036681212930330e-02 1.131397748448530333e-01 9.918358630785671926e-01 -8.208929406095417658e-01
9.518827579156902141e-01 3.061841173208326716e-01 1.305762165488306634e-02 3.693805512385453227e+01 -3.014445982159469906e-01 9.431256316920869631e-01 -1.401613250930090204e-01 4.880971157384422776e-01 -5.523014927777908367e-02 1.294809991692389695e-01 9.900425755819239892e-01 -8.535436129028488583e-01
9.568559278824760872e-01 2.905163228343008996e-01 5.196098825272305044e-03 3.730952854362118387e+01 -2.859608529099069707e-01 9.447207756970259496e-01 -1.604027635966671084e-01 4.090316401052871420e-01 -5.150848356537303385e-02 1.519964543443233507e-01 9.870379698813768199e-01 -8.977826290635926298e-01
9.595388392566912561e-01 2.815320491869744979e-01 4.992117637292906723e-03 3.765718977172310389e+01 -2.763434140333177469e-01 9.449606104452632493e-01 -1.751678116188183087e-01 2.845311641083053122e-01 -5.403270748659472211e-02 1.667007798047102363e-01 9.845259349220667477e-01 -9.260939070418690022e-01
9.553084736703777446e-01 2.955784263240320286e-01 4.371958986754777288e-03 3.801401572663758799e+01 -2.896044126260966523e-01 9.387619357524601416e-01 -1.866957743758206889e-01 1.294484507898523429e-01 -5.928747187278791270e-02 1.770859166452899980e-01 9.824080485240492822e-01 -9.648352021783541677e-01
9.492903923627440399e-01 3.143008891322200404e-01 7.918463138982274191e-03 3.836120705302269585e+01 -3.072164853033870213e-01 9.326579260448112363e-01 -1.891222465592698188e-01 -2.472345935842829023e-02 -6.682650765692693673e-02 1.770992492262103146e-01 9.819216230422320724e-01 -9.827381209069602219e-01
9.445478233204286367e-01 3.283158641886494422e-01 6.172745151113025186e-03 3.870689068495868668e+01 -3.215490619749665768e-01 9.285657640101899757e-01 -1.853963933068580594e-01 -1.651211564077107175e-01 -6.660037690328329818e-02 1.731309193362999543e-01 9.826444293670565377e-01 -1.039029122285485052e+00
9.402734859479923157e-01 3.403227267937171674e-01 8.137152505613327175e-03 3.905519504549518928e+01 -3.333111792727250777e-01 9.252346127665909137e-01 -1.812307068641568764e-01 -2.932698526355728141e-01 -6.920570348631653601e-02 1.676942246064115349e-01 9.834069440667064788e-01 -1.072237756371440476e+00
9.394194150464346693e-01 3.426611165834052009e-01 8.632601903740218241e-03 3.939859024818477451e+01 -3.357398824661511072e-01 9.249352259954397582e-01 -1.782513927978679469e-01 -4.248673508537708643e-01 -6.906441888142919594e-02 1.645545104048465324e-01 9.839471119679105149e-01 -1.111861671283462805e+00
9.347879171288160371e-01 3.551597771421207694e-01 5.751755412829642755e-03 4.009929541651097651e+01 -3.485488987812253026e-01 9.202677581115259464e-01 -1.778227165993739312e-01 -7.102630267488844185e-01 -6.844863145721070963e-02 1.642217588529157890e-01 9.840457300201499447e-01 -1.212028318299193108e+00
9.310315275373546307e-01 3.648793537354485528e-01 6.584219700275159570e-03 4.044373047563112777e+01 -3.580136168162326715e-01 9.167135611849696053e-01 -1.773767090509088262e-01 -8.582528632671699853e-01 -7.075694245527977544e-02 1.627860680684083683e-01 9.841210043166479515e-01 -1.243550727042259663e+00
9.274199117898883626e-01 3.739597928588846987e-01 6.810326025659625693e-03 4.079158984359445839e+01 -3.671733417883327188e-01 9.137560795328876218e-01 -1.738780152770195431e-01 -1.018910723469360180e+00 -7.124636338525575097e-02 1.587573634249048460e-01 9.847436495163341963e-01 -1.285783218551542539e+00
9.249611736635602321e-01 3.799962379018226866e-01 7.048857736579400290e-03 4.114455396646471996e+01 -3.732340175651313041e-01 9.116882014282077229e-01 -1.718167381508302893e-01 -1.173036936706048916e+00 -7.171607453786343900e-02 1.562929382827679958e-01 9.851037113399880862e-01 -1.335916514468107774e+00
9.212706918256279298e-01 3.888987038093916770e-01 4.255650185799389473e-03 4.148431333346900374e+01 -3.824297763117129878e-01 9.078288016671888228e-01 -1.720300353243270075e-01 -1.344076990572621311e+00 -7.076565956240363220e-02 1.568587423094137956e-01 9.850825124769025942e-01 -1.382135333408317512e+00
9.166162632776616581e-01 3.997022956064258392e-01 7.259530415244415391e-03 4.183970850371117933e+01 -3.927885070845405502e-01 9.038427134357466253e-01 -1.696630132686691161e-01 -1.502146462221583434e+00 -7.437616955177436817e-02 1.526644171248171533e-01 9.854753985497280988e-01 -1.426820813263779408e+00
9.121099867149859985e-01 4.098655578830959212e-01 8.099172548272241812e-03 4.217887265043886913e+01 -4.028523486332660775e-01 8.998122721324184337e-01 -1.674749537111622777e-01 -1.668851356336374270e+00 -7.592995018732454082e-02 1.494928071215235743e-01 9.858430621977706254e-01 -1.460513244626626461e+00
9.088273777843671741e-01 4.170345770210638903e-01 1.072189155203104316e-02 4.251361186254708002e+01 -4.100028837068466214e-01 8.976576917764366170e-01 -1.615806416210494034e-01 -1.832886142178151712e+00 -7.700930295529989644e-02 1.424529043700490938e-01 9.868012653492477249e-01 -1.503738754378826092e+00
9.081660135702357417e-01 4.183598996761056510e-01 1.447363599602031342e-02 4.284033026845908410e+01 -4.112773847174994168e-01 8.981673728724647310e-01 -1.553907433771680724e-01 -2.002101422938470598e+00 -7.800900342832539636e-02 1.351679127987619466e-01 9.877470479499018685e-01 -1.554806801313498354e+00
9.068986467511579441e-01 4.211195570518170839e-01 1.389831606346167425e-02 4.320210869422810163e+01 -4.140416401524528722e-01 8.968023486156131430e-01 -1.559328949817420096e-01 -2.186708440929487463e+00 -7.813043415203323183e-02 1.356608498646594274e-01 9.876698684647685633e-01 -1.607825443094453410e+00
9.089066933924173641e-01 4.166811996874602575e-01 1.629111823912137574e-02 4.354782659445059068e+01 -4.093837757722865178e-01 8.990582554326810305e-01 -1.552390977581691311e-01 -2.326140135204614268e+00 -7.933187783538483973e-02 1.344285355323154851e-01 9.877425889338520282e-01 -1.647271945684376293e+00
9.117540965648683882e-01 4.104824541917063696e-01 1.444375982680211681e-02 4.390666317276619424e+01 -4.036198998324191933e-01 9.019202524146202604e-01 -1.537232407400248024e-01 -2.485613639019788934e+00 -7.612781263407339405e-02 1.343280055874476742e-01 9.880083719576722157e-01 -1.681753771560086985e+00
9.155691451259043712e-01 4.017167272245751319e-01 1.888945635525050154e-02 4.460744873626940432e+01 -3.956054704211895978e-01 9.080975016626047225e-01 -1.373143810639108064e-01 -2.807259264611565719e+00 -7.231495188583020317e-02 1.182480382167580973e-01 9.903473881379393218e-01 -1.774498077374083271e+00
9.162432686464743181e-01 4.001204704426010728e-01 2.004698961979841515e-02 4.496410326033054616e+01 -3.942729177570247212e-01 9.094657715318948954e-01 -1.319881689215272602e-01 -2.962282742213168341e+00 -7.104321912320082921e-02 1.130292862256804393e-01 9.910485565661887319e-01 -1.807992108785543284e+00
9.175614902683336682e-01 3.970349059323795560e-01 2.107593527749458684e-02 4.531429928094872395e+01 -3.912472401144708734e-01 9.110788455505688388e-01 -1.298496603501613222e-01 -3.103306155534325317e+00 -7.075668646399600747e-02 1.108991463515800052e-01 9.913096744504850122e-01 -1.838168956126710496e+00
9.185963665155146840e-01 3.949049683377990894e-01 1.519149125715197474e-02 4.601976191809268357e+01 -3.891747818417607974e-01 9.106147903828323287e-01 -1.390096856857399032e-01 -3.419493942521835805e+00 -6.872921215110858184e-02 1.217816468855312806e-01 9.901744926420472659e-01 -1.911925213801169088e+00
9.219566989424612391e-01 3.872537210583370526e-01 5.513692192315601537e-03 4.672938441268776444e+01 -3.818563700868113364e-01 9.112996838140426936e-01 -1.540084377706301966e-01 -3.754319141024586415e+00 -6.466496655256304127e-02 1.398836724099620510e-01 9.880541484624505433e-01 -1.992790367999974999e+00
9.218663250829463029e-01 3.875050726377043953e-01 1.515703833526980265e-03 4.709031445419964257e+01 -3.824129775460785030e-01 9.103706151206996111e-01 -1.580685222588657790e-01 -3.891722152544980773e+00 -6.263220643092513862e-02 1.451384229100154133e-01 9.874269820664146602e-01 -2.037262894131151914e+00
9.235038410679370369e-01 3.835888615024408144e-01 -4.907790010399981639e-04 4.744168325487629545e+01 -3.787601223910044834e-01 9.116746099682005999e-01 -1.593429484655052575e-01 -4.058275521527045626e+00 -6.067474943597152975e-02 1.473397124694852678e-01 9.872231682402371478e-01 -2.081274031947758285e+00
9.238286975239642373e-01 3.828049044727217520e-01 -9.709494354732048360e-04 4.780765924870265593e+01 -3.778102524530726480e-01 9.113607251356067307e-01 -1.633433249987480407e-01 -4.200929675848775524e+00 -6.164374074081962335e-02 1.512680858341622914e-01 9.865688092756363936e-01 -2.121752058299960275e+00
9.242544624033236511e-01 3.817731066812143359e-01 -1.727351301077657830e-03 4.816625168193257878e+01 -3.769386840765636126e-01 9.118138355491854918e-01 -1.628273863565694313e-01 -4.344746258973798625e+00 -6.058809432695337616e-02 1.511450439678954927e-01 9.866530588356634546e-01 -2.154422147259504872e+00
9.255384203491853201e-01 3.786157965085337751e-01 -5.358273205362876213e-03 4.852369500201491803e+01 -3.744843199375767484e-01 9.131614002457726365e-01 -1.609277826295711089e-01 -4.501925745577301186e+00 -5.603683233753866538e-02 1.509514350226203450e-01 9.869516389804448009e-01 -2.210825058742905913e+00
9.243159710535751028e-01 3.815888897193054352e-01 -5.468537105506193069e-03 4.889698134393711371e+01 -3.772836201901282327e-01 9.115437164453010777e-01 -1.635393620671173887e-01 -4.662973219423480309e+00 -5.741999295992265828e-02 1.532252337308592227e-01 9.865216531615542683e-01 -2.234466987212249567e+00
9.229569741425145413e-01 3.847715267436709885e-01 -1.006459582090456217e-02 4.924581017243122005e+01 -3.810533610914605962e-01 9.097241560688118511e-01 -1.649251219971930305e-01 -4.816167403972082539e+00 -5.430248504990005387e-02 1.560539396241970855e-01 9.862547379075918830e-01 -2.281266025256440955e+00
9.198301389452674393e-01 3.920967196061835858e-01 -1.314069868766268301e-02 4.959950331015390645e+01 -3.885060262763871397e-01 9.057268471273902666e-01 -1.694755024763410778e-01 -4.982596238692374335e+00 -5.454890498315521918e-02 1.609939156202709887e-01 9.854467900898514765e-01 -2.322492524787856727e+00
9.165106781562087912e-01 3.996282088203506611e-01 -1.747774415319436336e-02 4.994031718989619861e+01 -3.963044485834725794e-01 9.012190900624714729e-01 -1.753480417339206288e-01 -5.146703780655682792e+00 -5.432274715619626881e-02 1.676348604020334865e-01 9.843513563354269191e-01 -2.352267686905747279e+00
9.141208627511726581e-01 4.047015927037328487e-01 -2.448814296988926359e-02 5.028982970745865799e+01 -4.022454698193894673e-01 8.976894868726508214e-01 -1.798670819469076754e-01 -5.319581686513846996e+00 -5.080974604178236514e-02 1.742704967037706221e-01 9.833860705164532146e-01 -2.397428641343172462e+00
9.098923024958451844e-01 4.139758003364445993e-01 -2.683346035474016428e-02 5.062919625943913360e+01 -4.114984547483616084e-01 8.924642381442987604e-01 -1.848691574417619943e-01 -5.498783619775036158e+00 -5.258345365720917125e-02 1.792529507966787727e-01 9.823967426819796289e-01 -2.423695635070056476e+00
9.002714162475292659e-01 4.345308414622585658e-01 -2.635004565023508702e-02 5.129660600775843449e+01 -4.319210993538714072e-01 8.840269138420895345e-01 -1.787192757812483823e-01 -5.842683857529769043e+00 -5.436488775497580472e-02 1.722769962035914648e-01 9.835472004730919648e-01 -2.490821379551203751e+00
8.890426540974329939e-01 4.573965794823781628e-01 -1.978707338674994334e-02 5.159860282214399518e+01 -4.540144720957290381e-01 8.752562749074948023e-01 -1.667252601218316976e-01 -6.034754277929337718e+00 -5.894080354922758003e-02 1.572094854418029097e-01 9.858048282312756871e-01 -2.522866623144306875e+00
8.793606266434587093e-01 4.760889220644342612e-01 -8.014149783263313509e-03 5.191923754594242268e+01 -4.720204689157300737e-01 8.693854657664713548e-01 -1.461697261357149114e-01 -6.222817523510620674e+00 -6.262240201236143888e-02 1.323187447096618452e-01 9.892270642095583044e-01 -2.560605978723185849e+00
8.709035097715787099e-01 4.914511863421295312e-01 1.675741763865749856e-03 5.223672979827708218e+01 -4.870265263862094129e-01 8.635091744561039784e-01 -1.309849923705791730e-01 -6.416895066611832732e+00 -6.581974828065326188e-02 1.132591588925650206e-01 9.913829349263685309e-01 -2.603824425074742877e+00
8.693572801256788107e-01 4.941744904569523311e-01 3.080985896361805587e-03 5.256635472451932856e+01 -4.899235380256177774e-01 8.626623526865588865e-01 -1.256526646981754314e-01 -6.596767223918474699e+00 -6.475219209372870544e-02 1.077276113115970824e-01 9.920695113650829233e-01 -2.636634861310698685e+00
8.767866275967141076e-01 4.808315019740377894e-01 6.802674251485309881e-03 5.290238802468939383e+01 -4.769922372307142666e-01 8.714068479770779030e-01 -1.145797142616958031e-01 -6.742835156713287148e+00 -6.102143303150890652e-02 9.721713844813964500e-02 9.933907653601056209e-01 -2.669966397554556892e+00
8.811463240709848099e-01 4.728214611439836568e-01 4.584916341604166473e-03 5.322048226389728853e+01 -4.693633067749623522e-01 8.757938046602976589e-01 -1.126201490494176116e-01 -6.923210511482541740e+00 -5.726466475466153450e-02 9.708283885583884887e-02 9.936275361372728376e-01 -2.705227032097684781e+00
8.857076116387245790e-01 4.642070134478807897e-01 5.820253518992814928e-03 5.351196911242213616e+01 -4.608572519339421691e-01 8.806895387288021793e-01 -1.095286707375958818e-01 -7.089058549612442306e+00 -5.596981351694214901e-02 9.432807132263841543e-02 9.939665964887501870e-01 -2.754845555753741682e+00
8.884775242959741526e-01 4.588810911706089346e-01 5.986066067788998329e-03 5.384625069856815571e+01 -4.554497109704442881e-01 8.832848135731559136e-01 -1.112362301050065089e-01 -7.255740633721512900e+00 -5.633160389901392673e-02 9.610453827528901705e-02 9.937759647551646092e-01 -2.782848298778701768e+00
8.925461301642472201e-01 4.509240902986983435e-01 5.373110562607245899e-03 5.416508677959888018e+01 -4.475595104671569735e-01 8.872202389196268690e-01 -1.119407532661768484e-01 -7.421126820389858381e+00 -5.524391477099979686e-02 9.750749940231055735e-02 9.937003559630452898e-01 -2.808506207999915461e+00
9.000289837558025363e-01 4.358187969299873732e-01 3.131236496291895516e-03 5.449779097411038720e+01 -4.329977618720565191e-01 8.949747237399938715e-01 -1.073926537539303949e-01 -7.570394695521712514e+00 -4.960611467639006178e-02 9.530068262620225439e-02 9.942117547472936190e-01 -2.849615109603968577e+00
9.012604852345899031e-01 4.332757821745011340e-01 1.278411430601464338e-03 5.483869167955874246e+01 -4.307980482144800893e-01 8.964139440349253585e-01 -1.041877276570723904e-01 -7.705469087444415166e+00 -4.628800502620672441e-02 9.334954483458417218e-02 9.945568274713465495e-01 -2.859189657807011287e+00
9.028194924143968514e-01 4.299753925800311460e-01 6.174616770215839850e-03 5.514513673971011798e+01 -4.277668518145818499e-01 8.994649151692342137e-01 -8.932181630623020618e-02 -7.861276075381958606e+00 -4.396003418165748966e-02 7.800018048216600386e-02 9.959836781993453014e-01 -2.896443015414627897e+00
9.022261039474255284e-01 4.311727220519827042e-01 8.839746270854834109e-03 5.545146356712264435e+01 -4.292191383780096792e-01 8.997542609934595648e-01 -7.882386107107682005e-02 -8.009668484458032367e+00 -4.194029811396618457e-02 6.732275679439424232e-02 9.968493656574770601e-01 -2.925369277668544488e+00
