1.000000000000000000e+00 0.000000000000000000e+00 0.000000000000000000e+00 0.000000000000000000e+00 0.000000000000000000e+00 1.000000000000000000e+00 0.000000000000000000e+00 0.000000000000000000e+00 0.000000000000000000e+00 0.000000000000000000e+00 1.000000000000000000e+00 0.000000000000000000e+00
9.986434706311905218e-01 9.361405842885807752e-03 -5.122092000672470030e-02 4.170172174947793242e-01 -8.849116714671275905e-03 9.999086261679313026e-01 1.021921955583517810e-02 -4.780758636409901396e-02 5.131190601664132461e-02 -9.752096985009027497e-03 9.986350609233256570e-01 -1.263838788717307482e-01
9.993529541615868705e-01 1.759519731851876337e-02 -3.137008192261750428e-02 7.687359594399438834e-01 -1.704229294044257506e-02 9.996962012321708446e-01 1.780633295485620909e-02 -7.670180744129571904e-02 3.167385767224265014e-02 -1.726019331552944291e-02 9.993492144725331094e-01 -8.198079798068785840e-02
9.991246353872635932e-01 2.307040547456571528e-02 -3.489583576168907297e-02 1.147314507931398220e+00 -2.221018683938881522e-02 9.994446610368333817e-01 2.484103712666968847e-02 -9.936838777141733525e-02 3.544954954335935438e-02 -2.404424912964158931e-02 9.990821805642239317e-01 -1.371083679988139015e-01
9.991132516583193235e-01 1.888769143425821778e-02 -3.762931666964021427e-02 1.539750654536840679e+00 -1.818153395383052817e-02 9.996537602762687325e-01 1.902081461457437103e-02 -4.570091326801618142e-02 3.797554718270063079e-02 -1.831978924006897810e-02 9.991107261652103499e-01 -1.529407853943094420e-01
9.992598657005202778e-01 -9.872204308060471972e-03 -3.717876251676730665e-02 1.918457562007805928e+00 1.033534472617317346e-02 9.998711140820425447e-01 1.228559618928748431e-02 1.301035465870598734e-02 3.705268478220483802e-02 -1.266075852526155066e-02 9.992331078101823749e-01 -1.345137111556037601e-01
9.980783510629154254e-01 -5.155737672132470334e-02 -3.437211144441255917e-02 2.655690474373536780e+00 5.120419640507543196e-02 9.986267605769975075e-01 -1.107805623756458191e-02 -3.336914447944433482e-02 3.489606582470539120e-02 9.296771757313863210e-03 9.993477045677596760e-01 -9.600912026711191927e-02
9.981030130885248930e-01 -4.531044563914631701e-02 -4.168139608494258325e-02 3.026849411534788370e+00 4.472597381615785878e-02 9.988889137497958259e-01 -1.485009272527742022e-02 -7.271596219430542796e-02 4.230794877802825787e-02 1.295768126382733018e-02 9.990205883596497971e-01 -1.365561408419704026e-01
9.986249971181383467e-01 -1.917237943308217757e-02 -4.879072655404957659e-02 3.410248553116875581e+00 1.797836230721518852e-02 9.995308946387029270e-01 -2.479453874353659479e-02 -1.195207271012936889e-01 4.924320886730082503e-02 2.388326882208883714e-02 9.985012247618042514e-01 -1.308278056293591951e-01
9.991895245664297320e-01 -5.489082056095502538e-03 -3.987686014336558338e-02 3.757437525286299707e+00 4.721161821183577495e-03 9.998020885594653961e-01 -1.932600173830852086e-02 -1.256124965979583674e-01 3.997505006588843168e-02 1.912207337901294935e-02 9.990176883728922874e-01 -1.215940622962512485e-01
9.984941035268478648e-01 1.692604905474402732e-02 -5.218269910145310886e-02 4.128956213107769280e+00 -1.781406075179304410e-02 9.997035148668945714e-01 -1.659944584340596399e-02 -1.738365605645187384e-01 5.188626467233715955e-02 1.750403456843991831e-02 9.984995865358077261e-01 -1.853276275738321155e-01
9.989933215124554566e-01 2.831816140926232336e-02 -3.479116709612992131e-02 4.475533466791214110e+00 -2.901498575208954697e-02 9.993850325454134431e-01 -1.968977719551139732e-02 -1.598351214069072823e-01 3.421219337192381305e-02 2.067942113797690412e-02 9.992006241821911328e-01 -1.076799967405430714e-01
9.993325649653257425e-01 1.095785150943441935e-02 -3.484752631278477397e-02 4.846522961936675422e+00 -1.120571052947922155e-02 9.999132321425349135e-01 -6.925333046046478792e-03 -1.508260889380291792e-01 3.476861589641669359e-02 7.311202128674236349e-03 9.993686455318082640e-01 -1.245044922225215511e-01
9.992792969563558669e-01 1.240641942764001207e-02 -3.587432830585930016e-02 5.200995916147499898e+00 -1.286652900417449910e-02 9.998375392457298227e-01 -1.262329380266289172e-02 -1.875829254444492111e-01 3.571189025794963695e-02 1.307577424205111707e-02 9.992765808434495023e-01 -1.031433131925840879e-01
9.992217797405935631e-01 1.821066864908552768e-02 -3.498866158334579951e-02 5.536678483696657160e+00 -1.849326463424609546e-02 9.997987914693498013e-01 -7.770182725997241968e-03 -1.991675382961567153e-01 3.484012134319321857e-02 8.411190390239475095e-03 9.993575025089923569e-01 -1.351831819276642921e-01
9.991569899316616876e-01 1.895343750706389788e-02 -3.641533574426015357e-02 5.907352295902867034e+00 -1.914993921913226219e-02 9.998038446604627927e-01 -5.054901587641670233e-03 -2.054586103460755431e-01 3.631238492036715365e-02 5.747991720855705894e-03 9.993239571293045520e-01 -1.589301014666157086e-01
9.988415476331808929e-01 3.707340972948860308e-02 -3.067776088278756710e-02 6.611104540700137200e+00 -3.737929629568718243e-02 9.992563900269914035e-01 -9.458075843660694940e-03 -2.352371126850915095e-01 3.030430547284094014e-02 1.059383222704001100e-02 9.994845770638755011e-01 -1.003347726719017174e-01
9.987142769845236412e-01 3.155661202648675501e-02 -3.967333089986222611e-02 6.971074499336666008e+00 -3.208718478969317667e-02 9.994029989207821041e-01 -1.280852530228324473e-02 -2.815103006865968815e-01 3.924545221490325503e-02 1.406506258631431278e-02 9.991306063247641367e-01 -1.938228134732046248e-01
9.991405059882398909e-01 2.738055996706765735e-02 -3.112160390233588772e-02 7.306514170661461804e+00 -2.797687384336558156e-02 9.994300775378335278e-01 -1.888953791580087055e-02 -3.005474760253236122e-01 3.058666087555951194e-02 1.974398765725617066e-02 9.993370958429761419e-01 -1.025863836688703512e-01
9.993074954160801049e-01 2.423525765745854904e-02 -2.823440970726196625e-02 7.656661997213770832e+00 -2.449500820494923681e-02 9.996604193076552569e-01 -8.890480452846882473e-03 -3.396086494177886772e-01 2.800935876239228628e-02 9.575925851821315629e-03 9.995617927200899366e-01 -1.678778621606319410e-01
9.988228941243575409e-01 4.042031672239816686e-02 -2.681462602952722554e-02 8.013537335737655809e+00 -4.068587587250659110e-02 9.991274606258314650e-01 -9.432758232069776011e-03 -3.817585512017209193e-01 2.640995413720679044e-02 1.051263142313632257e-02 9.995959178103079878e-01 -7.854741313503613154e-02
9.985355129648935124e-01 4.520777312960500699e-02 -2.971677298427966712e-02 8.352524280584997740e+00 -4.514921924437999973e-02 9.989767688927915223e-01 2.638790279860864750e-03 -4.103701893890847607e-01 2.980565969006485766e-02 -1.293236707004932588e-03 9.995548760269541422e-01 -1.382000745817387466e-01
9.985693047410727496e-01 4.314807615885370151e-02 -3.158460309581671149e-02 8.716402698463417309e+00 -4.308970026472418169e-02 9.990680119928477820e-01 2.526884199019100753e-03 -4.220064484847113051e-01 3.166419681638462519e-02 -1.162297917396684296e-03 9.994978877934282968e-01 -1.363280709529316737e-01
9.984999993275985863e-01 4.207916778929567808e-02 -3.502991551439865736e-02 9.076403483971439812e+00 -4.226690996909612114e-02 9.990955990032089895e-01 -4.635986851081536769e-03 -4.592276817321945814e-01 3.480315595531430217e-02 6.109639152959801117e-03 9.993755113294354731e-01 -1.420333440141879344e-01
9.989835685232298923e-01 3.546399468787139048e-02 -2.782327984569658852e-02 9.426731911247298257e+00 -3.579086584392918852e-02 9.992949690163127618e-01 -1.133926015348020282e-02 -4.719038951696133966e-01 2.740152810949016138e-02 1.232355384883234393e-02 9.995485412313900309e-01 -1.524320868185170541e-01
9.991944244684499710e-01 3.111438237074485441e-02 -2.534555820750840696e-02 9.782697890629478366e+00 -3.161755536622138513e-02 9.993058853240525119e-01 -1.969968906799364136e-02 -4.976653294631540603e-01 2.471502182534015754e-02 2.048518407041500719e-02 9.994846296615942371e-01 -1.824081222664163393e-01
9.994822965268341797e-01 2.491819700118264383e-02 -2.035245409418411783e-02 1.014202222421341304e+01 -2.538159661187784980e-02 9.994169542269689677e-01 -2.283694719354026001e-02 -5.195349933235369200e-01 1.977153213277945548e-02 2.334170220654200115e-02 9.995320162232040895e-01 -1.296112952927088169e-01
9.993642601569734385e-01 2.602661184469757041e-02 -2.436577511162964574e-02 1.049652734689191824e+01 -2.646867283039674654e-02 9.994875835079737314e-01 -1.799943810202538769e-02 -5.417110824542130665e-01 2.388482529771736654e-02 1.863292487176058942e-02 9.995410593023283941e-01 -1.624525752901255782e-01
9.987519784541107892e-01 3.966035628716890055e-02 -3.035690486815417061e-02 1.086562664093654718e+01 -4.018604516128435750e-02 9.990491643408709876e-01 -1.690706964859660030e-02 -5.830940623272993228e-01 2.965750003446942368e-02 1.810589321138575750e-02 9.993961223272398442e-01 -1.245378983625885089e-01
9.981521974918474704e-01 5.212085829054820957e-02 -3.123470462886446600e-02 1.122898194032355512e+01 -5.254502525920533990e-02 9.985350245331063856e-01 -1.291607917202815432e-02 -6.222295764047284239e-01 3.051574942067273102e-02 1.453344115222608528e-02 9.994286208257043835e-01 -1.620143342528333474e-01
9.971333212692187198e-01 6.722689187379432552e-02 -3.472296968299672798e-02 1.158462874230180084e+01 -6.765950798166234237e-02 9.976429181451160755e-01 -1.143673268799613035e-02 -6.507154498317713198e-01 3.387226880940383961e-02 1.375328629406355821e-02 9.993315348380721330e-01 -1.438510303173922700e-01
9.961974036058338644e-01 8.030510298114527934e-02 -3.379087871279867761e-02 1.193486550439533467e+01 -8.057749708021745561e-02 9.967253151533563837e-01 -6.775920360359922838e-03 -7.046493394660336973e-01 3.313608325199235427e-02 9.472938700848978003e-03 9.994059552649698919e-01 -1.424126034259978191e-01
9.954444374933756334e-01 9.047803633536527501e-02 -3.006820254676696724e-02 1.228625249606354863e+01 -9.053384295236682755e-02 9.958932554549370098e-01 -4.970107079787333508e-04 -7.606610343318777057e-01 2.989975156708261916e-02 3.216936471861030818e-03 9.995477258120107900e-01 -1.604376415610580808e-01
9.951600501633915963e-01 9.451758805947202413e-02 -2.688680171042961628e-02 1.262848409806196237e+01 -9.439008353108455096e-02 9.955173563739511122e-01 5.975390298080448040e-03 -7.879410536224606965e-01 2.733105723880605367e-02 -3.408622249452422735e-03 9.996206253397184049e-01 -1.616938320637354431e-01
9.957305637057132230e-01 8.821526139131682931e-02 -2.717925973907737297e-02 1.298346876706867015e+01 -8.786755141207006070e-02 9.960374745567925903e-01 1.373472560242536104e-02 -7.891062914663394823e-01 2.828317363998970185e-02 -1.128791106398091028e-02 9.995362150280808766e-01 -1.438983558434122623e-01
9.961710514057866561e-01 8.125223002907942804e-02 -3.226935785526553746e-02 1.333872466683363989e+01 -8.066324175366414162e-02 9.965573376577243625e-01 1.915500431579847049e-02 -8.319560171234674506e-01 3.371465216904306894e-02 -1.647870977503656034e-02 9.992956391145068062e-01 -1.693856258301510431e-01
9.965155782346764024e-01 7.860575674642762689e-02 -2.788973542237156711e-02 1.369724214982293375e+01 -7.789045212537433482e-02 9.966262175668998413e-01 2.587005848465133775e-02 -8.528747214808148902e-01 2.982917704720011720e-02 -2.360757218809163629e-02 9.992761894151540591e-01 -2.080434120528736885e-01
9.970142845208713744e-01 7.486255705502700697e-02 -1.892390056298493689e-02 1.404038517382808315e+01 -7.429482078858867800e-02 9.968113946556897975e-01 2.910881461980352122e-02 -8.765837691866068537e-01 2.104272000779385671e-02 -2.761595618046605236e-02 9.993970997050732885e-01 -2.228746932257509306e-01
9.972566742495330150e-01 7.296309648928718528e-02 -1.247045369887211583e-02 1.438162726473001740e+01 -7.254429336158847719e-02 9.968752009138543979e-01 3.125954739963942436e-02 -8.814388702499260653e-01 1.471227940968139816e-02 -3.026913202682696841e-02 9.994335037814742195e-01 -1.817214597871409099e-01
9.986586892087113698e-01 4.831861763870112098e-02 -1.860466762464051821e-02 1.507278341598677684e+01 -4.790215741902210250e-02 9.986049620141050909e-01 2.221515598439597478e-02 -8.971668086557055277e-01 1.965211903438332519e-02 -2.129415483865983172e-02 9.995800884307197709e-01 -1.818071393321635254e-01
9.995748314435187742e-01 2.014791008053593360e-02 -2.107648130138847081e-02 1.539877528660247208e+01 -1.995687640126415571e-02 9.997581873308394318e-01 9.235255776578509337e-03 -8.425603149987901386e-01 2.125745584414572009e-02 -8.810708503905880992e-03 9.997352109367226847e-01 -1.709826360550931734e-01
9.994765638824372189e-01 -1.524475398113559789e-02 -2.853411512227330138e-02 1.573043297659548578e+01 1.509630896879132940e-02 9.998714051848637263e-01 -5.410596008281645490e-03 -8.507535087149640241e-01 2.861292898805164325e-02 4.977004088876471437e-03 9.995781758947240858e-01 -1.832162823316876299e-01
9.991019699073738769e-01 -2.990672412601027425e-02 -3.001402304349868808e-02 1.606330816837944653e+01 2.905943879995677437e-02 9.991775677114821397e-01 -2.827962515306713109e-02 -8.430601227278244902e-01 3.083508948967915789e-02 2.738203853289844503e-02 9.991493488072472617e-01 -1.762303654065489888e-01
9.988865838328067071e-01 -3.813756909768889480e-02 -2.776901982685427150e-02 1.641185768988124849e+01 3.698172452922018905e-02 9.984740750967077139e-01 -4.101064996581998273e-02 -8.457304814529171821e-01 2.929069288477304661e-02 3.993804180343776128e-02 9.987727509935564463e-01 -2.042096505834089526e-01
9.995746000901164496e-01 -1.053953231776885366e-02 -2.719443165808828333e-02 1.711114424306686388e+01 8.794508402131685082e-03 9.979425402469404016e-01 -6.350860561725882314e-02 -8.956900886892277258e-01 2.780783121080397657e-02 6.324242740444416255e-02 9.976107055857735828e-01 -2.121020195052459312e-01
9.991990471277942820e-01 2.559708630904069041e-02 -3.075798093821315027e-02 1.778500500051620747e+01 -2.786850321356615715e-02 9.967302099509502966e-01 -7.584349082004387954e-02 -9.813261414526210924e-01 2.871603641771292015e-02 7.663992264885285954e-02 9.966452285085372065e-01 -1.936434197775879773e-01
9.983927792403898271e-01 4.445676914070010449e-02 -3.514902613474062826e-02 1.811243570672787229e+01 -4.715015334195157143e-02 9.956847555528828275e-01 -7.992953521337697875e-02 -1.018342792698525567e+00 3.144394060038655653e-02 8.145835277714932876e-02 9.961806138258025856e-01 -2.079526000474644087e-01
9.972828666189507141e-01 6.639536988297846387e-02 -3.191455477350001874e-02 1.842726952414106378e+01 -6.871183719889926989e-02 9.945823197542559280e-01 -7.800444000821346591e-02 -1.100409385759843817e+00 2.656251827369197557e-02 7.998539923226918869e-02 9.964420547792101068e-01 -2.196780928718702341e-01
9.939762707712377354e-01 1.045515387259232098e-01 -3.286561871842434701e-02 1.876201749999822965e+01 -1.066887532836298391e-01 9.916882795802117734e-01 -7.191568720400678960e-02 -1.167200757054429383e+00 2.507355312850235302e-02 7.498887846395330126e-02 9.968690912252373693e-01 -2.446965245394658872e-01
9.884227661852830193e-01 1.496580410362940150e-01 -2.495808566000737999e-02 1.904979112077919368e+01 -1.509810901488683188e-01 9.864467201342849156e-01 -6.424623532761379596e-02 -1.283141984148557402e+00 1.500485601705738026e-02 6.727064062048744575e-02 9.976219299947333141e-01 -2.380244804633489253e-01
9.821102623044807300e-01 1.868657426089435081e-01 -2.325138523684651404e-02 1.933606361178924260e+01 -1.878145793453243062e-01 9.809689709845199612e-01 -4.924999239503319304e-02 -1.374572239716952859e+00 1.360575104737128845e-02 5.273587208703413298e-02 9.985158042483137653e-01 -2.461595850122690610e-01
9.762804363262433949e-01 2.150858231389039810e-01 -2.479109378990812865e-02 1.962603530573070643e+01 -2.158537443051300186e-01 9.758276628611928238e-01 -3.416918881562248933e-02 -1.465321877312851129e+00 1.684252701038188929e-02 3.870996098580103961e-02 9.991085367488270474e-01 -2.015173150715260930e-01
9.717164955702323192e-01 2.339604249617281140e-01 -3.208694108877103296e-02 1.993351518248540799e+01 -2.344126918884642252e-01 9.720739146067274294e-01 -1.109028506201356450e-02 -1.568674390468454805e+00 2.859619062586170671e-02 1.829819917042010274e-02 9.994235507475341951e-01 -2.183433628067108501e-01
9.649732665723089742e-01 2.616453861079151566e-01 -1.919079803466865880e-02 2.051976690518914026e+01 -2.610524018391018886e-01 9.648960017451029270e-01 2.876368040342361376e-02 -1.761998219391879950e+00 2.604300855898801503e-02 -2.274637871737422712e-02 9.994020031801228443e-01 -2.731952975892781854e-01
9.664011381288821756e-01 2.567374587229114824e-01 -1.243854942115116963e-02 2.082746801246191026e+01 -2.559745637212764158e-01 9.656717255655364873e-01 4.421697831129328682e-02 -1.836285415009033528e+00 2.336371012710278944e-02 -3.954738590324922975e-02 9.989445136329225816e-01 -2.796697582318575792e-01
9.699799997934319684e-01 2.431847024212161756e-01 2.256187613491021648e-05 2.109328345047500974e+01 -2.428429181257188152e-01 9.686118145377768940e-01 5.308926307663985877e-02 -1.880828688024448914e+00 1.288864294327190900e-02 -5.150100237995157426e-02 9.985897704447712631e-01 -2.719022512467869079e-01
9.741094309233067072e-01 2.260326794802769157e-01 4.477096518730988572e-03 2.138615370871288945e+01 -2.258832994692679119e-01 9.722642684809364999e-01 6.065416107825093162e-02 -1.928494104738647019e+00 9.356901578442848241e-03 -6.009509166475891784e-02 9.981488007059146073e-01 -2.691495800160551011e-01
9.785070270605942255e-01 2.062050229808861379e-01 -1.867214634095601400e-03 2.166567191276580928e+01 -2.056176567654332266e-01 9.763276173652659651e-01 6.712497892852853365e-02 -1.967695602704722324e+00 1.566452103736483761e-02 -6.529833127511860957e-02 9.977428279438318448e-01 -2.359474201642868252e-01
9.819533996480055427e-01 1.890336723954000875e-01 -5.813056032142283232e-03 2.194047768008521970e+01 -1.880737498141704100e-01 9.792772912018687936e-01 7.512823415445836484e-02 -1.999640736744892733e+00 1.989435976755976956e-02 -7.267914169167692673e-02 9.971569369023113305e-01 -2.782795530650516436e-01
9.855263250906064476e-01 1.688824029913454650e-01 -1.471721825866340039e-02 2.223727583962881482e+01 -1.670218573561008946e-01 9.821793356837612565e-01 8.618266485276329658e-02 -2.026518390103579925e+00 2.900968318893937248e-02 -8.247718785018209875e-02 9.961706438987263379e-01 -2.236803646810404389e-01
9.885074031690614937e-01 1.492229484263176142e-01 -2.419970129805499789e-02 2.251493754275010417e+01 -1.461519037763790996e-01 9.842663663130475360e-01 9.929421517616121573e-02 -2.047116402687963799e+00 3.863592761276171683e-02 -9.461623437796667924e-02 9.947638077903895315e-01 -2.560395065941821757e-01
9.923817969306624187e-01 1.199076957529670306e-01 -2.829334939315841443e-02 2.278556562416440201e+01 -1.162434495458730399e-01 9.873971899807556518e-01 1.073976240695462270e-01 -2.035726258609666939e+00 4.081457531747101353e-02 -1.032905306275526680e-01 9.938134818588109098e-01 -2.857644604984638792e-01
9.966154727924136925e-01 7.871880267451807078e-02 -2.368437240553189146e-02 2.302337599892875275e+01 -7.556144931944795695e-02 9.906964652268358540e-01 1.131856049318871460e-01 -2.019325929323285695e+00 3.237385932350564377e-02 -1.110128996673045432e-01 9.932915329045943764e-01 -2.908784558867926195e-01
9.990192937571785725e-01 3.642622782833342815e-02 -2.517102753378321414e-02 2.328495237805313067e+01 -3.311278785761943150e-02 9.920486954133866941e-01 1.214204645391118581e-01 -1.977677076968268555e+00 2.939377453142784022e-02 -1.204679038366476135e-01 9.922819610191448980e-01 -2.846557881014905589e-01
9.996143207247294438e-01 -6.394344591217001293e-03 -2.702447333967147522e-02 2.352461138293621801e+01 9.801576913282539216e-03 9.917393829689690188e-01 1.278941959525202454e-01 -1.914041755082149132e+00 2.598343495481009527e-02 -1.281097522656936827e-01 9.914195643028090865e-01 -2.940235704342369361e-01
9.976302939235817124e-01 -6.243308753341796774e-02 -2.891204294048595191e-02 2.377346082227128576e+01 6.575985215505024406e-02 9.888225343003598233e-01 1.338119482869886134e-01 -1.812963855697356852e+00 2.023458649179338958e-02 -1.353961049693023777e-01 9.905849061381097886e-01 -2.965944691201099492e-01
9.905227094662504284e-01 -1.330297190354906844e-01 -3.417390649276868392e-02 2.400197533901213376e+01 1.364712138419027221e-01 9.813268359617298708e-01 1.355479576159591970e-01 -1.687588069372869093e+00 1.550386481351506002e-02 -1.389270847411641918e-01 9.901812436625759828e-01 -2.905650133668254975e-01
9.778487138099694054e-01 -2.049135293014966996e-01 -4.268885579859468121e-02 2.421646873327177474e+01 2.088888980506588000e-01 9.683317615190805139e-01 1.367443889325485606e-01 -1.530114023717651373e+00 1.331619958434215184e-02 -1.426325528852347702e-01 9.896861288742359042e-01 -2.976207734494009105e-01
9.608977406461775006e-01 -2.721298951351022177e-01 -5.119425939331170849e-02 2.439464692334147955e+01 2.766660286993519735e-01 9.511776603846576750e-01 1.368099665554310396e-01 -1.401264585535805018e+00 1.146475402268923305e-02 -1.456241001995448592e-01 9.892735621941345370e-01 -3.094159659511746541e-01
9.100582596116666423e-01 -4.059861029348921790e-01 -8.348202403106667890e-02 2.476125747892745466e+01 4.137820698729617885e-01 9.015925107815333517e-01 1.261560270232776337e-01 -1.107403253818156630e+00 2.404917387836428069e-02 -1.493526990930855447e-01 9.884914812528120542e-01 -2.738911907854693628e-01
8.341266251468975046e-01 -5.401406391588478018e-01 -1.117177834998460406e-01 2.499123970010596096e+01 5.504883014134084318e-01 8.279276626814559004e-01 1.072306643353559685e-01 -7.773779909777490671e-01 3.457460380145341294e-02 -1.509432850308114193e-01 9.879376101131486232e-01 -2.605765700401633245e-01
7.876839851488255384e-01 -6.038691375180134102e-01 -1.220491880076034902e-01 2.509089377185470937e+01 6.148837285112407347e-01 7.829109035360920510e-01 9.470225729313322405e-02 -6.382897333490871183e-01 3.836586962626585551e-02 -1.496415112111292578e-01 9.879956873237200066e-01 -2.967479179159706604e-01
7.326230225818741726e-01 -6.686320569379330392e-01 -1.272583168910683682e-01 2.519522572522808801e+01 6.798508086552600416e-01 7.278453084920237792e-01 8.968882247493256687e-02 -4.102311564495996210e-01 3.265554706000013685e-02 -1.522247658598943620e-01 9.878062744815465646e-01 -3.108691777102786657e-01
6.106949524227293091e-01 -7.809651512311150956e-01 -1.309393281178804214e-01 2.527776901580152114e+01 7.917528994587488267e-01 6.049961221760445929e-01 8.430325231337701397e-02 5.285081610635278260e-02 1.337988355946304747e-02 -1.551551633511114026e-01 9.877995009117108705e-01 -3.258710606733352666e-01
5.417099316532183462e-01 -8.284642592277505768e-01 -1.421172794929601024e-01 2.528989377294387708e+01 8.404899269961320085e-01 5.361302351174302983e-01 7.836487485452664492e-02 3.012785616773949737e-01 1.127087247297949013e-02 -1.618991728673855601e-01 9.867429377799236123e-01 -3.125871853883536722e-01
4.692956844893761970e-01 -8.701206491633921569e-01 -1.505045395299585698e-01 2.528407163559022308e+01 8.828862380864983539e-01 4.655397170351122105e-01 6.151961037212972522e-02 5.268931165275090311e-01 1.653635743200029817e-02 -1.617492743796541399e-01 9.866933267842326050e-01 -3.138907578669494214e-01
3.799080375109198382e-01 -9.108136218291187358e-01 -1.615191299045554696e-01 2.533003158502009100e+01 9.247317124711131875e-01 3.783445194372706544e-01 4.155339410954588669e-02 7.703496107647576085e-01 2.326248019545687495e-02 -1.651483300015591515e-01 9.859943641384834034e-01 -3.277056108655317379e-01
2.810426102635603662e-01 -9.454586274325644801e-01 -1.646907253902772650e-01 2.521632304000273805e+01 9.593111119656849706e-01 2.816178314521073922e-01 2.033684998650031606e-02 9.691151089560329224e-01 2.715219467014584609e-02 -1.637051643093266617e-01 9.861355776479473478e-01 -2.904611573377366973e-01
1.807364382036573680e-01 -9.699147301328461257e-01 -1.630943168132596433e-01 2.511291607045732732e+01 9.829590693731464768e-01 1.837875311550217772e-01 -3.689353469070996705e-03 1.173677553331803125e+00 3.355306010684262763e-02 -1.596482372695365859e-01 9.866035842698912539e-01 -2.693174091230670641e-01
7.859396063160017931e-02 -9.831516211911148773e-01 -1.650329636815653922e-01 2.493457562401308181e+01 9.962003747668606302e-01 8.368526009277621469e-02 -2.411618870324890029e-02 1.377116707874877388e+00 3.752069651012350515e-02 -1.625105134829337716e-01 9.859931695204122715e-01 -2.456583778100695503e-01
-1.375216088148722982e-02 -9.870100002875858980e-01 -1.600691644364682920e-01 2.472660823874478808e+01 9.991712412257525155e-01 -7.431316825725398090e-03 -4.002007293377300712e-02 1.508413354132792872e+00 3.831068752291597740e-02 -1.604868681934292218e-01 9.862942037541264639e-01 -2.867132198602690973e-01
-1.054406517959638467e-01 -9.814192119126743385e-01 -1.603078271250283349e-01 2.456683153999313163e+01 9.938535811591160396e-01 -9.853465397100391598e-02 -5.045771679352067246e-02 1.682620794569507083e+00 3.372429637580182105e-02 -1.646428026228908270e-01 9.857765565169608335e-01 -2.963519027545914453e-01
-1.986617587042200928e-01 -9.666252118034801555e-01 -1.617689881727123469e-01 2.442377056221915410e+01 9.797260474128823837e-01 -1.915079071513048348e-01 -5.883530844023456691e-02 1.835590016695299642e+00 2.589165211562448332e-02 -1.701776172250750729e-01 9.850731957303068276e-01 -2.611777231213229800e-01
-2.905812178923050659e-01 -9.436818442108305671e-01 -1.581996609195810977e-01 2.429612242814944878e+01 9.566073128290084604e-01 -2.827833296572832555e-01 -7.025693923025592980e-02 1.945504256204870330e+00 2.156397111592382732e-02 -1.717502994896542012e-01 9.849044774875002073e-01 -2.652705250697548478e-01
-3.881657137059666418e-01 -9.088494889001175192e-01 -1.527088249877304738e-01 2.419747103995013049e+01 9.214519678551786885e-01 -3.798789654424044038e-01 -8.135258170597814420e-02 2.064706964850831383e+00 1.592638185391907768e-02 -1.722921302335202465e-01 9.849171397740211775e-01 -2.631342543310027926e-01
-4.820304839036071431e-01 -8.641885071474086910e-01 -1.443081311014317580e-01 2.395814211087117584e+01 8.760187212869201545e-01 -4.724745881078296073e-01 -9.674173632495133845e-02 2.143909546421133072e+00 1.542117189074827810e-02 -1.730490904531729324e-01 9.847924653198996126e-01 -2.455354921538751567e-01
-5.685124480615366682e-01 -8.120708192700073491e-01 -1.316608555692137528e-01 2.371119263004808886e+01 8.224954766819633223e-01 -5.577223303666920540e-01 -1.115660927345576148e-01 2.186248588185046859e+00 1.716936914357142241e-02 -1.717171706629393724e-01 9.849966629703507115e-01 -2.492626115135219700e-01
-6.502380108037377759e-01 -7.507552454573416245e-01 -1.164349205534347259e-01 2.352511668858527116e+01 7.594958538162888129e-01 -6.385484447703706490e-01 -1.241850704279996442e-01 2.224166104476573036e+00 1.888325559495269979e-02 -1.691816925663872651e-01 9.854039666849875312e-01 -2.754316201818554632e-01
-7.273728220227921870e-01 -6.793349165730451222e-01 -9.712285471141124393e-02 2.334536598854014144e+01 6.858686747399380668e-01 -7.149880898406963947e-01 -1.355588152664148893e-01 2.263388379023912211e+00 2.264815208976338895e-02 -1.652153216582736839e-01 9.859974435546332572e-01 -2.597312081976161924e-01
-7.966390039076731711e-01 -5.996503594601905185e-01 -7.606407727866686119e-02 2.317404445213441733e+01 6.038468187042105306e-01 -7.838652772990883921e-01 -1.446521572104207676e-01 2.278206280342848000e+00 2.711672903937933574e-02 -1.611666015155998888e-01 9.865546156002296119e-01 -2.493629020411860797e-01
-8.557619482201910266e-01 -5.146942126695650543e-01 -5.254860057927566303e-02 2.295146257992550787e+01 5.163602468194510298e-01 -8.433332537736886181e-01 -1.488661095885819574e-01 2.267356743603631486e+00 3.230454276010188280e-02 -1.545279603306168592e-01 9.874601389388434347e-01 -2.478061305497681333e-01
-9.023389218784025889e-01 -4.296692365227953170e-01 -3.418796936410525150e-02 2.280313779181646439e+01 4.297148155266057312e-01 -8.905722580327837257e-01 -1.490846421980634162e-01 2.252047353992606915e+00 3.361022731636918032e-02 -1.492159522581536224e-01 9.882332478779665141e-01 -2.290641609328135375e-01
-9.325340044194838640e-01 -3.608183852078811205e-01 -1.379940206455894727e-02 2.265979088291864230e+01 3.588814364034678128e-01 -9.219603352604659463e-01 -1.455790328700981850e-01 2.239570834510647312e+00 3.980509020647914065e-02 -1.407097477163062049e-01 9.892503837205560702e-01 -2.453659683415355675e-01
-9.514018940744903841e-01 -3.079079557358231356e-01 -5.208334288366468084e-03 2.246159323794310225e+01 3.056623621732358909e-01 -9.421345352182832755e-01 -1.376700326857942802e-01 2.237600007312830375e+00 3.748274672633528093e-02 -1.325715216161315879e-01 9.904644543618074115e-01 -2.393910490306849215e-01
-9.805017469459613721e-01 -1.964592527984998505e-01 4.481765921273677539e-03 2.210520378729885493e+01 1.940510837211891770e-01 -9.715760336960463928e-01 -1.355883020547539453e-01 2.245662299514544102e+00 3.099195286763944610e-02 -1.320748754961151017e-01 9.907551292424054967e-01 -2.174347917538201058e-01
-9.867213737374616045e-01 -1.615600394195676748e-01 1.671180039386813837e-02 2.190807370806951226e+01 1.582555197559602778e-01 -9.794623938413340447e-01 -1.249344208670071232e-01 2.248150117986439600e+00 3.655298997931116095e-02 -1.206307287275979745e-01 9.920242467854407664e-01 -2.141612905768297548e-01
-9.940771360203262130e-01 -1.059811368439804863e-01 2.405506755102178318e-02 2.172044559634356631e+01 1.023608575668443627e-01 -9.874388118626487021e-01 -1.203613213015777283e-01 2.205448997747300854e+00 3.650893698544150495e-02 -1.171861402237436567e-01 9.924386661449936531e-01 -2.178290113093508118e-01
-9.971089167649678231e-01 -6.836895272846958693e-02 3.315862498061600272e-02 2.154998759009735210e+01 6.441688601023835836e-02 -9.920229587671729465e-01 -1.083554985940632098e-01 2.196838912871474481e+00 4.030226922316904048e-02 -1.059062584630217629e-01 9.935590528568630786e-01 -2.004692507182556094e-01
-9.986923385405204190e-01 -3.428268700862033280e-02 3.792506179212764422e-02 2.136198088108743320e+01 3.058754423560104685e-02 -9.950969833488521044e-01 -9.405528091314513395e-02 2.199088520954493919e+00 4.096358233971821722e-02 -9.277225394202981423e-02 9.948443565806727173e-01 -2.191769921458353587e-01
-9.991838300355271318e-01 -1.472912527694952237e-03 4.036711934509328720e-02 2.117837046394950562e+01 -1.653254217154885054e-03 -9.970064505519165010e-01 -7.730073937785439386e-02 2.187842983975420097e+00 4.036013560468677125e-02 -7.730438594643429528e-02 9.961902887337419354e-01 -2.205413800018578563e-01
-9.988387879607112385e-01 2.361940841273152750e-02 4.199046572033669072e-02 2.099504793949240522e+01 -2.599859417317098784e-02 -9.980328837634813155e-01 -5.704766452510377089e-02 2.195870817880143822e+00 4.056043350602830250e-02 -5.807311316764936920e-02 9.974880273771813410e-01 -2.098360640467984428e-01
-9.977667035763220227e-01 5.187132007754413632e-02 4.208291087666168190e-02 2.079782556390449244e+01 -5.381343448580065691e-02 -9.974719173183617116e-01 -4.641000355606163946e-02 2.143823859448081848e+00 3.956917364922504093e-02 -4.857098222853001995e-02 9.980356407373803806e-01 -1.836874652186475665e-01
-9.970835089437817267e-01 6.126745039488499384e-02 4.550577671533689167e-02 2.060908118908193742e+01 -6.317295244436535451e-02 -9.971315714852819756e-01 -4.168701508568863068e-02 2.168659061026619650e+00 4.282118951894896969e-02 -4.444016954741265846e-02 9.980938919053554681e-01 -1.822371898953030478e-01
-9.973632785815675916e-01 5.415336162889940880e-02 4.831049535366663261e-02 2.038340068893265666e+01 -5.608741236085303811e-02 -9.976394994392139282e-01 -3.961857308560014918e-02 2.180788306227299689e+00 4.605097948676695196e-02 -4.222372061963578643e-02 9.980463239275741971e-01 -1.789597809102934922e-01
-9.976379489390527766e-01 4.930017040981811427e-02 4.783321057846295216e-02 2.019097424703728549e+01 -5.152336905368630482e-02 -9.975925925032267383e-01 -4.641510340449106486e-02 2.192876702089893826e+00 4.542978404129086739e-02 -4.876999672190733548e-02 9.977763387361452407e-01 -1.961615788453145992e-01
-9.984312306807991977e-01 3.165846862488033708e-02 4.618245300492913874e-02 1.996678004534420836e+01 -3.392409016635121455e-02 -9.982161814515879694e-01 -4.912851712188865544e-02 2.174224070970115275e+00 4.454473827075756953e-02 -5.061814351137249729e-02 9.977241952763558075e-01 -2.062468630924081114e-01
-9.986020970000908381e-01 2.952544075914667956e-02 4.384176336553230469e-02 1.973873772786155101e+01 -3.190455320013153850e-02 -9.979986625087802210e-01 -5.459642035688534734e-02 2.164554522768836087e+00 4.214203782591899317e-02 -5.591885172876735755e-02 9.975455531800113684e-01 -1.959820494061771390e-01
-9.985241939665481237e-01 3.489736175824641184e-02 4.161259671985449021e-02 1.951386853276162725e+01 -3.724020800927711761e-02 -9.976837830290057330e-01 -5.692307079170622758e-02 2.147130728094907237e+00 3.952974792331637871e-02 -5.838872513804276715e-02 9.975109802933865843e-01 -1.744021736612550166e-01
-9.984536964704964213e-01 3.446248910272513982e-02 4.361826279492228564e-02 1.926463355440763436e+01 -3.685584443564769025e-02 -9.977887233915858634e-01 -5.531103148129751929e-02 2.097976460476818961e+00 4.161565493101949953e-02 -5.683309174622034471e-02 9.975159833041413737e-01 -1.515776656537632383e-01
-9.975420513658919131e-01 4.146792338614972012e-02 5.648244936941117234e-02 1.901895995324562350e+01 -4.438453049487311314e-02 -9.976913156104967317e-01 -5.140089695856945445e-02 2.104127903492192697e+00 5.422056076321378482e-02 -5.378150319055998579e-02 9.970795759141225512e-01 -1.545867805635891823e-01
-9.973468123906095162e-01 4.344312635792243332e-02 5.841258928124722083e-02 1.877520961256798415e+01 -4.590187142693582384e-02 -9.980864150835719872e-01 -4.143098146470197002e-02 2.084592228459472008e+00 5.650092046856533545e-02 -4.400230446093716247e-02 9.974324253744369928e-01 -1.784414596259210339e-01
-9.977684398280655120e-01 4.425025199704413909e-02 5.000055680955766552e-02 1.851699541400312654e+01 -4.596627664097394789e-02 -9.983741315740417566e-01 -3.370748901272666020e-02 2.090092035269984994e+00 4.842769759995992768e-02 -3.593060814926080093e-02 9.981802189500607048e-01 -1.818862379375958960e-01
-9.980093328310339906e-01 4.497724486155140616e-02 4.420881164223236515e-02 1.827667847409135149e+01 -4.639430511348813929e-02 -9.984242788485133691e-01 -3.156782949241436487e-02 2.088419324942957012e+00 4.271931688581759312e-02 -3.355602554668275783e-02 9.985234364371822213e-01 -1.769067400975625204e-01
-9.985890065378868474e-01 4.562329290036806068e-02 2.717556193722789684e-02 1.776635062131396481e+01 -4.674754277853720302e-02 -9.980115139383278766e-01 -4.228102755015029218e-02 2.067682234955804610e+00 2.519252400704856051e-02 -4.349176004089693598e-02 9.987361030536040518e-01 -1.591324773816459315e-01
-9.984244904929748810e-01 4.443333618073843500e-02 3.426682681098133787e-02 1.748862630752741509e+01 -4.598020188816292347e-02 -9.978937557642317824e-01 -4.575885970039367256e-02 2.057186952065064744e+00 3.216143370821779313e-02 -4.726236179674069005e-02 9.983646184331783635e-01 -1.622052427859095869e-01
-9.984500199626125116e-01 4.545959255631275286e-02 3.210892525875328612e-02 1.722346022481346495e+01 -4.708328991425012044e-02 -9.975487131676823438e-01 -5.176609574182025608e-02 2.057507518816873660e+00 2.967695145241241311e-02 -5.319765316359982565e-02 9.981429197516639151e-01 -1.571199448515057939e-01
-9.982801587366407770e-01 4.521582482818453652e-02 3.731291810961771122e-02 1.694749474203787898e+01 -4.719686975791165251e-02 -9.974227203604515424e-01 -5.404046996290508970e-02 2.043706945304019307e+00 3.477326786200616443e-02 -5.570858186907879511e-02 9.978413570043753733e-01 -1.843582822497054075e-01
-9.982629790409829340e-01 4.379092776820628363e-02 3.941293342829577107e-02 1.668655068878983272e+01 -4.596698064535657824e-02 -9.973657337918717669e-01 -5.611265230009995081e-02 2.034440929004666110e+00 3.685188416584622706e-02 -5.782687699506380147e-02 9.976462253376318090e-01 -1.663713649159643815e-01
-9.978813357546969520e-01 4.344596389129760233e-02 4.842817334959931275e-02 1.640188350771117953e+01 -4.623719785471486904e-02 -9.972400407878991846e-01 -5.808978037395130800e-02 2.033757647202928176e+00 4.577074706585775032e-02 -6.020589066616333085e-02 9.971360435979271797e-01 -1.292442843560886456e-01
-9.978520496577429899e-01 4.458254944584891244e-02 4.799670070692190621e-02 1.611612501446053258e+01 -4.720467596509272945e-02 -9.973721143030498393e-01 -5.495984149990442574e-02 2.003598406330434845e+00 4.542032101242788472e-02 -5.710745919380810082e-02 9.973343133290639706e-01 -1.745105215269482646e-01
-9.973780848989155512e-01 5.262119970694687648e-02 4.967861818501683596e-02 1.582632603937499916e+01 -5.538153152530834317e-02 -9.968977210881622142e-01 -5.592691351343802991e-02 2.003526642987704776e+00 4.658155997046845714e-02 -5.853155585348738393e-02 9.971981825294747859e-01 -1.758411349809323732e-01
-9.968201309694371126e-01 6.319727101371364064e-02 4.853587776577162477e-02 1.553482058088391504e+01 -6.584830326471372008e-02 -9.963063262834983558e-01 -5.511538047258729422e-02 1.973261974973163024e+00 4.487346043301080473e-02 -5.813612597945441718e-02 9.972996357188084193e-01 -1.609270721782488922e-01
-9.967958589332996944e-01 7.163948914445086857e-02 3.557807201842649175e-02 1.525590802957191983e+01 -7.352483036860937848e-02 -9.957833098495330049e-01 -5.486072497130443232e-02 1.949472157660818272e+00 3.149785600153529735e-02 -5.730081517947187980e-02 9.978599609399479986e-01 -1.591735368753476876e-01
-9.960823654679851202e-01 7.913533511774632767e-02 3.946542714205829999e-02 1.497302621110469367e+01 -8.111589612949353378e-02 -9.953784699339682795e-01 -5.139954267327201398e-02 1.927248931437756552e+00 3.521551644960421029e-02 -5.439945153872673134e-02 9.978980744913146239e-01 -1.772613215660512331e-01
-9.951922959974901506e-01 8.703151449378672411e-02 4.492003419590952229e-02 1.467894967101775450e+01 -8.925833688325372772e-02 -9.947423041127885224e-01 -5.020655042139618440e-02 1.884922968499587403e+00 4.031430619618150968e-02 -5.397465973304879649e-02 9.977281657959857775e-01 -1.513562444386922223e-01
-9.947880810813667374e-01 9.430144474880126915e-02 3.878029469641197657e-02 1.439494543765610146e+01 -9.614003886932905030e-02 -9.941783833433677220e-01 -4.864601750371008726e-02 1.845843277471422406e+00 3.396714095498290509e-02 -5.212081744424343355e-02 9.980629507823082225e-01 -1.870652904488491475e-01
-9.940993955897348133e-01 1.024151065196229615e-01 3.574265861262417021e-02 1.410927845944518211e+01 -1.040191615955963489e-01 -9.934949132018682239e-01 -4.634513418862814399e-02 1.817967284361446501e+00 3.076370766135848311e-02 -4.978959126752317138e-02 9.982858262503476743e-01 -1.899991678182379462e-01
-9.930980337442254502e-01 1.101673393332951445e-01 4.024242435014112329e-02 1.382887403237226032e+01 -1.119384629083205740e-01 -9.927055727469520363e-01 -4.478198699107874270e-02 1.778898489912620784e+00 3.501536655636733331e-02 -4.897757835345892263e-02 9.981859150096008548e-01 -1.714526420644424398e-01
-9.920487353335945002e-01 1.193047284995279872e-01 4.007104291966909898e-02 1.352053862386478933e+01 -1.209839981841096951e-01 -9.917451799069190166e-01 -4.247788029998778025e-02 1.727532329107490661e+00 3.467245169299961599e-02 -4.698808241508330152e-02 9.982935145559896917e-01 -1.244079778901946431e-01
-9.904330016959186356e-01 1.288500344335844761e-01 4.939775073904296293e-02 1.321319155405593193e+01 -1.304803272478751441e-01 -9.909559628286495059e-01 -3.132353644835906420e-02 1.697708584727831926e+00 4.491495689522524010e-02 -3.746929891001907903e-02 9.982878834716425454e-01 -1.630431190356881332e-01
