1.000000000000000000e+00 0.000000000000000000e+00 0.000000000000000000e+00 0.000000000000000000e+00 0.000000000000000000e+00 1.000000000000000000e+00 0.000000000000000000e+00 0.000000000000000000e+00 0.000000000000000000e+00 0.000000000000000000e+00 1.000000000000000000e+00 0.000000000000000000e+00
9.998589427912031313e-01 -1.474137320387629638e-02 8.049002206591613154e-03 3.787136889038228427e-01 1.482668739227501267e-02 9.998334170005761523e-01 -1.064460379365038400e-02 9.913045571496555478e-03 -7.890745302532071667e-03 1.076244233508736811e-02 9.999109490217388263e-01 6.283044219215651316e-02
9.997428721138803542e-01 -2.060262748988564083e-02 9.472137984772309102e-03 7.984178603442658728e-01 2.083116373973626853e-02 9.994779166244355251e-01 -2.469730344240276057e-02 1.421070306595547880e-02 -8.958363396170914220e-03 2.488826873430192640e-02 9.996500996872211831e-01 -4.406605521174195017e-03
9.996179522246864124e-01 -2.465856998539488198e-02 1.248617300856806438e-02 1.206046415224372836e+00 2.502836440079610203e-02 9.992249858748647462e-01 -3.038105624887358150e-02 1.617902596442989671e-03 -1.172734264637447475e-02 3.068195772195185175e-02 9.994603978671705580e-01 2.131633257549610250e-02
9.998392138384322170e-01 -1.552243141757437585e-02 8.977783347386095181e-03 1.617823438015628446e+00 1.581047434813569880e-02 9.993317344736630803e-01 -3.295623423188959872e-02 -2.616702656073446875e-02 -8.460222918626091743e-03 3.309287833880469182e-02 9.994164727636923873e-01 -4.140765970393554818e-02
9.999657629438549744e-01 -3.263524373918852764e-03 7.604100786736789352e-03 2.048724463273853491e+00 3.473849588137329844e-03 9.996071236682255723e-01 -2.781241954192041621e-02 -3.720272350464463862e-02 -7.510346806440538689e-03 2.783788282893719102e-02 9.995842370558117862e-01 -1.886745958952266988e-02
9.999258991199562185e-01 3.999680071864041009e-03 1.149777493560426647e-02 2.471989301569103681e+00 -3.682226717285851623e-03 9.996150271650503516e-01 -2.749979403955747984e-02 -5.239434594518830451e-02 -1.160333898279207812e-02 2.745541886656090516e-02 9.995556825406537449e-01 -2.534203076730264306e-02
9.998046581794771681e-01 1.864058305147381356e-02 6.570703624410512665e-03 3.358793110283583516e+00 -1.843402662204546294e-02 9.993736620059090470e-01 -3.020712418282762296e-02 -1.050457749860766316e-01 -7.129666550158814987e-03 3.008009894265904066e-02 9.995220635396115938e-01 -1.073406757003859124e-01
9.995348649443082101e-01 2.950590984647401271e-02 -7.710709753016876770e-03 4.231653626099828536e+00 -2.973393274028181266e-02 9.990660186296410616e-01 -3.135257028242062483e-02 -1.492648149070414931e-01 6.778421981546971058e-03 3.156725682807226541e-02 9.994786447402418395e-01 -2.445875186728767581e-01
9.995270488992714641e-01 3.039790144851337028e-02 -4.652537612942687917e-03 4.673306653628099383e+00 -3.049855633167221358e-02 9.992618791125118527e-01 -2.335669099456657086e-02 -1.605444730478111093e-01 3.939109086734535886e-03 2.348754010232486852e-02 9.997163692165615956e-01 -1.831643606161488802e-01
9.994630023346745551e-01 3.063369972372479225e-02 1.163113947104967884e-02 5.094742349526208969e+00 -3.040828698007247075e-02 9.993553207581850062e-01 -1.908609324201071197e-02 -1.937668074764452020e-01 -1.220831876614880858e-02 1.872216102755864045e-02 9.997501876165676427e-01 -1.845422384657880444e-01
9.994166870007186176e-01 3.403958712933206898e-02 2.755404248439383141e-03 5.527919637627810800e+00 -3.402292488608602006e-02 9.994037343138131302e-01 -5.883572197317545223e-03 -2.237056447627331357e-01 -2.954035663876771085e-03 5.786393321397183091e-03 9.999788954401120922e-01 -1.731244444639050972e-01
9.994037853558366269e-01 3.382878907282542424e-02 6.905566326596499979e-03 5.960091587799862367e+00 -3.386997030139622666e-02 9.994086181400939628e-01 5.936252950334230082e-03 -2.492457890071208548e-01 -6.700666250998778273e-03 -6.166604995789927955e-03 9.999585361676845974e-01 -1.808030166246036019e-01
9.993749020500600766e-01 3.534494285269453029e-02 7.349606605644176151e-04 6.363595852999572422e+00 -3.535199849541155459e-02 9.992619697462558070e-01 1.502504646293718708e-02 -2.454356457582440865e-01 -2.033588287700142591e-04 -1.504163666536191372e-02 9.998868475040633141e-01 -2.612539921872003568e-01
9.993460314964587310e-01 3.553426607621960193e-02 6.695167414134286892e-03 6.813333373867789255e+00 -3.569912105001227937e-02 9.990147392731477671e-01 2.636519431487633833e-02 -2.638768964833231867e-01 -5.751703098685390959e-03 -2.658696390017194558e-02 9.996299571651680038e-01 -1.827616602443070948e-01
9.995104617159908944e-01 3.046382757399251212e-02 7.126859745270991767e-03 7.239906787963993118e+00 -3.060428605254508078e-02 9.993211736689183722e-01 2.050779198718241311e-02 -2.683514063643563374e-01 -6.497276006197144974e-03 -2.071586509218483266e-02 9.997642913897163419e-01 -3.267825311230047047e-01
9.998711854292609003e-01 1.490563916952666879e-02 5.952685883905755107e-03 7.673775835311939630e+00 -1.501312715593235148e-02 9.997172424150065906e-01 1.844020691681020480e-02 -2.562997132887988583e-01 -5.676139646307615250e-03 -1.852719997956627646e-02 9.998122445237569433e-01 -2.887053553070894618e-01
9.999035610194147994e-01 -1.764311475035062462e-03 1.377519022418317515e-02 8.084727740327727119e+00 1.622521402228071412e-03 9.999456624912388403e-01 1.029754773024766507e-02 -2.493961252142482821e-01 -1.379260979628887940e-02 -1.027420410428353179e-02 9.998520913840360791e-01 -2.599282686619769356e-01
9.998479110663284208e-01 -1.707620870852230577e-02 3.543703210247489601e-03 8.529874916939839125e+00 1.708338413839467773e-02 9.998520589519281909e-01 -2.004543830914250722e-03 -2.366037937336763486e-01 -3.508948942258437089e-03 2.064777405193629796e-03 9.999917119514479813e-01 -3.826789717073180164e-01
9.994552045796825102e-01 -3.155914052927272923e-02 9.659952776212595363e-03 8.946973663185668002e+00 3.163861378946748043e-02 9.994658357730320519e-01 -8.187871518007865113e-03 -2.318955016410766956e-01 -9.396390587132904051e-03 8.489038318213789486e-03 9.999198188216722460e-01 -3.009144199102775086e-01
9.993409165170146213e-01 -3.241192228924890534e-02 1.634624936946866419e-02 9.338913639916659903e+00 3.264556223758833392e-02 9.993656178636679543e-01 -1.423478479503395393e-02 -2.356250466850692282e-01 -1.587450286229181995e-02 1.475903538463382327e-02 9.997650579178041230e-01 -3.780779589765408955e-01
9.997402012040716990e-01 -2.200071758703479527e-02 5.958063619809527041e-03 9.768535844634511633e+00 2.205629252774949853e-02 9.997122712637448450e-01 -9.428395654354623442e-03 -2.218259510509772436e-01 -5.748917843603388624e-03 9.557358962613548073e-03 9.999378014823158134e-01 -3.874454045919923928e-01
9.998624738751148433e-01 -1.259746591386099422e-02 1.078597185627950573e-02 1.019794424709647807e+01 1.263323756387276127e-02 9.999149001382536817e-01 -3.254810311046503566e-03 -2.459080959720111037e-01 -1.074405160961624563e-02 3.390624434414813652e-03 9.999365324964153423e-01 -3.585826550844923855e-01
9.999391134430356542e-01 -2.016560796377236866e-03 1.084909624394724860e-02 1.062612412115304750e+01 2.062072609021347539e-03 9.999891149269317658e-01 -4.185437158388676492e-03 -2.527121442289725350e-01 -1.084053796225260304e-02 4.207553945727990873e-03 9.999323873275046681e-01 -4.524454411184102298e-01
9.999505316577169678e-01 2.974080212336399371e-03 9.491526976188354239e-03 1.107869980019762046e+01 -2.930984413609279398e-03 9.999853481461856708e-01 -4.551134289265097201e-03 -2.745535764241296972e-01 -9.504923346156013766e-03 4.523089634567740470e-03 9.999445975114528151e-01 -4.819908399645808084e-01
9.998906540060278347e-01 -6.365936542809538627e-03 1.334746730023911136e-02 1.195229961987372036e+01 6.491577613960747804e-03 9.999348321233927361e-01 -9.391002419569837931e-03 -2.676563335236173957e-01 -1.328681494866071865e-02 9.476621671005181283e-03 9.998668182264199844e-01 -5.255151513713902656e-01
9.998711524045617027e-01 -1.200442189078311170e-02 1.065703731070993636e-02 1.240978733412290502e+01 1.209302826676730835e-02 9.998925180117332889e-01 -8.289215372690204170e-03 -2.416746237981929890e-01 -1.055638463267341044e-02 8.417023180659771037e-03 9.999088540783421797e-01 -5.339459637355885580e-01
9.996853705288785141e-01 -1.855977075094206175e-02 1.687290313524315855e-02 1.284626641300491734e+01 1.869817515518574363e-02 9.997925055256630111e-01 -8.082335094699865524e-03 -2.569099181795032050e-01 -1.671939581458665308e-02 8.395284652082852378e-03 9.998249751827594789e-01 -5.110521399649187169e-01
9.996962013760557486e-01 -2.117718646752362113e-02 1.261077823151324391e-02 1.328150382074044522e+01 2.128263509099988585e-02 9.997391525412044899e-01 -8.287117700242133470e-03 -2.531937965808057633e-01 -1.243199090524177604e-02 8.552990676603157080e-03 9.998861394942015757e-01 -5.378937791201208185e-01
9.996329345130039457e-01 -2.665239606219843224e-02 4.862717456748166106e-03 1.372114052507520832e+01 2.670347629188176905e-02 9.995854798972465538e-01 -1.076070316104417446e-02 -2.460831029754257382e-01 -4.573903240052433483e-03 1.088660473861834121e-02 9.999302781926426853e-01 -6.279007160560851064e-01
9.995398920424483080e-01 -2.942084365367243770e-02 7.376867524705081093e-03 1.417349405555555464e+01 2.951086910999062979e-02 9.994874526776463819e-01 -1.240727787722547583e-02 -2.391131347837752164e-01 -7.008053948414415778e-03 1.261926696190592175e-02 9.998958152133652355e-01 -6.024539352420246185e-01
9.993020841936938181e-01 -2.981157601146538702e-02 2.250809769510442315e-02 1.459392418224329546e+01 3.035416136652783689e-02 9.992471230825806794e-01 -2.416219979473403431e-02 -2.379521195466302863e-01 -2.177083861210983573e-02 2.482855104307293490e-02 9.994546381098178278e-01 -6.176247749267044229e-01
9.996436127039272090e-01 -2.204786878155474972e-02 1.505121464972486445e-02 1.545055480268727344e+01 2.275068980486333325e-02 9.985765570079424558e-01 -4.824174444986862459e-02 -2.771363593932391067e-01 -1.396616245228575817e-02 4.856697722068861051e-02 9.987222812323761634e-01 -6.189286910572029399e-01
9.998201622837741276e-01 -1.068887306189089496e-02 1.566496356568806980e-02 1.589765537390725392e+01 1.161262682421236071e-02 9.981238291502133597e-01 -6.011629214079445421e-02 -2.846252810091648433e-01 -1.499299800203865440e-02 6.028739234021111143e-02 9.980684547343074975e-01 -7.257661713984494556e-01
9.998665242778764783e-01 6.253088008437083893e-03 1.509412199624125470e-02 1.632869349349889987e+01 -5.453465099995841690e-03 9.986087834733698987e-01 -5.244766237154216415e-02 -3.239771288409418193e-01 -1.540108265291115913e-02 5.235834661441185478e-02 9.985095944420981917e-01 -7.014923364462966049e-01
9.992901037078592008e-01 3.626179380674548342e-02 1.021620974006622225e-02 1.676624028786392628e+01 -3.581357925300689832e-02 9.985135794145597599e-01 -4.108551162894648334e-02 -3.577105601533982493e-01 -1.169085850673691300e-02 4.069046613938918922e-02 9.991034029532351868e-01 -6.971001906206966137e-01
9.983226808461030943e-01 5.784424609815650570e-02 2.422416476524808047e-03 1.722196272434868547e+01 -5.779611274342360411e-02 9.981894619984348349e-01 -1.665554883589061633e-02 -3.752839854964666877e-01 -3.381458265201562913e-03 1.648760590902075343e-02 9.998583522636541598e-01 -6.930373925342734331e-01
9.971234673879731947e-01 7.471201495261543812e-02 1.276344804140457090e-02 1.810928903221747532e+01 -7.502530158060473353e-02 9.968389432405300177e-01 2.614049276204944566e-02 -4.279517440532689121e-01 -1.077009317159217244e-02 -2.702288032063971529e-02 9.995767949648749484e-01 -7.654667254501943408e-01
9.978913009324957839e-01 6.231944002366166663e-02 1.814494195053450304e-02 1.859697335691322806e+01 -6.288398487489522959e-02 9.974944436340309473e-01 3.241048233965377473e-02 -4.529653369164148291e-01 -1.607967566541620291e-02 -3.348316464094005379e-02 9.993099227547591612e-01 -8.803629568906927716e-01
9.986436798058286879e-01 4.507796460345600553e-02 2.605336621404377717e-02 1.903685651948618585e+01 -4.597972881054848693e-02 9.983249364468386178e-01 3.511674539196368156e-02 -4.682326189471512912e-01 -2.442673376409395386e-02 -3.626704255415862804e-02 9.990435607629893910e-01 -8.618867806328418535e-01
9.989627756695226291e-01 2.839393772795520063e-02 3.559715054528995309e-02 1.946953310914171453e+01 -2.930546275558723948e-02 9.992489545972508269e-01 2.535185573054188693e-02 -4.715569589727680033e-01 -3.485057645612083671e-02 -2.636875113846543980e-02 9.990446067539094921e-01 -8.953751924320281219e-01
9.993065755303680575e-01 7.328136709138221953e-03 3.650570522727748096e-02 1.992722114362300800e+01 -8.081893246414815352e-03 9.997563035420117261e-01 2.054304090358691909e-02 -4.327167115632822858e-01 -3.634626670405432386e-02 -2.082383106887567004e-02 9.991222732760454139e-01 -8.821406559961204596e-01
9.998065430723610536e-01 -1.393895327647188230e-02 1.387739209114829952e-02 2.037080856749900448e+01 1.370636795752081145e-02 9.997663218493423321e-01 1.671637440506134470e-02 -4.580241959033606869e-01 -1.410715800961264907e-02 -1.652293186433560768e-02 9.997639625509104899e-01 -8.511056643605294791e-01
9.998552117577472753e-01 -1.662812249685272775e-02 -3.614009283328006947e-03 2.081428188895394626e+01 1.666350970505848378e-02 9.998112191864988452e-01 9.992668968602997845e-03 -4.737550968788195593e-01 3.447167704035070373e-03 -1.005144422639452952e-02 9.999435411580915867e-01 -8.993657442652884804e-01
9.998921533269224948e-01 -1.303821895674764364e-02 -6.759183507354906556e-03 2.126637433822999412e+01 1.305813457758195351e-02 9.999105023483678689e-01 2.910741278174506109e-03 -4.799744318673694887e-01 6.720627694192763887e-03 -2.998689692285078350e-03 9.999729201451034166e-01 -9.867998499619776709e-01
9.999161505677188755e-01 -1.264265605118408513e-02 2.802691885730357931e-03 2.171309650327874508e+01 1.263326947280137176e-02 9.999146124232165533e-01 3.341910375248135535e-03 -4.651437202747989441e-01 -2.844703194089910885e-03 -3.306222996118770956e-03 9.999904882313818133e-01 -9.759155913210750821e-01
9.999244810525115268e-01 -1.033568554706084872e-02 6.648743951889101757e-03 2.214038678915406422e+01 1.036543635827998772e-02 9.999363494786541740e-01 -4.455863598149820484e-03 -4.859777565132714638e-01 -6.602266350879197089e-03 4.524444228316541750e-03 9.999679692287433141e-01 -1.004616494839099650e+00
9.999652657072651829e-01 -7.953378105008944779e-03 2.492219034799237221e-03 2.259180784337809911e+01 7.969625160105886161e-03 9.999466031550131584e-01 -6.578443095295364272e-03 -4.950748579614424605e-01 -2.439765112886593725e-03 6.598076649251384020e-03 9.999752561592334388e-01 -9.505667098207640775e-01
9.999828225679157079e-01 -5.757812502791712951e-03 1.096432527395867912e-03 2.301434077856343663e+01 5.777831885805515509e-03 9.997984586589697686e-01 -1.922651091195805642e-02 -4.887600669547434995e-01 -9.855089060000141177e-04 1.923251565269007077e-02 9.998145523615192820e-01 -1.034859926245662143e+00
9.999766352588683738e-01 -3.326920134688471017e-03 -5.971644561560218376e-03 2.345777225819083256e+01 3.178434957087659073e-03 9.996897414143951499e-01 -2.470462430483891247e-02 -4.972476839912269853e-01 6.051982119584495973e-03 2.468506660386150797e-02 9.996769583216306154e-01 -1.069053838050211480e+00
9.999343611058000292e-01 -3.082989389324669247e-03 1.103488361337978674e-02 2.390486025404977255e+01 3.333726232070095309e-03 9.997350258096605602e-01 -2.277640091776822126e-02 -5.268801101275630838e-01 -1.096174025167235763e-02 2.281169318096789092e-02 9.996796821506738207e-01 -9.684266220002033521e-01
9.999742090835369579e-01 -2.901897034425969524e-03 6.569639362730652320e-03 2.435570802427740489e+01 3.041956759970643881e-03 9.997661390385715885e-01 -2.141059856654985161e-02 -5.455144405622091019e-01 -6.505971628067490527e-03 2.143003092646082741e-02 9.997491815988976960e-01 -1.101300099554208600e+00
9.999939002437819857e-01 2.366320609579870837e-03 2.569046905307945973e-03 2.478917877535504033e+01 -2.347474468666566061e-03 9.999704951465862024e-01 -7.314246366523088731e-03 -5.634159801015503621e-01 -2.586278957876240146e-03 7.308170979384316819e-03 9.999699504475562106e-01 -1.083854393706710217e+00
9.997542302578577011e-01 1.874475422342824701e-02 1.183694515580980058e-02 2.566653772706732539e+01 -1.886428971315039574e-02 9.997713516384568733e-01 1.006891337887700147e-02 -5.971460400997670170e-01 -1.164549935111021048e-02 -1.028973430737008948e-02 9.998792445654359762e-01 -1.171207827617102293e+00
9.995021946660462842e-01 2.459939692747098450e-02 1.975430405156660199e-02 2.611878495526137200e+01 -2.498226328147884479e-02 9.995001359997044421e-01 1.937432986988869149e-02 -6.057344989363570020e-01 -1.926783275544717913e-02 -1.985819244989630444e-02 9.996171281113239715e-01 -1.145716289069719007e+00
9.997616497690686721e-01 1.842669150112129922e-02 1.170900044207565799e-02 2.657569188385201997e+01 -1.864984539326092206e-02 9.996408640381666544e-01 1.924386166638721377e-02 -6.031575897600093272e-01 -1.135019461672301389e-02 -1.945764593546935387e-02 9.997462543549799907e-01 -1.188676593708355433e+00
9.999484359551753521e-01 3.658587780446890744e-03 9.473128641123989765e-03 2.702024221942615156e+01 -3.835205939815167046e-03 9.998179041976542614e-01 1.869357218964201942e-02 -5.802448649672939940e-01 -9.403011549377433484e-03 -1.872893967268077567e-02 9.997803809800127617e-01 -1.153656732244832339e+00
9.999224634804347867e-01 -8.805764674645612591e-03 8.804858642438604527e-03 2.744248600205813204e+01 8.724236104221091623e-03 9.999191091318573310e-01 9.255425292795629172e-03 -6.094197755899866120e-01 -8.885647506871267171e-03 -9.177891993670403425e-03 9.999184024543883442e-01 -1.258478583854479860e+00
9.997405851991137959e-01 -2.024870136896126521e-02 1.042844181093516460e-02 2.790237719202969657e+01 2.018275656804639079e-02 9.997758841197840196e-01 6.390451456601260391e-03 -5.994024638323288690e-01 -1.055550297467698802e-02 -6.178318976454932887e-03 9.999252020684230580e-01 -1.262544392971484131e+00
9.992968382666288507e-01 -3.137442409735816812e-02 2.052984517423608879e-02 2.833199850753688764e+01 3.122737667294386149e-02 9.994845823708496946e-01 7.444497907459630449e-03 -5.927840209024923812e-01 -2.075283056465009740e-02 -6.798170013113853834e-03 9.997615240186170649e-01 -1.283694333883127037e+00
9.990614080943515107e-01 -3.577577051747107134e-02 2.442124281057070703e-02 2.878598234467119710e+01 3.560760530152196762e-02 9.993392834542126346e-01 7.286630902683749467e-03 -5.841633957790460796e-01 -2.466579212639699939e-02 -6.410209754927610054e-03 9.996752012077099181e-01 -1.318311926339206908e+00
9.988592494487953388e-01 -4.068739376479189179e-02 2.499471502574202378e-02 2.923052325365839010e+01 4.052070773134613252e-02 9.991531896972021265e-01 7.139731287501755765e-03 -5.843034687473644961e-01 -2.526404630181211877e-02 -6.118783092713706538e-03 9.996620871364104710e-01 -1.301473585270283673e+00
9.990299848079151612e-01 -4.224233957655050553e-02 1.243680834443309548e-02 2.968909901384967753e+01 4.223307227181927193e-02 9.991072783425148929e-01 1.006960523444278910e-03 -5.477516357558934734e-01 -1.246824210464554140e-02 -4.807391307975004274e-04 9.999221528842673345e-01 -1.271952329734821641e+00
9.990886877403561961e-01 -4.214488826282176970e-02 6.752956579706009821e-03 3.015120688752451628e+01 4.220782263610259322e-02 9.990640187710155828e-01 -9.464993683418932227e-03 -5.403363054637672080e-01 -6.347734837911253244e-03 9.741395712223313227e-03 9.999324034513560333e-01 -1.353844319817541164e+00
9.990049501671666166e-01 -4.457101662907101552e-02 1.591859964934827293e-03 3.060957795294123329e+01 4.459445297277287584e-02 9.987903414363857868e-01 -2.071686794491285968e-02 -5.370375200626393841e-01 -6.665624922211901230e-04 2.076724175327296709e-02 9.997841153791178215e-01 -1.432738655682014972e+00
9.989560256950014150e-01 -4.285496412141617112e-02 1.582121290545740119e-02 3.105692328732326501e+01 4.332281048547109020e-02 9.985949016284506596e-01 -3.051813449909498988e-02 -5.392324701112184426e-01 -1.449112898595673882e-02 3.117169375919486701e-02 9.994089916990417377e-01 -1.414282344014674786e+00
9.990889347433046241e-01 -3.914651659974936748e-02 1.699560859735238863e-02 3.150050621634152037e+01 3.979374777197708379e-02 9.984237059425434824e-01 -3.957980609120795995e-02 -5.127458976742539365e-01 -1.541940698435319453e-02 4.022006526676581012e-02 9.990718634003201704e-01 -1.453864943286707456e+00
9.993003917489385879e-01 -3.616619891580674651e-02 9.525392716325624398e-03 3.239895503554421907e+01 3.660971634774103090e-02 9.980043243110299223e-01 -5.144994971253720462e-02 -4.904845297459859421e-01 -7.645634006141886589e-03 5.176267682864713060e-02 9.986301465348305095e-01 -1.440115728143762430e+00
9.998994993134232567e-01 -1.359211113127374061e-02 4.030606376276871586e-03 3.284911258662621947e+01 1.377687748923217374e-02 9.986520428752730938e-01 -5.004293064649930484e-02 -4.970607963334171542e-01 -3.344984217013156642e-03 5.009343046786430415e-02 9.987389345091884918e-01 -1.532340329569324977e+00
9.998475373280687473e-01 1.532574740335551459e-02 8.368008456304634399e-03 3.327836728316274417e+01 -1.495661077960558187e-02 9.989835023523807589e-01 -4.252366190438214982e-02 -5.304725627463827697e-01 -9.011209296405796668e-03 4.239202158778650892e-02 9.990604158972153925e-01 -1.523942512623761125e+00
9.993330789335403974e-01 3.605716291271258978e-02 5.768739194697082399e-03 3.372785694180516458e+01 -3.588209632898710366e-02 9.989632606260546721e-01 -2.801569350200801972e-02 -5.748303720284488882e-01 -6.772924940350445559e-03 2.779001479033912925e-02 9.995908375759079423e-01 -1.583738222903821047e+00
9.988075335666311005e-01 4.818096155132215591e-02 7.880725508043064098e-03 3.417930748478711678e+01 -4.805044202376147072e-02 9.987169421296228089e-01 -1.598826208744397528e-02 -6.101606722175205721e-01 -8.640943922063288457e-03 1.559052427744739115e-02 9.998411221993672715e-01 -1.599499622528335330e+00
9.984895925637442549e-01 5.100967128850847354e-02 2.040948252470475843e-02 3.462629071128093017e+01 -5.088011172705468599e-02 9.986814950238820376e-01 -6.818044258171031095e-03 -6.390514732306924461e-01 -2.073035871687575055e-02 5.769309482274421162e-03 9.997684568416665973e-01 -1.648694034452027335e+00
9.982071053198259269e-01 5.248729504054603506e-02 2.876905887130487213e-02 3.505955732617474041e+01 -5.254588140418870595e-02 9.986176858246712529e-01 1.283707768559931225e-03 -6.706904672311645443e-01 -2.866191264502195371e-02 -2.793101771292490904e-03 9.995852606686557174e-01 -1.649876852620282053e+00
9.985882993201258273e-01 4.777687064657966387e-02 2.321161545775740978e-02 3.553888545236098651e+01 -4.817270387540757703e-02 9.986976588981472114e-01 1.680406833752734475e-02 -7.052231462556370900e-01 -2.237854021760804155e-02 -1.789851230074698818e-02 9.995893377758432452e-01 -1.587820866609532588e+00
9.992381524627015343e-01 3.834927868407667778e-02 7.242063748530269858e-03 3.598793650540235234e+01 -3.854729210434903325e-02 9.988202163744598350e-01 2.953441438557963608e-02 -7.221839575107382725e-01 -6.100896192261039304e-03 -2.979107561146734570e-02 9.995375284998373466e-01 -1.643907270724805691e+00
9.995763896851904695e-01 2.865135605509976091e-02 -5.112825062937165557e-03 3.646014483807238804e+01 -2.840410823778498350e-02 9.986619936651073282e-01 4.321375989253132405e-02 -7.503043279020110701e-01 6.344116891774262412e-03 -4.305022886161061907e-02 9.990527663621309173e-01 -1.658141354563499537e+00
9.998841648094088930e-01 1.267390217406180221e-02 -8.427880342828942759e-03 3.691303813283474256e+01 -1.226739354908732739e-02 9.988358831143220318e-01 4.665179159200770476e-02 -7.330660447994994389e-01 9.009329547893208182e-03 -4.654299954788712612e-02 9.988756585152042122e-01 -1.725058236393961275e+00
9.999665155635888425e-01 -5.379628804342254274e-03 -6.166631620442836539e-03 3.735120402031827069e+01 5.658129846158020844e-03 9.989220875352085027e-01 4.607221072344139939e-02 -7.122750970209508203e-01 5.912133139465832951e-03 -4.610555962385299439e-02 9.989190778303879137e-01 -1.695779570709360140e+00
9.997205696986674051e-01 -2.359375554532895311e-02 1.455067228431237893e-03 3.777347247857538548e+01 2.352410949361160783e-02 9.990432243897364728e-01 3.686803593210820351e-02 -6.953102401582420544e-01 -2.323530482814346095e-03 -3.682350472491596749e-02 9.993190835293147556e-01 -1.707902334641388409e+00
9.980482347834604973e-01 -6.216016438734349447e-02 5.986234956704779633e-03 3.865668587593648198e+01 6.211811785484568083e-02 9.980444604498429628e-01 6.970968336843036232e-03 -6.379392069342260108e-01 -6.407845175247540992e-03 -6.585508994770203177e-03 9.999577844046666497e-01 -1.668921424962877875e+00
9.972710415270712447e-01 -7.382529626830026948e-02 -5.434725460702512223e-04 3.908480389875439442e+01 7.380367039412043251e-02 9.971111027998855736e-01 -1.795736365817756849e-02 -6.075303179079545313e-01 1.867610202016136908e-03 1.786824848981269712e-02 9.998386058399824083e-01 -1.744130025701025932e+00
9.961762859794905944e-01 -8.718650039191207235e-02 5.596552645989855655e-03 3.952025490658525086e+01 8.733924211310943597e-02 9.954099872879000888e-01 -3.912561813710024872e-02 -5.711620616075844259e-01 -2.159638677156733647e-03 3.946481162901518958e-02 9.992186270300761342e-01 -1.747999278558785230e+00
9.963877195611616777e-01 -8.464944150783514087e-02 6.781176897813550805e-03 3.994634911820586609e+01 8.489580396513439486e-02 9.948460961268266178e-01 -5.544319155970655472e-02 -5.358710351772150160e-01 -2.052992162994156378e-03 5.581860866793834225e-02 9.984388154261403248e-01 -1.823513792070924566e+00
9.978574333657612705e-01 -6.416025226425585426e-02 1.280643221519166090e-02 4.041132233495571313e+01 6.482461594929424253e-02 9.960376437293799734e-01 -6.088334288663282967e-02 -5.373759787068049798e-01 -8.849397929901975032e-03 6.158306831761348188e-02 9.980627304197198235e-01 -1.796875763035329365e+00
9.998036436292109252e-01 -1.559615011418017186e-02 1.222433177600361874e-02 4.130150698763144845e+01 1.629669287876085379e-02 9.980968449131218945e-01 -5.947357375916536432e-02 -5.540100191104813110e-01 -1.127350819262572072e-02 5.966111192466577035e-02 9.981550279074605792e-01 -1.832842875949335593e+00
9.998440662111144350e-01 1.707765192897280071e-02 4.494114708977345156e-03 4.217716837216053705e+01 -1.681538723081236336e-02 9.984501882555862906e-01 -5.305152518695605002e-02 -6.212922291701117317e-01 -5.393145158664598184e-03 5.296768238253635186e-02 9.985816634648967405e-01 -1.875016432591001925e+00
9.995187483151046770e-01 2.982161200577821206e-02 8.540680533969257845e-03 4.259749764758933566e+01 -2.932723594139792847e-02 9.981581308052983603e-01 -5.310611207112156396e-02 -6.323370462197565045e-01 -1.010865958691231463e-02 5.283008011208926991e-02 9.985523509745025672e-01 -1.920323420991759900e+00
9.992933039088378600e-01 3.720922884788096380e-02 5.325978924572379036e-03 4.304891797747576732e+01 -3.692863463769489180e-02 9.982788297689115797e-01 -4.555934568239736193e-02 -6.393414277597275763e-01 -7.012040127852040353e-03 4.533046794109410471e-02 9.989474360392976982e-01 -1.954879161592169901e+00
9.989044631938011065e-01 4.397124411183063464e-02 1.601259200635404834e-02 4.346200164399470367e+01 -4.326168919736086971e-02 9.981701243597669304e-01 -4.224723758304655546e-02 -7.093397796354639073e-01 -1.784095455111927436e-02 4.150822240069106800e-02 9.989788625460699345e-01 -1.928896091627097409e+00
9.980364812658437668e-01 5.971338995228372276e-02 1.890748854025024739e-02 4.430230933423028716e+01 -5.947267726797157011e-02 9.981446576800403481e-01 -1.304772023668559003e-02 -7.666640110619448167e-01 -1.965153228307887912e-02 1.189762182966065326e-02 9.997360971144962916e-01 -1.988492665306764495e+00
9.976827144910900280e-01 6.439804597213133475e-02 2.195661359730373408e-02 4.475046706224847526e+01 -6.445000831128586127e-02 9.979195454745110050e-01 1.666489910152951000e-03 -8.238854066701957191e-01 -2.180361516733468619e-02 -3.077732106067326921e-03 9.997575355708593348e-01 -2.031871821253616872e+00
9.972468768926046057e-01 7.132788188410867092e-02 2.027312984896467718e-02 4.517478214158528971e+01 -7.157215464977349784e-02 9.973680923155816558e-01 1.158943957084769202e-02 -8.627216934539611026e-01 -1.939312266591553674e-02 -1.300852400174846643e-02 9.997273053670989729e-01 -2.072611700454313866e+00
9.974163743288227968e-01 6.927143592546090856e-02 1.902746398158406196e-02 4.563212720010731971e+01 -6.975709035153061788e-02 9.972206665006788651e-01 2.617041554179345628e-02 -8.918859684370182839e-01 -1.716171805018688531e-02 -2.743010150849815518e-02 9.994763954015118967e-01 -2.075572472235562405e+00
9.977880515963377661e-01 6.214919329534088904e-02 2.358986783181337213e-02 4.606699160510443392e+01 -6.299739749914015641e-02 9.973238922499720882e-01 3.709962069484516733e-02 -9.199589787972900501e-01 -2.122102730593876038e-02 -3.850365852882565998e-02 9.990331006928530044e-01 -2.084169054042304126e+00
9.985569783425953805e-01 5.027734872531035987e-02 1.887191586615182687e-02 4.651593549829281216e+01 -5.091443129626873482e-02 9.980912803626352803e-01 3.495020385996181617e-02 -9.545283490232188139e-01 -1.707869108225541777e-02 -3.586062282265733286e-02 9.992108556464386337e-01 -2.137780217924366344e+00
9.996769680633265098e-01 2.303745062700986515e-02 1.073477490788418351e-02 4.697221673649712415e+01 -2.340924270673188853e-02 9.990811073639693785e-01 3.590192563473568188e-02 -9.218616996442730027e-01 -9.897821963047080673e-03 -3.614162111738837557e-02 9.992976615320356970e-01 -2.120963018328621885e+00
9.998657483971956639e-01 -5.356759828661524815e-03 1.548516406931962734e-02 4.740658775165397998e+01 4.957752320296201186e-03 9.996576218890327326e-01 2.569162686741020482e-02 -9.496603268289440791e-01 -1.561748616283385911e-02 -2.561140611722976732e-02 9.995499737395084905e-01 -2.119585918114442968e+00
9.997569676982180908e-01 -2.073782867208446776e-02 7.479839626048150232e-03 4.782295978834661554e+01 2.061869096847597158e-02 9.996646357427234619e-01 1.566798098398165806e-02 -9.309743229470436310e-01 -7.802251060470701861e-03 -1.550994865675559865e-02 9.998492718260358902e-01 -2.201109211342250127e+00
9.998166565507666803e-01 -1.707394274308178528e-02 8.667973399376584578e-03 4.821966882492269946e+01 1.692222546373810255e-02 9.997073946856563920e-01 1.728477064272719577e-02 -9.218980650537580424e-01 -8.960556288576561682e-03 -1.713492019308041764e-02 9.998130339923440024e-01 -2.176307059350412132e+00
9.999040904904059612e-01 -5.233798866893459370e-03 1.282252588123236788e-02 4.865360350830761149e+01 5.015869368759839561e-03 9.998434273040944786e-01 1.696944110091635691e-02 -9.074801890251256165e-01 -1.290933286539261600e-02 -1.690349745534447737e-02 9.997737848627296087e-01 -2.244431970548331101e+00
9.999706946365284344e-01 2.523504832535513600e-05 7.655666615725332039e-03 4.909952701201137160e+01 -2.304835539732774294e-04 9.996405123648064439e-01 2.681031361917515440e-02 -9.266337250846852225e-01 -7.652237938678016493e-03 -2.681129243843938595e-02 9.996112233525143997e-01 -2.211824679843767072e+00
9.998771660541535544e-01 4.854957284885503231e-03 1.490242239626336090e-02 4.953245452022616746e+01 -5.320809755817590934e-03 9.994933201530119549e-01 3.138139501442283041e-02 -9.160341198133722385e-01 -1.474251630682872974e-02 -3.145683326831839877e-02 9.993963807487358242e-01 -2.258877816444130104e+00
9.999743086787490354e-01 5.076556447105516970e-03 5.060687413514495560e-03 4.996791621095007940e+01 -5.267786509903928105e-03 9.992439821793317467e-01 3.851901483264476983e-02 -9.148837431711556167e-01 -4.861317490560230874e-03 -3.854468384914818552e-02 9.992450524967462222e-01 -2.298671366964132989e+00
9.999336558370919281e-01 -6.456313529857394054e-03 9.539388862628840962e-03 5.041338408108333624e+01 6.030611924778869759e-03 9.990133365679114696e-01 4.399983044582791297e-02 -9.028796619730228290e-01 -9.814053397092443662e-03 -4.393938296167881202e-02 9.989859933857260232e-01 -2.255372727775561081e+00
9.994100164651249507e-01 -3.327125612750932160e-02 8.523057249383540410e-03 5.081242749409436499e+01 3.294033563952064592e-02 9.987942640453496557e-01 3.639989557765486300e-02 -8.455078582124011533e-01 -9.723850941593165445e-03 -3.609766787212333877e-02 9.993009582188238094e-01 -2.317754124838438123e+00
9.980070639851214009e-01 -6.302789912279803397e-02 3.063358934925829429e-03 5.123655369013936678e+01 6.293508402168913884e-02 9.977206471623428774e-01 2.434513144631985163e-02 -8.160505167439987551e-01 -4.590798947974650268e-03 -2.410382040511538024e-02 9.996989198788289732e-01 -2.325974433109506467e+00
9.962991294705855205e-01 -8.572815933499609853e-02 6.223127283529966171e-03 5.166322198990827985e+01 8.568284481758871307e-02 9.962963302617301453e-01 7.216121601984369291e-03 -8.022524243331543570e-01 -6.818703697808177304e-03 -6.656200420896114106e-03 9.999545991072986695e-01 -2.357585720785408512e+00
9.950834484519240908e-01 -9.831027071358103275e-02 1.200088701926820510e-02 5.209086651760547682e+01 9.842165204392266942e-02 9.951034544028160012e-01 -9.071573431753642697e-03 -7.396098973010283295e-01 -1.105029528889787428e-02 1.020811969978311501e-02 9.998868362300921131e-01 -2.394373328657211975e+00
9.950687713757266906e-01 -9.805937750051385571e-02 1.491639088430557480e-02 5.250899659787197749e+01 9.838979607178074960e-02 9.948747310954993983e-01 -2.331774981878100353e-02 -7.247256794516948597e-01 -1.255341633799647930e-02 2.467038532065478004e-02 9.996168184991564010e-01 -2.384891805950023258e+00
9.954244676922578972e-01 -9.405726721464208184e-02 1.683328855864241885e-02 5.295101609848012458e+01 9.462264321535043821e-02 9.948356460711966776e-01 -3.672319018066313306e-02 -7.238800544572761009e-01 -1.329227258694315982e-02 3.814797229497361025e-02 9.991836906691663467e-01 -2.360659801595633489e+00
9.968131109935559619e-01 -7.962864522232010467e-02 4.785458327733424846e-03 5.341144898968254751e+01 7.977018778489913808e-02 9.954291697933483896e-01 -5.251176120915290735e-02 -7.217731215955238699e-01 -5.821444069335204516e-04 5.272614896408654717e-02 9.986088394978819283e-01 -2.407222617980965929e+00
9.982162943074025518e-01 -5.964741341035494776e-02 2.532953345655770180e-03 5.385279396228825277e+01 5.968853322424350766e-02 9.962334307617703999e-01 -6.289857259247856602e-02 -6.942868926757463921e-01 1.228324360842637276e-03 6.293756832041673410e-02 9.980167101372489080e-01 -2.445997707729373083e+00
9.989209634426292617e-01 -4.564500775430571644e-02 8.569834418395507608e-03 5.426672270843987889e+01 4.613948353180209738e-02 9.964064844699451751e-01 -7.103003425075511690e-02 -6.922631927669593566e-01 -5.296872121158687462e-03 7.134879798114508731e-02 9.974373625307896285e-01 -2.468773058566330114e+00
9.994575339852646012e-01 -3.170400684307603939e-02 8.915924527934597499e-03 5.470974357080432782e+01 3.225165466154628763e-02 9.970219057708841204e-01 -7.005105412901865836e-02 -7.158611724052365011e-01 -6.668472965079623796e-03 7.030060713172062159e-02 9.975035619511468665e-01 -2.485800208520641874e+00
9.997938359832829747e-01 -1.704679042693271057e-02 1.103143082163339159e-02 5.512749985616971315e+01 1.774070969232384443e-02 9.976482199794003414e-01 -6.620646789813464106e-02 -7.521975398330982276e-01 -9.876879539861497387e-03 6.638852391847765988e-02 9.977449629752488391e-01 -2.468172296734524096e+00
9.999431264455964641e-01 3.692085524116197389e-03 1.000561735668856200e-02 5.557067832093811433e+01 -3.055869074011341880e-03 9.980169488013934664e-01 -6.287154817052943712e-02 -7.941055829807768252e-01 -1.021790283807576943e-02 6.283739658546742823e-02 9.979714705601319125e-01 -2.519524537044636414e+00
9.997220251250070744e-01 2.122733330030597554e-02 1.026025345263716602e-02 5.597860102113759950e+01 -2.066739400105506441e-02 9.984382739909515303e-01 -5.190252262823749629e-02 -8.102686081037275834e-01 -1.134598189491702221e-02 5.167604233034175931e-02 9.985994468974599414e-01 -2.556987534405830154e+00
9.974467887237334907e-01 7.091869097318373449e-02 8.393028974206734674e-03 5.725218037404322757e+01 -7.069417449157155975e-02 9.971956398659569398e-01 -2.455991704546346341e-02 -9.272866670927943922e-01 -1.011124906562185267e-02 2.390387213350342668e-02 9.996631270279794368e-01 -2.636567700289859761e+00
9.972182027664657777e-01 7.415497642168407399e-02 7.542913437087239714e-03 5.769873678068801581e+01 -7.404742409357305266e-02 9.971611828398602162e-01 -1.365849268833791222e-02 -9.603527147100012762e-01 -8.534345688244029948e-03 1.306196422098613794e-02 9.998782676077939691e-01 -2.654559637886960033e+00
9.970177232020626112e-01 7.576278525762758509e-02 1.468536655932848808e-02 5.809740660536198931e+01 -7.566081058496521017e-02 9.971063002168953915e-01 -7.380230985572906049e-03 -9.636442061606567133e-01 -1.520201837261259820e-02 6.247114356325078610e-03 9.998649269774481096e-01 -2.647346745047680638e+00
9.980625060378046642e-01 5.955667190448672710e-02 1.800657860890024151e-02 5.896256840023150403e+01 -5.974453036311265508e-02 9.981627961633450230e-01 1.008084555301398677e-02 -1.012363613869399881e+00 -1.737311524247428171e-02 -1.113710855805641331e-02 9.997870471654140001e-01 -2.680310538543922316e+00
9.984309385149493510e-01 5.435071616907630188e-02 1.347815521745673352e-02 5.941261157746887278e+01 -5.449180188254133805e-02 9.984607723498345466e-01 1.033100218593090147e-02 -1.023628642755584295e+00 -1.289591190072316394e-02 -1.104924117215077758e-02 9.998557944652660678e-01 -2.744343245967443057e+00
9.987796858071757988e-01 4.705235792810581741e-02 1.500715936893691656e-02 5.985710137595683022e+01 -4.730496039345105652e-02 9.987367346452959982e-01 1.694625599433826832e-02 -1.045039366356651289e+00 -1.419084004184670463e-02 -1.763548931719891369e-02 9.997437719613209151e-01 -2.745290563884508206e+00
9.988737870958320775e-01 4.461956344399995583e-02 1.613232813009709068e-02 6.028736403428362678e+01 -4.499900987216891995e-02 9.986992471053640630e-01 2.397713372576937979e-02 -1.103316228837056823e+00 -1.504149471810241334e-02 -2.467606916114976900e-02 9.995823353017996293e-01 -2.777160346718701156e+00
9.986181118600112594e-01 5.063928804967834235e-02 1.405450714069308299e-02 6.074625344187595744e+01 -5.101682281595771445e-02 9.983066866709873199e-01 2.794714900952110712e-02 -1.114968919799699698e+00 -1.261548472755862071e-02 -2.862554547632070387e-02 9.995105940865618432e-01 -2.800864764108133453e+00
9.987865700237320565e-01 4.494086049209044392e-02 2.014215972677936908e-02 6.117299898318837137e+01 -4.551524042529483255e-02 9.985418116569791946e-01 2.902780153276410952e-02 -1.140323034300187111e+00 -1.880825428518647160e-02 -2.990935357088814889e-02 9.993756451603748037e-01 -2.813377801845292403e+00
9.995592863708701037e-01 2.908548317990830231e-02 5.938661292593412633e-03 6.165472076607071727e+01 -2.923282020240567172e-02 9.992226859685333640e-01 2.644742083537974381e-02 -1.158721681501309941e+00 -5.164809073983157514e-03 -2.660936891437162832e-02 9.996325656125895076e-01 -2.851459020078497719e+00
9.998767283593853472e-01 1.344723404615958025e-02 8.105552531420907522e-03 6.209724700337890368e+01 -1.362100696861794254e-02 9.996700162000324852e-01 2.177904680622372649e-02 -1.185002848172619139e+00 -7.810009890690197513e-03 -2.188676785490788548e-02 9.997299501057136384e-01 -2.861269438274082866e+00
9.999670915946416994e-01 3.734310283764662934e-04 8.104090141437005762e-03 6.252567293712902341e+01 -5.218864942216456474e-04 9.998319613793859029e-01 1.832420908899804954e-02 -1.180591675911480065e+00 -8.095885513064015465e-03 -1.832783548369025170e-02 9.997992533925208480e-01 -2.900956244044583521e+00
9.998333195588520184e-01 -1.312396815074148328e-02 1.269230317573729130e-02 6.343010516074811989e+01 1.294516721521065013e-02 9.998172350781328044e-01 1.406837184922251835e-02 -1.172552840665928020e+00 -1.287461633202104799e-02 -1.390172293984038784e-02 9.998204770625610527e-01 -2.915186273909277759e+00
