1.000000000000000000e+00 0.000000000000000000e+00 0.000000000000000000e+00 0.000000000000000000e+00 0.000000000000000000e+00 1.000000000000000000e+00 0.000000000000000000e+00 0.000000000000000000e+00 0.000000000000000000e+00 0.000000000000000000e+00 1.000000000000000000e+00 0.000000000000000000e+00
9.999820227154546659e-01 9.953004309609548173e-04 5.913004562831281063e-03 2.590917047330739686e-01 -1.020674812084835419e-03 9.999902777984012170e-01 4.289817199405472625e-03 3.153556688214570036e-03 -5.908677418501553924e-03 -4.295775334962056297e-03 9.999733165667149537e-01 -1.690831419952321460e-02
9.995868321489580488e-01 -2.091058731643792926e-02 1.972086033854697149e-02 7.793953187780903180e-01 2.103585819625852435e-02 9.997597059968901245e-01 -6.166273993167456155e-03 5.531385565155839262e-02 -1.958718112332024155e-02 6.578571508582655228e-03 9.997865095771940602e-01 -6.484777317305102928e-02
9.985515979430086286e-01 -4.575671369175710740e-02 2.830246274787092536e-02 1.035637651353255251e+00 4.614267163140193390e-02 9.988484709663016936e-01 -1.313719540075999198e-02 5.543317014008765364e-02 -2.766875675162634718e-02 1.442411870485342876e-02 9.995130738011422933e-01 -1.147712923153030307e-01
9.979205026789927935e-01 -5.536586965152313217e-02 3.300440592764737613e-02 1.279452427862681763e+00 5.621151354829472674e-02 9.980990562661395948e-01 -2.526934160700405191e-02 6.770312138485459763e-02 -3.154260733541623674e-02 2.707202168978403711e-02 9.991357112845640209e-01 -1.394940409099323098e-01
9.972501965592492912e-01 -6.079627564126302564e-02 4.237756872084729592e-02 1.537087519690274018e+00 6.219962025687321427e-02 9.975304521077148490e-01 -3.262214520350822239e-02 5.829180437560773503e-02 -4.028961035353077064e-02 3.516830939822920138e-02 9.985689446961741877e-01 -1.031749781447035136e-01
9.968371755901572762e-01 -6.467325809252835733e-02 4.618457587913016998e-02 1.806570902243003873e+00 6.662604880943820418e-02 9.968905462014644447e-01 -4.207384596383272751e-02 1.165210620800072316e-01 -4.331991437526481331e-02 4.501786958356848029e-02 9.980464800983351870e-01 -1.610565457184225113e-01
9.969976304660488342e-01 -6.016962632557174701e-02 4.873746929134673694e-02 2.064603665571582258e+00 6.287664161659915762e-02 9.964457320386824746e-01 -5.605739060027638970e-02 1.343446991574838434e-01 -4.519129102052355657e-02 5.895353398851733290e-02 9.972372977612515843e-01 -2.161534593325201981e-01
9.968868346964098182e-01 -5.679588607082112356e-02 5.468881178452451169e-02 2.339857340668978214e+00 6.021339226483502644e-02 9.961945199033859222e-01 -6.301448965455126727e-02 1.494546774180598170e-01 -5.090173082454019921e-02 6.611131400821458615e-02 9.965130746554072827e-01 -1.640306538575144746e-01
9.976464742120538798e-01 -3.764685331122388789e-02 5.730817505400931378e-02 2.614942714264650192e+00 4.125711644510032805e-02 9.971492771993484272e-01 -6.317570200205484265e-02 1.719924979127930298e-01 -5.476643894661416267e-02 6.539138640968085447e-02 9.963556612718806882e-01 -2.966698017247755836e-01
9.980535539188266636e-01 -3.639883277628854809e-03 6.225636320670367707e-02 2.865926363134337684e+00 7.180414170800962330e-03 9.983630882459620937e-01 -5.674139300652646795e-02 1.023330509612579292e-01 -6.194792298645314388e-02 5.707797541706054884e-02 9.964459641947243096e-01 -2.548670181130252566e-01
9.944442121416079416e-01 7.133983499879788248e-02 7.740372652786853269e-02 3.347363287105870278e+00 -6.917602124400427932e-02 9.971445687012379100e-01 -3.028840032869380139e-02 2.477778206849760856e-02 -7.934347498632660090e-02 2.476564257124059393e-02 9.965396509548065662e-01 -3.782680520463099771e-01
9.926352927951441751e-01 8.719002190085506365e-02 8.410157892945170632e-02 3.602931837380034530e+00 -8.622071152067115052e-02 9.961616763510161565e-01 -1.509647225024811530e-02 -7.238393409099261322e-02 -8.509503159625468605e-02 7.733993176989596360e-03 9.963428230017872256e-01 -3.886617195521794299e-01
9.918054769600099796e-01 8.614678430440932122e-02 9.434313661383493532e-02 3.880925336952139926e+00 -8.628232570870918161e-02 9.962672041531456246e-01 -2.649188398470901044e-03 -1.043081281191956117e-01 -9.421919200684840401e-02 -5.512665678593795665e-03 9.955362144968372684e-01 -4.511368762294506451e-01
9.916642113926342761e-01 7.114996722891982206e-02 1.074233401377395897e-01 4.419111665022533053e+00 -7.304839127609259741e-02 9.972324044580853641e-01 1.383705281916698150e-02 -1.331978391933324457e-01 -1.061415299258482575e-01 -2.156881225448383302e-02 9.941170765875270154e-01 -5.276517717701697530e-01
9.922989678736517938e-01 4.793872475665623273e-02 1.142131210745549325e-01 4.960709210794490787e+00 -5.035503702187749814e-02 9.985625293307744954e-01 1.836423870056893420e-02 -1.497290716722528836e-01 -1.131685848785374399e-01 -2.397402104845331589e-02 9.932865234721336423e-01 -6.590761634591106866e-01
9.918097855006416941e-01 2.426965331725076253e-02 1.253967037566439680e-01 5.236647715499675115e+00 -2.677037062799852984e-02 9.994741685479066051e-01 1.829572796885574337e-02 -1.236128878056209635e-01 -1.248867352508290368e-01 -2.150279826746360340e-02 9.919379683352472776e-01 -6.345316278335765281e-01
9.911092817204749661e-01 -2.570502026740828505e-02 1.305436464197942958e-01 5.777449344066160286e+00 2.638800247051127645e-02 9.996456333107449632e-01 -3.504444089423672248e-03 -8.259618012676295251e-02 -1.304073042936646221e-01 6.918073128533342234e-03 9.914363697439426693e-01 -7.656435221851356498e-01
9.897123397446828674e-01 -4.485163553264444325e-02 1.358595427165583402e-01 6.061858288966996966e+00 4.756495505984924266e-02 9.987270251547210043e-01 -1.679000523394449593e-02 -9.459147936741096885e-02 -1.349335377408449610e-01 2.307942840817744576e-02 9.905858268605965966e-01 -7.983304719031777408e-01
9.890962733319802469e-01 -4.992980689968783137e-02 1.385481016244842212e-01 6.332035962339481294e+00 5.445692817092109839e-02 9.980926649789104710e-01 -2.907705434674574124e-02 -5.159610558598901053e-02 -1.368320322694056013e-01 3.630491011221968073e-02 9.899287592785492862e-01 -8.472271744208240696e-01
9.890139578736700798e-01 -4.638937211035783215e-02 1.403546126291013163e-01 6.605703805256956329e+00 5.219368511917714393e-02 9.979153216460897591e-01 -3.795826731637418766e-02 -3.569072723161609284e-02 -1.383011582190782351e-01 4.486688064918140789e-02 9.893734141647801961e-01 -9.103710592681193425e-01
9.890067058351346141e-01 -1.705478264405923747e-02 1.468838663778273823e-01 7.159031352032010354e+00 2.491325572923010559e-02 9.983451825485456510e-01 -5.182881603009231036e-02 -2.920151812450466622e-02 -1.457568712003160794e-01 5.491840193482568772e-02 9.877949704401310926e-01 -1.001310409236365828e+00
9.890595307437235473e-01 -3.316607222652217905e-03 1.474796418545149257e-01 7.422789053962394412e+00 1.170241310562378928e-02 9.983605293026841521e-01 -5.602951952292339194e-02 -7.467900739777637298e-02 -1.470520253941123567e-01 5.714239798078988436e-02 9.874768089329968301e-01 -1.073771898338961694e+00
9.890458646894891848e-01 9.658071057912267707e-03 1.472922238411144280e-01 7.730838241046559922e+00 -5.868772431884168583e-04 9.981065495651075814e-01 -6.150586386952758972e-02 -1.125541772752630676e-01 -1.476073613195564016e-01 6.074567786003996078e-02 9.871788234689813368e-01 -1.109228949162541777e+00
9.880055468647509498e-01 2.379036475656710198e-02 1.525747617046604721e-01 8.013363207654668585e+00 -1.360761711635452391e-02 9.976305538129326411e-01 -6.743968309026969477e-02 -1.463033002505834679e-01 -1.538176586770814425e-01 6.455460203309136558e-02 9.859882510635966657e-01 -1.156403130676633584e+00
9.877401885215207900e-01 4.008271905766488952e-02 1.508731109655226388e-01 8.306582534033220000e+00 -2.979046822091436023e-02 9.971111006392487930e-01 -6.987117420771336851e-02 -1.571881720197364218e-01 -1.532378803776967002e-01 6.451998616653793761e-02 9.860807894906078452e-01 -1.228799869741892703e+00
9.867926629258382265e-01 6.055813422542798141e-02 1.502429791200508846e-01 8.630515207473933970e+00 -5.103206549697424099e-02 9.964823722515522286e-01 -6.647262656937392988e-02 -1.602032518011204387e-01 -1.537399384897936427e-01 5.792749063315236202e-02 9.864119003449322021e-01 -1.240420679741043974e+00
9.895977718254976851e-01 8.829643624653775447e-02 1.135781200063259444e-01 8.927254109868794529e+00 -8.310631599799291058e-02 9.953027671236696072e-01 -4.965623825067803226e-02 -3.058361165881385291e-01 -1.174290860019443217e-01 3.970064359840334151e-02 9.922873921695369859e-01 -1.040275941100537338e+00
9.897778605624970583e-01 1.183817358341835296e-01 7.953333490563330166e-02 9.267083895095087342e+00 -1.164541598435168551e-01 9.927879728917780033e-01 -2.846874666322441252e-02 -3.859565255595912570e-01 -8.232991798530270300e-02 1.891574746923340919e-02 9.964256013883894258e-01 -9.765064687463316240e-01
9.891327556395820286e-01 1.457293213032213319e-01 1.947707969253510002e-02 9.584959827483132244e+00 -1.453967912195839041e-01 9.892181741570691411e-01 -1.752646628397367887e-02 -4.253422189368402107e-01 -2.182120124776857489e-02 1.450409700246838886e-02 9.996566742368339087e-01 -1.289688945636652040e+00
9.885625768930169643e-01 1.486044329989679724e-01 2.570513683474805189e-02 9.896253319198972775e+00 -1.482486409905676150e-01 9.888326231489354967e-01 -1.524414119736317366e-02 -4.621656758835301360e-01 -2.768342484389660352e-02 1.125903590235836221e-02 9.995533312932640690e-01 -1.379838686502030898e+00
9.889515987059634972e-01 1.410302847453388519e-01 4.566392669895497775e-02 1.018096732226967660e+01 -1.406966009956387986e-01 9.899975346029276091e-01 -1.045695693780941508e-02 -4.955596477791471832e-01 -4.668192246676323293e-02 3.916665006589071032e-03 9.989021262616439856e-01 -1.403404822539542351e+00
9.887567205300999973e-01 1.389638527017836855e-01 5.521951873059669641e-02 1.045453207141525986e+01 -1.394105236929571445e-01 9.902253263246093562e-01 4.302207453897980566e-03 -5.296498948428474129e-01 -5.408191463157700080e-02 -1.195201855746185968e-02 9.984649697221154030e-01 -1.333410946005885389e+00
9.895886058087428605e-01 1.352149175604608067e-01 4.930838998209439994e-02 1.074125121885846212e+01 -1.361074604030999280e-01 9.905774500608464095e-01 1.520113987732563295e-02 -5.302314947727005956e-01 -4.678835833973123137e-02 -2.175411455493488078e-02 9.986679167890614162e-01 -1.392142932597174587e+00
9.901811258916166647e-01 1.323118260350208131e-01 4.511007225984909469e-02 1.099566709505056039e+01 -1.336241825790448201e-01 9.906525669136466705e-01 2.742388552858555928e-02 -5.876193087741914400e-01 -4.105990450661705510e-02 -3.318241038082164057e-02 9.986055336734451782e-01 -1.389976859049919966e+00
9.907299950485475293e-01 1.292236002038181508e-01 4.189675478445432921e-02 1.126671900159703199e+01 -1.306180060641184693e-01 9.909017870143124185e-01 3.244356613684858809e-02 -6.200136641405245008e-01 -3.732309476636198886e-02 -3.761528468861997238e-02 9.985950515373362979e-01 -1.424422870057705071e+00
9.931766310445840906e-01 1.082329298287842412e-01 4.342594210385828518e-02 1.154240820551337343e+01 -1.098790268363164513e-01 9.932374756341203481e-01 3.749555250245196342e-02 -6.043360115640705743e-01 -3.907401960938029079e-02 -4.201130677136272890e-02 9.983527788787529555e-01 -1.445512916663127312e+00
9.956690116131300394e-01 8.371468823215552635e-02 4.043600236825688893e-02 1.177762111340618389e+01 -8.522232512513655545e-02 9.956702384695284014e-01 3.712050008146536295e-02 -6.060032510699950858e-01 -3.715339302941517846e-02 -4.040578176728611137e-02 9.984923626078350267e-01 -1.465723602290173178e+00
9.974435510941782601e-01 5.797021748460549212e-02 4.178296621139863248e-02 1.201143692446252231e+01 -5.958632077050674686e-02 9.974792747562275519e-01 3.853007667815550735e-02 -5.966942814013362906e-01 -3.944404590897867408e-02 -4.092126973320605460e-02 9.983835019298709090e-01 -1.477106431666159292e+00
9.982751115173796874e-01 3.648428750184418146e-02 4.599672260548570701e-02 1.224031389942016013e+01 -3.846633882938775562e-02 9.983356257615209062e-01 4.296881558078264468e-02 -5.732793838439298462e-01 -4.435248022406367008e-02 -4.466402468245948137e-02 9.980170251038499307e-01 -1.470779346050586911e+00
9.989979872204638456e-01 2.229692242553639459e-02 3.880552511964795864e-02 1.246809073429184700e+01 -2.398496759115865962e-02 9.987614427792245175e-01 4.359245057590736827e-02 -5.730608380099208032e-01 -3.778548476747500134e-02 -4.447951964569166194e-02 9.982954620116107902e-01 -1.477343167218508890e+00
9.991392671500014533e-01 -2.183534410410106069e-02 3.526957026692398994e-02 1.287296751049887789e+01 2.036206682764760828e-02 9.989266570381415411e-01 4.160432781706126931e-02 -5.238333518185723792e-01 -3.614015873601556655e-02 -4.085035625864950198e-02 9.985114607855419822e-01 -1.551918259275214540e+00
9.981214237092379538e-01 -4.573762431511092102e-02 4.076387192911819918e-02 1.306166403817568522e+01 4.408032832881646906e-02 9.981999116870434730e-01 4.066768941558222134e-02 -4.922834526006971689e-01 -4.255053685992125218e-02 -3.879440719985668279e-02 9.983408464962976181e-01 -1.552053355157677617e+00
9.962106302407035541e-01 -7.845103123107595444e-02 3.754751515348356272e-02 1.324847763474719997e+01 7.685584194474683051e-02 9.961489764547192260e-01 4.219474217458013543e-02 -4.838415415196951619e-01 -4.071313982468589832e-02 -3.914910480452835073e-02 9.984036197042855942e-01 -1.565158529717058933e+00
9.937062877798530369e-01 -1.070347955035376858e-01 3.303583173313206361e-02 1.342038161290718357e+01 1.056601189043512162e-01 9.935616130259503631e-01 4.088105177695430803e-02 -4.430168205553778882e-01 -3.719882928134040506e-02 -3.713318829278636213e-02 9.986177313803866751e-01 -1.571378118415267755e+00
9.865071080345192422e-01 -1.611265152694456027e-01 2.901675161858107213e-02 1.373856443624708668e+01 1.597629713383182937e-01 9.861560304958476575e-01 4.440806802625490990e-02 -3.375185065123150197e-01 -3.577036184498281340e-02 -3.917307230481047176e-02 9.985919845560954355e-01 -1.592794873428030611e+00
9.820787652048666994e-01 -1.866404485847778516e-01 2.620385249838777519e-02 1.387665114714054937e+01 1.852703714787283240e-01 9.815388005061859156e-01 4.750234260551640386e-02 -2.634818490334142616e-01 -3.458595648262994399e-02 -4.179624448381397128e-02 9.985273584440392813e-01 -1.587796847176032422e+00
9.761235840722386481e-01 -2.162669458433052194e-01 2.028193170228256501e-02 1.404123193713889961e+01 2.150256697284760043e-01 9.752858888612616628e-01 5.080744380422116957e-02 -2.125222605695937239e-01 -3.076865248572832265e-02 -4.523320819605471110e-02 9.985025022004225814e-01 -1.607192292234880471e+00
9.684106395104501441e-01 -2.488448742369043232e-01 1.603314844253015542e-02 1.418368537338555413e+01 2.478010576037311674e-01 9.675421158281224399e-01 4.956702481804232951e-02 -1.641006341329339646e-01 -2.784724642461525179e-02 -4.402820306189414445e-02 9.986421021575784263e-01 -1.618072918409179772e+00
9.559195969412433991e-01 -2.933283452556034732e-01 1.327426281569914213e-02 1.432797587342064993e+01 2.923322432028783169e-01 9.549696970488413816e-01 5.074186932324529359e-02 -1.153174629155960529e-01 -2.756054730341851722e-02 -4.462465224574400230e-02 9.986235810575887495e-01 -1.640460493893091565e+00
9.222627129639140442e-01 -3.865613441530869054e-01 -1.347398604643073976e-03 1.456525524790658999e+01 3.862223288756820305e-01 9.212962403046659476e-01 4.522776004105938386e-02 5.166071877422973024e-02 -1.624195044585577050e-02 -4.223227210375742058e-02 9.989757926189546389e-01 -1.605712239985858769e+00
8.987397318406126212e-01 -4.383526298070549165e-01 -1.067081778978957139e-02 1.463897887922737162e+01 4.384305009542469600e-01 8.979922934361442843e-01 3.726307505160823819e-02 2.011064802276683050e-01 -6.752054803677782699e-03 -3.816821806860794253e-02 9.992485160786556131e-01 -1.581457848705176472e+00
8.712972728827983460e-01 -4.904396775816504128e-01 -1.760638863041785740e-02 1.469585746284423244e+01 4.907551703832593315e-01 8.706879452715824419e-01 3.258626552472603660e-02 3.194030678515622501e-01 -6.519272172652128272e-04 -3.703275053728314475e-02 9.993138397813505769e-01 -1.591302961550283168e+00
8.442088724430966140e-01 -5.355015150285717951e-01 -2.344156757684298653e-02 1.478166669328786931e+01 5.359942999850439982e-01 8.437478605627050099e-01 2.827822801027000954e-02 4.512153472118390352e-01 4.635738549374355394e-03 -3.643727758714089549e-02 9.993251896805861456e-01 -1.601637236907151651e+00
8.126865504048218503e-01 -5.819586633213195137e-01 -2.940552628969984525e-02 1.484137731082901901e+01 5.826280218498908203e-01 8.123484882046321243e-01 2.518971748415936920e-02 5.650518011838407961e-01 9.228160509776189152e-03 -3.760382822149628546e-02 9.992501154149014964e-01 -1.602089454269641777e+00
7.337053537867461728e-01 -6.781709910354500881e-01 -4.195903648394401497e-02 1.497362370665185161e+01 6.790544212247326961e-01 7.340132419969911393e-01 1.047156092518165826e-02 7.717061239212611445e-01 2.369697955033124234e-02 -3.617550954806192376e-02 9.990644552125399480e-01 -1.596747466383152236e+00
6.816943745475012584e-01 -7.300102812522976103e-01 -4.876237254515587705e-02 1.497970773185239324e+01 7.309135240021046309e-01 6.824693166676143452e-01 1.025786558888706901e-03 9.298913872368446132e-01 3.252998833562500969e-02 -3.634035048236422538e-02 9.988098812014741812e-01 -1.582085873887639993e+00
6.232328128720210358e-01 -7.804254515710749018e-01 -5.016946780375827059e-02 1.499847969262618363e+01 7.809454568992686418e-01 6.244687489641093103e-01 -1.276616291581211815e-02 1.055468789702803889e+00 4.129230325401066909e-02 -3.122332633279506497e-02 9.986591258205648192e-01 -1.583966079120353809e+00
5.568608004327919581e-01 -8.291387169288101378e-01 -4.934609438442703194e-02 1.492663209868166163e+01 8.292896085058337752e-01 5.583395765494207907e-01 -2.314438339758815091e-02 1.231840807694201345e+00 4.674178179735343636e-02 -2.803400342904905154e-02 9.985135454695387436e-01 -1.564197514070804651e+00
4.844825948880084887e-01 -8.736384330860125225e-01 -4.508329497273502046e-02 1.489846402101694522e+01 8.734146380732774606e-01 4.859722061890726641e-01 -3.127114981978273978e-02 1.384964254609383882e+00 4.922890664952570688e-02 -2.422608195194213970e-02 9.984936713386570739e-01 -1.568634755010039461e+00
4.079027384247675414e-01 -9.120819912945026253e-01 -4.149454351876305513e-02 1.488062511043156100e+01 9.117018442011517454e-01 4.093367804211461847e-01 -3.525829653668815372e-02 1.551515673817155827e+00 4.914370016385020967e-02 -2.344869614083363793e-02 9.985164271976202377e-01 -1.548834956036237998e+00
3.275328019596733808e-01 -9.440746660790553246e-01 -3.801695027439130903e-02 1.481765936196459243e+01 9.431917891471808257e-01 3.290721860088309247e-01 -4.583388790741556307e-02 1.686186552432721975e+00 5.578093335348117965e-02 -2.084517361620112294e-02 9.982254085180986003e-01 -1.530373641315405653e+00
2.525958623427537741e-01 -9.670641452442000352e-01 -3.134117595792747929e-02 1.476724472259519416e+01 9.658129852134914595e-01 2.539565893071248359e-01 -5.207041713388731174e-02 1.797075166809511515e+00 5.831473158924139338e-02 -1.711694279354606177e-02 9.981514926848915614e-01 -1.539457072710154417e+00
1.742727121558643733e-01 -9.842223437421735444e-01 -3.058430768388461368e-02 1.469516522065711506e+01 9.828686789666352119e-01 1.757571928120593707e-01 -5.548485452090813619e-02 1.932119641120587428e+00 5.998484562138158699e-02 -2.039086200943652713e-02 9.979909974755739599e-01 -1.526321547822623970e+00
9.316818231120660432e-02 -9.953651995200467617e-01 -2.382875131524384710e-02 1.463854558561239649e+01 9.935776158669360481e-01 9.449108712012466160e-02 -6.224914218712473968e-02 2.046940481235345111e+00 6.421223444953166881e-02 -1.787607449287980863e-02 9.977761446876365348e-01 -1.534634234802621622e+00
1.210193755631083778e-02 -9.998012435970765610e-01 -1.584349737660430829e-02 1.454449049399832639e+01 9.979101644955775674e-01 1.308179953238519655e-02 -6.327851228816920581e-02 2.144506456737283795e+00 6.347319673525705919e-02 -1.504459446890478100e-02 9.978701385819066516e-01 -1.514723726191646858e+00
-7.647597200324840472e-02 -9.970032007294504783e-01 -1.166376617518959102e-02 1.443398220108298702e+01 9.948435847977257218e-01 -7.551831187274848922e-02 -6.769952997400233152e-02 2.215021851402572572e+00 6.661582014033091970e-02 -1.678101031289293971e-02 9.976375745730057254e-01 -1.503503449739019171e+00
-1.587791525416903937e-01 -9.872979369939689498e-01 -5.653700168474481980e-03 1.435254815458218225e+01 9.847236717663001571e-01 -1.579454202590298006e-01 -7.329757487321228449e-02 2.311313336300868215e+00 7.147356840985523430e-02 -1.720545921069570328e-02 9.972940896205646499e-01 -1.501997763121142526e+00
-2.315902488051877484e-01 -9.728127328606608337e-01 1.159069680211032016e-03 1.423798196026288032e+01 9.698043457275775658e-01 -2.309673767164479585e-01 -7.831731545850838250e-02 2.361602910438884706e+00 7.645578896497193244e-02 -1.701345575992060585e-02 9.969278081470337449e-01 -1.485089890329041706e+00
-3.027263079831141734e-01 -9.530648568004970178e-01 4.915403010999207234e-03 1.415531092069493369e+01 9.496355183227614960e-01 -3.020669293426758717e-01 -8.335437923316837971e-02 2.454977919951563781e+00 8.092691020156822512e-02 -2.056572219336592899e-02 9.965078455666531720e-01 -1.489434244042774136e+00
-3.689639200433101340e-01 -9.294232527512165110e-01 6.167896855717336368e-03 1.404863454273364809e+01 9.253578603820478143e-01 -3.679554141896568265e-01 -9.122304203257625144e-02 2.515462487962666138e+00 8.705432749400250636e-02 -2.795049934915119078e-02 9.958113845757639027e-01 -1.496077322650780861e+00
-4.265507418006737606e-01 -9.044530749701926720e-01 4.370337087515045738e-03 1.394779727139900416e+01 8.999048101551574419e-01 -4.248803486386465433e-01 -9.822434525265537342e-02 2.563467668961900259e+00 9.069618144610977484e-02 -3.796477996335133331e-02 9.951547006136426399e-01 -1.461523574669595815e+00
-4.761920509624837372e-01 -8.793211377884166957e-01 5.955437736028579288e-03 1.382135254374497713e+01 8.740718423628666134e-01 -4.740679368020495055e-01 -1.061037496256948959e-01 2.604043835110291916e+00 9.612255192475545329e-02 -4.532028171506168046e-02 9.943372300566544197e-01 -1.464297104093982949e+00
-5.274467396036619515e-01 -8.495282743860785857e-01 1.008205832551811038e-02 1.375008870949129047e+01 8.433993446701382179e-01 -5.249974804261030581e-01 -1.142593145271991739e-01 2.701557796963997227e+00 1.023595735212337043e-01 -5.176250153205241150e-02 9.933997992468568405e-01 -1.463805569344117430e+00
-6.394440736074109566e-01 -7.684337770476099561e-01 2.491599929170302402e-02 1.348161188126549703e+01 7.599983800779173126e-01 -6.366604594618086033e-01 -1.306366014439301892e-01 2.785400962011220116e+00 1.162486086252282613e-01 -6.459868148981766367e-02 9.911171834563639038e-01 -1.465939981277652349e+00
-6.867186939094327425e-01 -7.265345328696851679e-01 2.376989657425757074e-02 1.334525567283376191e+01 7.172735020185508903e-01 -6.825506108226804258e-01 -1.401548677985509084e-01 2.792898430424064937e+00 1.180515088313841277e-01 -7.919745080123363756e-02 9.898442327200880353e-01 -1.475085607902630880e+00
-7.252943595037770752e-01 -6.880524977042180579e-01 2.306192695750541866e-02 1.322467719352470894e+01 6.784064346932460188e-01 -7.200217642963995246e-01 -1.460594683897581680e-01 2.847544513663875509e+00 1.171016713749411242e-01 -9.029074893081448505e-02 9.890069662134377548e-01 -1.438923142991598292e+00
-7.672573395310655631e-01 -6.407537903082136665e-01 2.739991133871200885e-02 1.303376681529159598e+01 6.304147676296596448e-01 -7.613512020995796270e-01 -1.513987048028079263e-01 2.942663328874992157e+00 1.178702493853037991e-01 -9.888845871578412494e-02 9.880929495966778164e-01 -1.475228696489945923e+00
-8.123336869211772449e-01 -5.822418457334727071e-01 3.329285463768558162e-02 1.286833276018654360e+01 5.716303388602909097e-01 -8.062408702523862214e-01 -1.523627737642762325e-01 2.967995465213244977e+00 1.155540427138575243e-01 -1.047382079833051038e-01 9.877637222539253914e-01 -1.502633566222422168e+00
-8.547773947799135463e-01 -5.170632372247180308e-01 4.473493136195533237e-02 1.268011046227201710e+01 5.060836048167213219e-01 -8.495172688689029972e-01 -1.489959557479090257e-01 3.004183635118410134e+00 1.150434279260507953e-01 -1.047187595620540090e-01 9.878253849171969581e-01 -1.496601706136984955e+00
-8.993647675864531177e-01 -4.338683438615399401e-01 5.386348502473865818e-02 1.246373087339552121e+01 4.225786898669605662e-01 -8.942608864119627743e-01 -1.473930727816409048e-01 2.951244801879372659e+00 1.121171962478942213e-01 -1.097985757126908879e-01 9.876102505933075371e-01 -1.471571659399717458e+00
-9.565158824317669950e-01 -2.816764517399308332e-01 7.573468948230206721e-02 1.214634171524370743e+01 2.703568469067013647e-01 -9.536341097249563248e-01 -1.322465882348462241e-01 2.828264365592096041e+00 1.094739329084542939e-01 -1.060205701941511480e-01 9.883193293208740737e-01 -1.422130596525990720e+00
-9.720301975871539213e-01 -2.207222444021941787e-01 8.024329133789069590e-02 1.197970858769282287e+01 2.087940576267379167e-01 -9.685920248159234358e-01 -1.350352952481418956e-01 2.779068508455816655e+00 1.075283054755443862e-01 -1.145040623255283024e-01 9.875861902803773074e-01 -1.376145751702812614e+00
-9.768252343510708258e-01 -1.952095899447093552e-01 8.778198863431002641e-02 1.184390665506541040e+01 1.830898227853134663e-01 -9.745026819957975928e-01 -1.297021186235600143e-01 2.827383631875271419e+00 1.108628807465249222e-01 -1.106243136774911623e-01 9.876596999452624814e-01 -1.368432711159139004e+00
-9.818129035848475183e-01 -1.663179197555148536e-01 9.155201757738291868e-02 1.165088507432177423e+01 1.534034928944316145e-01 -9.790960556141481419e-01 -1.335600323772250797e-01 2.795908703081192215e+00 1.118516460409920282e-01 -1.170865639132666475e-01 9.868028910724294667e-01 -1.387932694774607345e+00
-9.861591947202312802e-01 -1.393121493868685890e-01 8.990087709225545731e-02 1.147448670264386728e+01 1.269875183760559301e-01 -9.832562604088066482e-01 -1.306954342874341035e-01 2.803466631416834609e+00 1.066030620828354730e-01 -1.174702149487305142e-01 9.873381060986464730e-01 -1.350971531298771344e+00
-9.895493265320451926e-01 -1.080149554790207495e-01 9.552434115366691125e-02 1.124512705668592005e+01 9.570837542741540693e-02 -9.875073415816122413e-01 -1.251765041669686829e-01 2.733568761528382574e+00 1.078519227136071207e-01 -1.147258458904678868e-01 9.875251607182952140e-01 -1.330196083704166865e+00
-9.929371386549603606e-01 -6.135522198164370528e-02 1.015449428346038990e-01 1.104761564322867429e+01 4.960091768014881358e-02 -9.921861257774591270e-01 -1.144833646430917090e-01 2.683185712126057609e+00 1.077756356742415461e-01 -1.086380621619293524e-01 9.882217280573798446e-01 -1.284486406010944881e+00
-9.935472816853663236e-01 -2.041496093327205968e-02 1.115662512846642973e-01 1.083662842271201932e+01 9.671991251817568108e-03 -9.953345366736769950e-01 -9.599798273829578121e-02 2.689243812111747456e+00 1.130055380981155599e-01 -9.429946699048911973e-02 9.891093766032476031e-01 -1.334531641521369938e+00
-9.935104689767420005e-01 2.514875258839906896e-02 1.109255979333055586e-01 1.062488414984549223e+01 -3.444387327116492370e-02 -9.959797139027355417e-01 -8.269237624052538926e-02 2.669592805796626500e+00 1.084000351830837761e-01 -8.597644873726856263e-02 9.903824930979111540e-01 -1.286955783246067853e+00
-9.918699994225308458e-01 5.335706358147095096e-02 1.155289055237339602e-01 1.041459746145928555e+01 -6.114058437677664937e-02 -9.960163117943334754e-01 -6.491021169029968785e-02 2.734192001557143481e+00 1.116052560931394266e-01 -7.144599642790440408e-02 9.911809806522765554e-01 -1.300694443188989746e+00
-9.905658032128730195e-01 7.324401259509949469e-02 1.158218637572590859e-01 1.015345396397776234e+01 -8.011822932442255740e-02 -9.952195682766991069e-01 -5.584872647662214584e-02 2.659216698386097644e+00 1.111776004200280277e-01 -6.460128124201736100e-02 9.916986516209116420e-01 -1.258284765850865350e+00
-9.899157872052462004e-01 8.421093222114482690e-02 1.139089686383996519e-01 9.930398758616153287e+00 -9.073537121959075746e-02 -9.944449118344373950e-01 -5.335175476253571636e-02 2.682462356873464238e+00 1.087833932705779688e-01 -6.314931686918268117e-02 9.920576279266716258e-01 -1.285937785937214306e+00
-9.908966993190064798e-01 7.545421954296906153e-02 1.114916679929927046e-01 9.694712832068796970e+00 -8.116583653936555731e-02 -9.955631090116909832e-01 -4.760465264909254091e-02 2.662556414013938610e+00 1.074050197037516585e-01 -5.622060768203406000e-02 9.926245035330829580e-01 -1.274964127969893335e+00
-9.918841254267698471e-01 7.642934719313627945e-02 1.016092348854316652e-01 9.450321759727954074e+00 -8.213464396497037467e-02 -9.952003510609326309e-01 -5.319926229699076942e-02 2.642728231129527927e+00 9.705556134049891925e-02 -6.111314208766800010e-02 9.934009270566709349e-01 -1.241632934150734169e+00
-9.902208187073495704e-01 6.623620544293160051e-02 1.227823085263877734e-01 9.182639907298074888e+00 -7.279983629646077925e-02 -9.961044399626233226e-01 -4.976071263514879328e-02 2.645865810319771416e+00 1.190080418869070844e-01 -5.821262556586073722e-02 9.911853389709580631e-01 -1.039420822287711044e+00
-9.867920212925180845e-01 5.474871609446259335e-02 1.524601088791270598e-01 8.890719750520259979e+00 -6.439842690656497060e-02 -9.961733737783258213e-01 -5.908850977193909337e-02 2.608411663487468335e+00 1.486416809827820484e-01 -6.812626117083385446e-02 9.865416682601380050e-01 -9.933306743009316930e-01
-9.790019147863129323e-01 4.882076446903021311e-02 1.979186292429123695e-01 8.573771880446969362e+00 -6.238064207198675687e-02 -9.960707055675412924e-01 -6.286338365748632417e-02 2.646177110589468917e+00 1.940719102276797781e-01 -7.388966414080604117e-02 9.782005986471988823e-01 -9.757246699975925530e-01
-9.701377473141143959e-01 5.040038163356622136e-02 2.372605166636195806e-01 8.009160046306105230e+00 -6.515851620486269591e-02 -9.963706013381183890e-01 -5.477218778813066485e-02 2.503384625165028243e+00 2.336388644944960014e-01 -6.859611009604324461e-02 9.699007447555724193e-01 -9.667918347113454436e-01
-9.707884168683931225e-01 6.367346352386415997e-02 2.313342597131566036e-01 7.747024562636723566e+00 -7.818310262805347466e-02 -9.954702644224990848e-01 -5.409579571511267254e-02 2.477256015144067014e+00 2.268419100113784059e-01 -7.060200205004873997e-02 9.713691909716483108e-01 -9.462498908348220272e-01
-9.689369121122879402e-01 8.472052291774641308e-02 2.323439117834784351e-01 7.527566197039389451e+00 -9.783191568056733012e-02 -9.941632236376847231e-01 -4.547967722618369291e-02 2.521041295671020865e+00 2.271347102945200647e-01 -6.679758800189639079e-02 9.715698151015980111e-01 -8.956975584095299148e-01
-9.690043191015385027e-01 9.554798861708591051e-02 2.278183737844527157e-01 7.273277248909443493e+00 -1.060055093466089615e-01 -9.937810612524862197e-01 -3.408862396824145768e-02 2.516523852436215236e+00 2.231444858174393697e-01 -5.718202660899125711e-02 9.731067537953681512e-01 -8.203547067300884787e-01
-9.706937217201363488e-01 9.364840828936077388e-02 2.213225570021716271e-01 7.001879120921769228e+00 -1.011282749920723312e-01 -9.946147523617496766e-01 -2.268405566698852849e-02 2.526945146285974886e+00 2.180063545180234708e-01 -4.440123882556006041e-02 9.749367976338350061e-01 -8.085974726445870342e-01
-9.724431783268270291e-01 8.973348368158791388e-02 2.151793829157100657e-01 6.734598865720076155e+00 -9.681875696970144995e-02 -9.950455385994312341e-01 -2.259434469530315071e-02 2.509318941918926793e+00 2.120858157078437667e-01 -4.280511674711892645e-02 9.763131304841721203e-01 -7.013848148971238983e-01
-9.737020064503683070e-01 7.151758193602784919e-02 2.163091262719883390e-01 6.461222839634486625e+00 -7.804867811240835673e-02 -9.967113527030166953e-01 -2.179181584514696193e-02 2.512068775817899446e+00 2.140392638733209507e-01 -3.810137618179522401e-02 9.760816967106904496e-01 -6.478444321786400728e-01
-9.738789124262778873e-01 5.243508234851351757e-02 2.209308173852500279e-01 6.201576184025962668e+00 -6.021306586986323317e-02 -9.977753267032349882e-01 -2.861440407913502099e-02 2.508873380431671407e+00 2.189389198611375320e-01 -4.116988658421485286e-02 9.748696270828635102e-01 -6.565451800403839799e-01
-9.751650999714531753e-01 3.706896805543061918e-02 2.183550306381139006e-01 5.964505491403683024e+00 -4.535888836694298293e-02 -9.984230950241557156e-01 -3.307407698638455129e-02 2.501598381989612374e+00 2.167846836005288269e-01 -4.215702704996583672e-02 9.753087644569421455e-01 -5.826079680849115539e-01
-9.760346298851705349e-01 2.786455588900382113e-02 2.158239277513682441e-01 5.726112346728227998e+00 -3.662450187711472488e-02 -9.986551501609270964e-01 -3.669518932109017834e-02 2.534023620535270638e+00 2.145111818231685008e-01 -4.372021937463275304e-02 9.757425353497004572e-01 -5.694430014121987238e-01
-9.771123424539578384e-01 2.418391337257776857e-02 2.113447623153383026e-01 5.485999056798302576e+00 -3.372698689455942700e-02 -9.985621791883148024e-01 -4.166610912597538963e-02 2.525758509918831329e+00 2.100332368439657149e-01 -4.784049151786723408e-02 9.765230805219994314e-01 -5.650331996323207928e-01
-9.799843940010994903e-01 7.535183777246411314e-03 1.989316679660170228e-01 4.996564329507114266e+00 -1.867696053096705791e-02 -9.983558939736334459e-01 -5.419114423438764483e-02 2.539802833968303641e+00 1.981962629809735366e-01 -5.682191455372327671e-02 9.785139300831777742e-01 -4.803312885353240858e-01
-9.809283583287204955e-01 -1.961853178652545396e-03 1.943597359501907096e-01 4.754596783683509464e+00 -1.027528641269908997e-02 -9.980274085748326307e-01 -6.193311087408590043e-02 2.560750123952122870e+00 1.940978472720896464e-01 -6.274904672989245480e-02 9.789732288570665020e-01 -4.128812860724327960e-01
-9.811607877203019079e-01 -1.229116937971404776e-02 1.928015451062484176e-01 4.515940296623200290e+00 -8.339594435418252322e-04 -9.976953591230675045e-01 -6.784743838893952939e-02 2.556509889555352188e+00 1.931911311414789001e-01 -6.673003476376734855e-02 9.788893141253010022e-01 -3.901613321414572622e-01
-9.813149470837692068e-01 -1.201254791507097748e-02 1.920330006081442387e-01 4.286007318877837591e+00 -2.061529635298235338e-03 -9.973354707672683617e-01 -7.292262231292807872e-02 2.547623705302907382e+00 1.923973095590013338e-01 -7.195594097792963606e-02 9.786754404972255461e-01 -3.866802094280611946e-01
-9.824711564021730847e-01 -3.282120354486260140e-03 1.863857680289889296e-01 4.067601337359609381e+00 -1.154237882881067184e-02 -9.968554951766130934e-01 -7.839576026266989461e-02 2.551996896279227212e+00 1.860569814028746327e-01 -7.917290838518220575e-02 9.793438876355342604e-01 -3.434822564304020887e-01
-9.835261245026922783e-01 6.095195647328703094e-03 1.806632530724952002e-01 3.865919532012211501e+00 -1.972080892610186820e-02 -9.970839683576229184e-01 -7.372007690932091961e-02 2.533732621146748354e+00 1.796870950180224913e-01 -7.606844703447543377e-02 9.807783333912649670e-01 -3.085433553887113045e-01
-9.843726786030697617e-01 1.552464733497718047e-02 1.754121288421704727e-01 3.634622709475089586e+00 -2.759486276522261222e-02 -9.973992732260403837e-01 -6.658237992994280041e-02 2.505125590591502416e+00 1.739222618550775590e-01 -7.038234930216029361e-02 9.822409947349594050e-01 -3.071308448124464019e-01
-9.851903848763035043e-01 3.211746266825187685e-02 1.684291368470272610e-01 3.402854569464239809e+00 -4.247370640296816574e-02 -9.973981479461133670e-01 -5.824876597883976020e-02 2.495602540308912154e+00 1.661201065845903102e-01 -6.453993388140885634e-02 9.839912129297231358e-01 -2.990353139309820940e-01
-9.859603404542089944e-01 4.508921507994678723e-02 1.607767698857476002e-01 3.164233292926661001e+00 -5.324088114159356011e-02 -9.974864139019972153e-01 -4.675748770197240417e-02 2.509393433645991767e+00 1.582643852124887840e-01 -5.466092538923662120e-02 9.858826337901004377e-01 -2.718953555323463389e-01
-9.866356233378219542e-01 5.859482351414456447e-02 1.520420777881399677e-01 2.920888775876404164e+00 -6.541915925595737091e-02 -9.970448388080144220e-01 -4.027310527567030951e-02 2.490357134875253564e+00 1.492329734443170464e-01 -4.968134522783966556e-02 9.875531801241490548e-01 -2.865269145963784680e-01
-9.874553027261461224e-01 6.630502005394892096e-02 1.433027195612861793e-01 2.709830458430415145e+00 -7.225152634915987804e-02 -9.967112661358830117e-01 -3.669289983118897286e-02 2.480685514155402949e+00 1.403985115955004026e-01 -4.658643872899539268e-02 9.889984639362782159e-01 -1.716550540758134402e-01
-9.887993562626258282e-01 5.678861392895701715e-02 1.380249484066031762e-01 2.465787838580324021e+00 -6.227836476248201775e-02 -9.974171760036703027e-01 -3.578242998141869385e-02 2.497259214264964111e+00 1.356364196561116731e-01 -4.397761181432845862e-02 9.897821635703379917e-01 -1.674616066373866841e-01
-9.891032045647869531e-01 4.553899950052099632e-02 1.400037508217599203e-01 2.229929019966495840e+00 -5.149317125433142128e-02 -9.979036022476499568e-01 -3.920272867207844070e-02 2.484922810377237390e+00 1.379249942317997135e-01 -4.598478167455025134e-02 9.893745983299258029e-01 -1.988732264645186043e-01
-9.902440065038524697e-01 3.852658111129122348e-02 1.339123225512647564e-01 1.994551620682611270e+00 -4.450247288836044895e-02 -9.981293117223926092e-01 -4.192143827928900696e-02 2.468372818519829259e+00 1.320467246470718725e-01 -4.747188250384213465e-02 9.901060967803004820e-01 -9.332565888251226349e-02
-9.930047950094740283e-01 1.333763564070943909e-02 1.173183044699695476e-01 1.269322428422261506e+00 -1.890839097242898864e-02 -9.987393164599815965e-01 -4.650000546110704541e-02 2.508873830491454182e+00 1.165502030844501047e-01 -4.839302875998666847e-02 9.920051234385881544e-01 -6.687344996506394690e-02
-9.932491383460508860e-01 4.000997496053465725e-03 1.159316229243102653e-01 1.013875707987737407e+00 -9.961462927683465557e-03 -9.986550943753973453e-01 -5.087997380509216849e-02 2.535882773668401757e+00 1.155721351847765893e-01 -5.169133870488412663e-02 9.919531677814878989e-01 -1.029066374307868736e-01
-9.942132270466124133e-01 -7.801936796424448727e-03 1.071409769779350790e-01 7.695102010095969947e-01 2.333974900808481572e-03 -9.986925503833938844e-01 -5.106605888332852589e-02 2.555301733594675717e+00 1.073993097125126445e-01 -5.052048684383176474e-02 9.929315528687453485e-01 -5.141360389650025120e-02
-9.947723221832454055e-01 -3.146023980250293312e-02 9.715081229574278054e-02 2.297116318100854149e-01 2.606710537005476475e-02 -9.980740041999909273e-01 -5.629199017465097432e-02 2.593613182882863910e+00 9.873465974914837073e-02 -5.346527332545443489e-02 9.936764722546540529e-01 -9.369393782039776852e-02
-9.957443779741685930e-01 -4.185156646966716604e-02 8.210712585928045537e-02 -3.400166347079558449e-02 3.690543251021478205e-02 -9.974638040749723711e-01 -6.086007403478600752e-02 2.614031511055916024e+00 8.444597553507610099e-02 -5.757087757122243687e-02 9.947635253021738233e-01 -2.976361695221677039e-02
-9.957903867534727560e-01 -5.168495643350629054e-02 7.569789249269402720e-02 -2.949437543343078616e-01 4.686499618400670475e-02 -9.968409722083542146e-01 -6.412291524389875097e-02 2.645493413496193824e+00 7.877295082731090858e-02 -6.030540112767464322e-02 9.950668725330917841e-01 -4.331644450583151118e-02
-9.964021021580435900e-01 -5.478473648888772946e-02 6.466439099593614126e-02 -5.727181916772940973e-01 5.053701501960396886e-02 -9.965660032146861358e-01 -6.559124445850196550e-02 2.629019095723311050e+00 6.803573272876904665e-02 -6.208730856261830688e-02 9.957491175931363347e-01 -4.289893590018004077e-02
