1.000000000000000000e+00 0.000000000000000000e+00 0.000000000000000000e+00 0.000000000000000000e+00 0.000000000000000000e+00 1.000000000000000000e+00 0.000000000000000000e+00 0.000000000000000000e+00 0.000000000000000000e+00 0.000000000000000000e+00 1.000000000000000000e+00 0.000000000000000000e+00
9.999998650318973059e-01 4.974184920965342167e-04 -1.500367651930207744e-04 6.762187913440946595e-04 -4.972993105019701474e-04 9.999995616497627804e-01 7.933433544865695032e-04 4.688815567270829092e-03 1.504313230794726770e-04 -7.932686342306418227e-04 9.999996740475923795e-01 -1.945536802285822075e-03
9.999994666052097747e-01 1.016941651168435084e-03 -1.806072368644976616e-04 1.535546148132507956e-02 -1.016598466785568165e-03 9.999976968264194799e-01 1.890203537664630288e-03 1.196254069221995391e-02 1.825290476013183272e-04 -1.890018924399823868e-03 9.999981972541811537e-01 -4.497842485941759214e-03
9.999989217280700338e-01 1.453979868841870186e-03 -2.061194758055470038e-04 2.300265388894375679e-02 -1.453445801615536360e-03 9.999956465532733318e-01 2.567950506250658849e-03 2.306992006313570917e-02 2.098523268156605082e-04 -2.567648153814969941e-03 9.999966815669735221e-01 -6.906717146616950069e-03
9.999991258669672645e-01 1.312037694171096745e-03 -1.637754268889899333e-04 9.338616095317660987e-03 -1.311607441149783160e-03 9.999957595202402238e-01 2.600120662219608178e-03 2.233800876929368032e-02 1.671861887208323048e-04 -2.599903580299663119e-03 9.999966062693169677e-01 -4.454920761311980705e-03
9.999991696572608779e-01 1.269616129534420186e-03 -2.208159242259321881e-04 -3.892405395665167554e-03 -1.269098685644039779e-03 9.999964851522857856e-01 2.327889945936638567e-03 1.963177419701299040e-02 2.237706747147278079e-04 -2.327607775790919986e-03 9.999972660806264457e-01 -2.100033089420671236e-03
9.999999132428357695e-01 3.849386550801986700e-04 -1.591745980905890354e-04 9.744352764436518821e-04 -3.847557590721805169e-04 9.999992676418646420e-01 1.147466226219508167e-03 7.777830024793522604e-03 1.596161856236480827e-04 -1.147404883325279113e-03 9.999993289921284001e-01 -8.902386959904931129e-04
9.999998992220799909e-01 4.315761668339382958e-04 -1.236844458488106332e-04 3.168337146511517131e-03 -4.315117070072708528e-04 9.999997713255759368e-01 5.207172385043530626e-04 1.043814775193712199e-02 1.239091467151392601e-04 -5.206638147411943090e-04 9.999998567778474179e-01 -1.101921840652890679e-03
9.999999294343742129e-01 3.495534592116027227e-04 -1.376358443462033260e-04 5.215159446155476740e-03 -3.494081899110989447e-04 9.999993834202783871e-01 1.054074466036788917e-03 1.885714331045150460e-02 1.380042148586025101e-04 -1.054026300564124812e-03 9.999994349915375391e-01 -7.987140074230255835e-04
9.999996801929407209e-01 7.937724081378467501e-04 -9.766975145590867764e-05 -5.095459257037742752e-03 -7.935903164888358403e-04 9.999979729573237330e-01 1.850485248048251664e-03 3.116389680943667043e-02 9.913841760672110700e-05 -1.850407146481036812e-03 9.999982830810092427e-01 2.143645953643018298e-03
9.999993216400554497e-01 1.159253210686482429e-03 -1.133641141437637573e-04 -4.827511790633278940e-03 -1.158885896434786334e-03 9.999942460900217434e-01 3.188223694790613509e-03 5.017389027321438044e-02 1.170594204114289416e-04 -3.188090155954321700e-03 9.999949111761767817e-01 3.055256524512667358e-03
9.999948941941952940e-01 -3.105413898457597393e-03 -7.536511524143305442e-04 2.229369050262371144e-02 3.109413831362225263e-03 9.999807708947354712e-01 5.365574190694256083e-03 1.246645318613316678e-02 7.369743317120006900e-04 -5.367890208431746850e-03 9.999853212040388240e-01 -4.145574934205035339e-03
9.999954971552006411e-01 -2.938592525762603012e-03 -6.085583707676662808e-04 2.958017729861761591e-02 2.942590528046269173e-03 9.999733831871936429e-01 6.676382114763643703e-03 1.583006657074673834e-02 5.889230063018501948e-04 -6.678142790148743936e-03 9.999775275367777105e-01 -6.078201290678163921e-03
9.999955576643946298e-01 -2.919969409907591934e-03 -5.986903386603196521e-04 2.641689029266264949e-02 2.924110942919826150e-03 9.999709605251219102e-01 7.037590614590782598e-03 1.033324312332599935e-02 5.781234036932125873e-04 -7.039309988222115788e-03 9.999750566330241064e-01 -7.338495930224836830e-03
9.999951127072388424e-01 -3.101624150861035777e-03 -3.930512223363411255e-04 2.226945706663733052e-02 3.103772000188013535e-03 9.999795750440980679e-01 5.587136475499601858e-03 -8.056002647527496507e-03 3.757139968558915197e-04 -5.588329110906477097e-03 9.999843145853543058e-01 -8.389112296605891542e-03
9.999997816474779366e-01 5.851534849395167515e-04 -3.070836946957646051e-04 8.263225966297763070e-03 -5.844374967871455344e-04 9.999971228959703140e-01 2.326506521392976857e-03 6.077478608572224605e-03 3.084441745827567831e-04 -2.326326542168577916e-03 9.999972465297143343e-01 -7.474271382424152455e-03
9.999920891374647347e-01 3.977278232866148996e-03 5.404023554214801235e-05 -3.292587290351604336e-03 -3.977261215500408481e-03 9.999920421667926052e-01 -3.114423080935792309e-04 1.660332468937717604e-02 -5.527849821174127303e-05 3.112249121833940055e-04 9.999999500416696385e-01 -1.069168162459038091e-02
9.999895842901744825e-01 4.213991481272760624e-03 1.753164841014398512e-03 -3.826679148487657431e-03 -4.208566663054772068e-03 9.999863804426791791e-01 -3.086566991311673162e-03 1.178831084341064664e-02 -1.766147730693118454e-03 3.079156531420801889e-03 9.999936997387774973e-01 -2.645035414145060701e-03
9.999990085555727770e-01 5.251877320340191070e-04 1.306547250454491264e-03 2.245517049557494219e-03 -5.093150085707828486e-04 9.999264274762950100e-01 -1.211941552698563018e-02 -1.509278475883583590e-02 -1.312816092830130805e-03 1.211873806713457957e-02 9.999257035908051261e-01 -1.610785816532181794e-02
9.999945686669539091e-01 1.464983721195252603e-03 2.952365033242031287e-03 6.879332256406337290e-03 -1.411694350721092806e-03 9.998374996069457898e-01 -1.797168603082959989e-02 -1.628016802999153467e-02 -2.978213500241287583e-03 1.796742058357867280e-02 9.998341372657365556e-01 -5.399583159662109388e-03
9.999909781613375293e-01 3.012591295309642852e-03 2.994643487746481182e-03 -1.021239025591570704e-03 -2.932253278650772278e-03 9.996450688515042815e-01 -2.647901455079259767e-02 -2.468535963947035561e-02 -3.073351044238135064e-03 2.646999460821004499e-02 9.996448838956762950e-01 -3.137264957611211533e-03
9.999939233479061551e-01 3.202017508048795452e-03 1.378532241252205083e-03 -3.921072003143389467e-04 -3.154184746124338509e-03 9.994369410015053745e-01 -3.340437217103116307e-02 -2.226918220126350434e-02 -1.484717430806072871e-03 3.339982103891567244e-02 9.994409675257058812e-01 -2.693820230679819412e-03
9.999931476581077616e-01 3.528200767640514955e-03 -1.120908637302477388e-03 -2.405130831850874323e-03 -3.568430314094909843e-03 9.992643603404439689e-01 -3.818382456612864212e-02 -3.549612387929822199e-02 9.853638533084730939e-04 3.818756280186864221e-02 9.992701031779795962e-01 -9.584277763989555200e-04
9.999724793978633786e-01 6.830262122817866259e-03 -2.896198581462713917e-03 -5.092494147979081606e-03 -6.952042434080749934e-03 9.989913787374957721e-01 -4.436095483814610219e-02 -3.513032850005570057e-02 2.590280464429993088e-03 4.437986849339345397e-02 9.990113701653373646e-01 -5.520803283905702241e-03
9.999502874692529630e-01 9.334920572640407338e-03 -3.504546769680843676e-03 -5.276776994907819707e-04 -9.505101539741413197e-03 9.985927979837260215e-01 -5.217352642626790077e-02 -5.845335192641726296e-02 3.012579439216656139e-03 5.220424382112783673e-02 9.986318847764609208e-01 -7.821367649061687286e-03
9.999581421638491507e-01 8.569391542059663636e-03 -3.206157953380393139e-03 2.009410711951746791e-03 -8.728989259404212886e-03 9.985237893715418478e-01 -5.361013715339610353e-02 -6.124202480416775923e-02 2.742018733042126712e-03 5.363587966739812030e-02 9.985567954531039403e-01 -1.041790890450576199e-02
9.999651973763553636e-01 8.003174691641953831e-03 -2.356529423071291110e-03 -6.555557595295826573e-03 -8.109820575925338892e-03 9.987465056683951792e-01 -4.939279527822421773e-02 -5.334998889104353159e-02 1.958276357677074704e-03 4.941018731016238313e-02 9.987766509804290038e-01 -6.956691464042190180e-03
9.999705618561881559e-01 7.509881619682811510e-03 -1.573880261534150830e-03 4.119035340712296975e-03 -7.566305631375846302e-03 9.991875420930231844e-01 -3.958543602381551368e-02 -5.439604637809195703e-02 1.275319611668650644e-03 3.959617916114294839e-02 9.992149499260540857e-01 -2.979921936133500537e-03
9.999738357589514903e-01 7.140814242854703897e-03 -1.156100981080258015e-03 2.011710999757209198e-03 -7.170134944019222051e-03 9.995896165890890694e-01 -2.773423105410410122e-02 -4.404101896760972273e-02 9.575815442905149947e-04 2.774179480904076511e-02 9.996146636871425795e-01 -3.408493966560386702e-03
9.999293072362810397e-01 1.188890550866259464e-02 -1.856226739680988651e-04 6.555801866860962775e-04 -1.189020599424183040e-02 9.997169456242649410e-01 -2.060707725770576093e-02 -2.796733503204589660e-02 -5.942546166857718174e-05 2.060782757829292960e-02 9.997876344059861697e-01 -5.001766507678343313e-04
9.999501935840294786e-01 9.976844551606888975e-03 2.700445428570801346e-04 -4.237454857823363431e-04 -9.973330711163677295e-03 9.998914823629388993e-01 -1.084233243219861684e-02 -1.188615644014306277e-02 -3.781875035142794137e-04 1.083909917094674769e-02 9.999411837220100185e-01 -2.318216761964698048e-03
9.999702814363672365e-01 7.679425954064874986e-03 6.801919498552436334e-04 -2.204235287631182896e-03 -7.676464490822117355e-03 9.999614851442160113e-01 -4.254423708917113613e-03 4.383663751433172079e-03 -7.128372842102365277e-04 4.249075804205392111e-03 9.999907185658356568e-01 -2.850292768348131577e-03
9.999707765657679381e-01 7.617285705349986433e-03 6.503636968147010399e-04 6.414908396004289672e-03 -7.617643343447902393e-03 9.999708345138265120e-01 5.492099902463074175e-04 6.030450129816049970e-03 -6.461612392333551539e-04 -5.541481791301384238e-04 9.999996376976586498e-01 -6.146960619919573932e-03
9.999698408896310342e-01 7.749928042405637707e-03 5.058917903472805264e-04 6.219879455618432945e-03 -7.751557918694950908e-03 9.999644994262092412e-01 3.303518900171430964e-03 2.299949020660677079e-02 -4.802717971353915455e-04 -3.307340718493783759e-03 9.999944154025924847e-01 -6.963108098703979856e-03
9.999689347013023255e-01 7.862673869165504037e-03 5.549702421705313572e-04 3.667702789023532389e-04 -7.864019748480784167e-03 9.999660371606592379e-01 2.466114069255843835e-03 1.644586351440362540e-02 -5.355611431546382535e-04 -2.470401755629907711e-03 9.999968051396103119e-01 -8.349123781542313466e-03
9.999706011523112892e-01 7.615432293986344053e-03 8.955568439850983232e-04 -8.720466107809262887e-04 -7.615191991043523609e-03 9.999709671662162513e-01 -2.714324991600995380e-04 5.805325974924831038e-03 -8.975979192518442193e-04 2.646046820515594801e-04 9.999995621510728849e-01 -7.089231034953974268e-03
9.999705422300813051e-01 7.542009451658558336e-03 1.425750857681897877e-03 -3.623083871180817189e-03 -7.536374593515856452e-03 9.999639290240823764e-01 -3.917104633047072473e-03 5.060949297578647837e-03 -1.455242269622622443e-03 3.906244251339527438e-03 9.999913117251497674e-01 -8.246780947424184674e-04
9.999708463590293306e-01 7.624385780981236295e-03 4.185372973636388881e-04 -1.056034645690670168e-03 -7.619603035939933287e-03 9.999165020981171104e-01 -1.043697664272697466e-02 6.766563955396837776e-04 -4.980778866886901180e-04 1.043348327879546796e-02 9.999454456844583117e-01 -6.052607223919125208e-03
9.999749928060169823e-01 7.066864348213569048e-03 2.705381493166991052e-04 3.226929548717949459e-03 -7.060958157478027138e-03 9.998179189197147210e-01 -1.772771493873846749e-02 -2.198495485601810115e-02 -3.957682461140770987e-04 1.772536135977979127e-02 9.998428151125359209e-01 -4.251825373815087267e-03
9.999735159485794167e-01 7.230511520196148539e-03 -8.289177235598033057e-04 4.664690769105164954e-03 -7.248553735501428452e-03 9.996772161919779132e-01 -2.434998758523226892e-02 -2.525740602230390139e-02 6.525872965888005481e-04 2.435535115357050778e-02 9.997031514404696173e-01 -5.627451775443503140e-03
9.999715525714150122e-01 7.460664596652166573e-03 -1.110194437951035357e-03 -2.847190227270972318e-03 -7.491308209435650588e-03 9.994979997312954945e-01 -3.078358059827425788e-02 -3.528777444538818558e-02 8.799711501171363949e-04 3.079102169327068914e-02 9.995254567212680241e-01 -5.014429524342279600e-03
9.999653725826139761e-01 8.112624762453978997e-03 -1.854442012446357946e-03 -4.480301703331338384e-03 -8.182969350730559185e-03 9.990950298242036176e-01 -4.173919492729441516e-02 -4.001639340392099814e-02 1.514149371400288135e-03 4.175292444892086952e-02 9.991268191033827462e-01 -7.472905891848644587e-03
9.999577905307941439e-01 8.887333110232643191e-03 -2.330765316387129003e-03 -1.859394706409873629e-03 -8.985960084537700926e-03 9.988817570665315948e-01 -4.641646174621332638e-02 -4.003895128355303146e-02 1.915640397205537046e-03 4.643544669610009251e-02 9.989194560183529692e-01 -8.411096783270797031e-03
9.999595890907219120e-01 8.651924224993761542e-03 -2.442210621440658262e-03 -2.956921020997664920e-03 -8.762626990125376575e-03 9.987258627817664491e-01 -4.969776030213236134e-02 -4.752488200520908757e-02 2.009117653707162988e-03 4.971715215115646985e-02 9.987613169462623564e-01 -6.797967870187980946e-03
9.999587102126075155e-01 8.715218953601198276e-03 -2.573485676879866315e-03 2.572055791503500069e-03 -8.839038496052626509e-03 9.985641780196465866e-01 -5.283421026581918561e-02 -5.122393399099268302e-02 2.109328898871659554e-03 5.285477589147723892e-02 9.985999816728708955e-01 -8.735430205255573580e-03
9.999600244844405461e-01 8.505506885012847212e-03 -2.757858898855999798e-03 2.111412420022742292e-03 -8.644177538910335912e-03 9.984528926175909591e-01 -5.492812957166016974e-02 -6.468547091697592066e-02 2.286400610741304382e-03 5.494977321331080689e-02 9.984865020600193208e-01 -9.758039372582532137e-03
9.999557014619252504e-01 9.049294342240717798e-03 -2.589475950168356692e-03 -7.848764665230954785e-03 -9.180641024174176351e-03 9.983747345084564850e-01 -5.624593608034593462e-02 -5.095051714152174643e-02 2.076281333119458800e-03 5.626721751674415573e-02 9.984135862901452052e-01 -6.268586767428430302e-03
9.999595923736207537e-01 8.595895341425264027e-03 -2.631388086434057090e-03 -2.550325396031899103e-03 -8.732838013858023815e-03 9.983117518175023131e-01 -5.742285018434276772e-02 -6.145992358791808885e-02 2.133344839888735509e-03 5.744350934917730883e-02 9.983464789708256237e-01 -8.255797320519928789e-03
9.999594389693734486e-01 8.584529395699510082e-03 -2.725118549748655351e-03 -8.614818757065154271e-04 -8.728716271616218311e-03 9.982639040894912830e-01 -5.824935453939911884e-02 -6.587882603046557595e-02 2.220344186254790634e-03 5.827077867217294455e-02 9.982983453981245647e-01 -7.896131229059683357e-03
9.999574845413449209e-01 8.734717430381427894e-03 -2.955303902702267373e-03 6.914966936088658665e-04 -8.893295173579996576e-03 9.982329002975846022e-01 -5.875360469305709876e-02 -6.503322436433142673e-02 2.436885451045069095e-03 5.877738914654029312e-02 9.982681403883501003e-01 -8.272079447004816732e-03
9.999597964418573959e-01 8.442791441109924466e-03 -3.020723860458888500e-03 2.356882846894288019e-03 -8.605879549662572708e-03 9.982316462571381166e-01 -5.881767802234744852e-02 -7.073095700472327441e-02 2.518796763521059974e-03 5.884130932810515552e-02 9.982641714393131194e-01 -8.434867066613135553e-03
9.999577944503963423e-01 8.658052165024151745e-03 -3.073670542944950852e-03 -2.909292013553287787e-04 -8.823689164833647611e-03 9.982342143423761360e-01 -5.874177240926110877e-02 -6.260644140440860261e-02 2.559653769798598405e-03 5.876641429393793248e-02 9.982684792798037776e-01 -8.159495965808486254e-03
9.999558468410978396e-01 8.932483039787086562e-03 -2.918067005183980298e-03 -2.300794509308499557e-03 -9.087989880074769447e-03 9.982444286444431825e-01 -5.852750738130706176e-02 -5.682440163389131105e-02 2.390148163291544708e-03 5.855144257038599753e-02 9.982815313150315006e-01 -7.346350071421163877e-03
9.999567680311582940e-01 8.854583430313957282e-03 -2.838735802406600148e-03 -4.340913247708943698e-04 -9.005464241175115819e-03 9.982480669753464042e-01 -5.847818733327104362e-02 -5.812373578712499989e-02 2.315962538810120621e-03 5.850122333985704332e-02 9.982846503804708727e-01 -8.111049822902290096e-03
9.999569656492335312e-01 8.874020740188916928e-03 -2.705292124755450962e-03 2.673068567972893342e-03 -9.017444083952864953e-03 9.982376907795058596e-01 -5.865320459610465220e-02 -5.994829743603052874e-02 2.180034809435487785e-03 5.867507531399022980e-02 9.982747532543969626e-01 -7.885667557449155263e-03
9.999584115377840865e-01 8.770253207245694987e-03 -2.501570209364097509e-03 1.309062933454769803e-03 -8.901465858507519313e-03 9.982515955023700815e-01 -5.843385989768467431e-02 -6.287097488182190330e-02 1.984716705579493787e-03 5.845369736512150832e-02 9.982881478631033811e-01 -8.130771046738838673e-03
9.999585177809982017e-01 8.746974340501798006e-03 -2.540306500334033307e-03 -9.016432148719229211e-04 -8.880551810542616081e-03 9.982500267944922623e-01 -5.846383330175721621e-02 -6.372682538542660813e-02 2.024479382286826796e-03 5.848396741571138674e-02 9.982862951270785601e-01 -7.462318444832836267e-03
9.999594822993607135e-01 8.615928969659767539e-03 -2.607590378922257628e-03 4.558300504293234280e-04 -8.753812130021913079e-03 9.982470564484686726e-01 -5.853362337289706036e-02 -6.596226710606771515e-02 2.098697878864793070e-03 5.855407808135704856e-02 9.982820319965974853e-01 -8.339322001144747198e-03
9.999582716271921967e-01 8.665081215324645092e-03 -2.893332315916021837e-03 5.091478699185431750e-04 -8.820076251818163154e-03 9.982350381969580244e-01 -5.872831319585095772e-02 -6.077217557829662359e-02 2.379340091413851936e-03 5.875138197055177619e-02 9.982698101501816801e-01 -8.097344926123975495e-03
9.999593402288555755e-01 8.494792355150292129e-03 -3.025953058923458189e-03 7.037729096035749178e-03 -8.661026116680219794e-03 9.981620437458684769e-01 -5.997933853984369068e-02 -6.651809549637438534e-02 2.510879463078866201e-03 6.000310765213645592e-02 9.981950323240483813e-01 -9.733918076606083714e-03
9.999530796926942022e-01 9.283425785289333224e-03 -2.767023452264636731e-03 -2.707105421781708099e-03 -9.435455823132958206e-03 9.980792200120661706e-01 -6.122779396250731948e-02 -5.854249060220407391e-02 2.193304927743460267e-03 6.125102926314435897e-02 9.981199831822321622e-01 -7.396316080383048309e-03
9.999523775287449956e-01 9.335394219871626445e-03 -2.844835561139443924e-03 -7.687718877438987422e-03 -9.494458252690690311e-03 9.980141135071660674e-01 -6.227105670368261736e-02 -5.631295081737054675e-02 2.257861177807386332e-03 6.229510137454573326e-02 9.980552201194264894e-01 -7.254732362935802786e-03
9.999506707717998877e-01 9.465833913996491225e-03 -3.008988424702526386e-03 -7.263823525285215479e-03 -9.636096511180592891e-03 9.979809819882853317e-01 -6.277822260724624792e-02 -5.491685278117177521e-02 2.408664994259917917e-03 6.280412070883872877e-02 9.980229660458396213e-01 -5.417429283794191787e-03
9.999505056780811918e-01 9.406122647878045751e-03 -3.242075088998076348e-03 -5.495088974864475138e-03 -9.589209583070877618e-03 9.980269741954672647e-01 -6.205002689614288330e-02 -5.894316886505743258e-02 2.652028227897999368e-03 6.207804470964906757e-02 9.980677748085573509e-01 -7.506493571584850998e-03
9.999572583834486217e-01 8.609645711547755584e-03 -3.369778476175938880e-03 4.752525612189290212e-03 -8.797586628853567778e-03 9.981337172339662667e-01 -6.042917333715906725e-02 -6.669594277251468528e-02 2.843215743605853173e-03 6.045623641466797704e-02 9.981667994893483886e-01 -8.720283074233980622e-03
9.999561067857628549e-01 8.848271631580946830e-03 -3.081004867526210625e-03 -3.524456864625661462e-03 -9.011882699117889153e-03 9.982810519541418515e-01 -5.791137435382842646e-02 -6.255968790092920895e-02 2.563293209389052446e-03 5.793659809192870658e-02 9.983169737760932971e-01 -7.641739523836022993e-03
9.999567372458925130e-01 8.864628848223875951e-03 -2.818153993706330653e-03 -2.527412113449315628e-03 -9.006651214942811012e-03 9.984359661365682648e-01 -5.517700389500854868e-02 -5.503065717178372285e-02 2.324622644941554735e-03 5.519999891594796343e-02 9.984726116670591400e-01 -8.531660685788956811e-03
9.999619864614355258e-01 8.403451102834443368e-03 -2.325433650323006831e-03 -1.627074126170698944e-03 -8.515767957262889223e-03 9.985337483551681714e-01 -5.345872325332687303e-02 -5.951621125471982798e-02 1.872786212528982242e-03 5.347649395145503970e-02 9.985673523936491325e-01 -6.951172727299933206e-03
9.999592464989968121e-01 8.706036253557555490e-03 -2.389617942317647219e-03 -1.476117945798609667e-04 -8.820259312609912347e-03 9.985613551060124049e-01 -5.289067133722670511e-02 -5.389180356372258451e-02 1.925712028529457439e-03 5.290959290710861573e-02 9.985974497321666865e-01 -7.631412561624350069e-03
9.999583622948303718e-01 8.844149158606678940e-03 -2.248266510251519922e-03 -2.803064676727562952e-03 -8.950451697431850012e-03 9.985675833301098647e-01 -5.275102782577807681e-02 -4.997323246329563734e-02 1.778508097462887629e-03 5.276895439483703099e-02 9.986051643973321568e-01 -4.576564779133682030e-03
9.999613902816940625e-01 8.406559152232970233e-03 -2.558849179109860383e-03 -1.644257532339371899e-04 -8.530640763832982032e-03 9.985516624928301166e-01 -5.312066924431108061e-02 -5.796420835023584350e-02 2.108581053660061200e-03 5.314044689335115090e-02 9.985848220306150491e-01 -6.513478102740141544e-03
9.999611193673280107e-01 8.308227596901999676e-03 -2.955183215709474270e-03 3.430326576393840678e-03 -8.456255709863915240e-03 9.984934649775191184e-01 -5.421523896984236507e-02 -6.215562268511366784e-02 2.500298584115279773e-03 5.423812083199228834e-02 9.985248994169371173e-01 -9.318290118086868315e-03
9.999604149145864262e-01 8.472375254082299342e-03 -2.717988484542219457e-03 -2.881773769218762271e-04 -8.609962375902930828e-03 9.984272213064686596e-01 -5.539812543876821566e-02 -6.327902880566946275e-02 2.244359983074501168e-03 5.541933427783101579e-02 9.984606453118061165e-01 -8.015669961498890495e-03
9.999601221328688894e-01 8.524594779649516743e-03 -2.661846701204868739e-03 -5.859589711612331678e-04 -8.659957252038988015e-03 9.984021620445534539e-01 -5.584020026069043408e-02 -6.391739056695379395e-02 2.181578421877238428e-03 5.586102495124778411e-02 9.984361705221748151e-01 -8.717187180106210700e-03
9.999567042580412846e-01 8.911485395309309832e-03 -2.678626036876297946e-03 -1.273574700383076595e-03 -9.046691546748381746e-03 9.984112940449187956e-01 -5.561515347105221857e-02 -5.986871562526212970e-02 2.178756859824909631e-03 5.563697827524324152e-02 9.984486865467577799e-01 -8.507063100974062916e-03
9.999569081992001340e-01 8.927093014695325346e-03 -2.547303476881382367e-03 -3.103867358218306751e-03 -9.052875431342925078e-03 9.984674703783840144e-01 -5.459630063122809102e-02 -5.816406883841002823e-02 2.056013404854574109e-03 5.461700839937892044e-02 9.985052604780714214e-01 -7.560054298092832616e-03
9.999592390806411046e-01 8.732896056705935495e-03 -2.292750254154491373e-03 -3.958599562869881058e-03 -8.841619681314097368e-03 9.985708886994905109e-01 -5.270679276261013013e-02 -5.754912682316964956e-02 1.829190716178818142e-03 5.272491601105214198e-02 9.986073989776719229e-01 -6.969050337919796383e-03
9.999602838292197537e-01 8.630857401002842502e-03 -2.222400663670464314e-03 -2.304856119048620446e-03 -8.732684842431689617e-03 9.986690701509191026e-01 -5.083137357323211369e-02 -5.493703579517526803e-02 1.780724467482897250e-03 5.084876227030772633e-02 9.987047773971788889e-01 -8.101081560587645308e-03
9.999629722962736222e-01 8.320768050994232362e-03 -2.195189158949265376e-03 2.006404842515326428e-03 -8.418691731729741751e-03 9.987539964166944895e-01 -4.918922921948978844e-02 -5.500249505904864639e-02 1.783161778448618404e-03 4.920588847610574135e-02 9.987870648308121435e-01 -8.414837716382253530e-03
9.999653779774060336e-01 8.026608346755210663e-03 -2.194630937353089176e-03 3.591641363493186089e-03 -8.121775532539574419e-03 9.988391052079425014e-01 -4.748135075580615233e-02 -5.710213371739569083e-02 1.810968995435661890e-03 4.749753115525744834e-02 9.988697136891542261e-01 -1.002760108989076901e-02
9.999652313410829496e-01 8.061777414364788147e-03 -2.131631744876575068e-03 4.028003181874737978e-03 -8.152859372123313214e-03 9.988672694833582444e-01 -4.687972737675091123e-02 -5.171702604658970359e-02 1.751283253191441951e-03 4.689547632534876026e-02 9.988982667455108544e-01 -8.600116989967368161e-03
9.999626158776271367e-01 8.331088715524298180e-03 -2.315125911724655750e-03 3.860367117843575141e-03 -8.431221716990835655e-03 9.988467831244619566e-01 -4.726540322765800106e-02 -4.979033958176191238e-02 1.918683801989612327e-03 4.728315559190424122e-02 9.988796833701943934e-01 -9.431954264732500884e-03
9.999625666425266957e-01 8.326434903528719469e-03 -2.352827126579155187e-03 4.291132655692224060e-03 -8.433000741457320412e-03 9.987311295183728399e-01 -4.964892173501614381e-02 -5.116841917955553681e-02 1.936443178832862946e-03 4.966690460208364466e-02 9.987639604906970447e-01 -7.628909454118633013e-03
9.999603256457388900e-01 8.612522701650760990e-03 -2.274112394194403256e-03 -1.684004109164508392e-03 -8.717621073989137784e-03 9.986520022215354953e-01 -5.116816922392911082e-02 -4.891333241591441089e-02 1.830359876696053146e-03 5.118596400998867701e-02 9.986874620576198236e-01 -5.526833568780387465e-03
9.999597665777574251e-01 8.626316448342217710e-03 -2.460059001302170294e-03 -1.207157873035780322e-03 -8.743470782842479791e-03 9.985858931273455807e-01 -5.243820902482426022e-02 -5.129723074246247266e-02 2.004231629928844311e-03 5.245760871022087796e-02 9.986211405452916079e-01 -6.550256129357915832e-03
9.999563407716179908e-01 8.966074827023979774e-03 -2.631739506854359825e-03 1.379392391483043583e-04 -9.098300960629307141e-03 9.984183120670875322e-01 -5.548058262795736717e-02 -5.013570531954850140e-02 2.130133860944646504e-03 5.550210474661299020e-02 9.984562979411920614e-01 -7.386611047629086831e-03
9.999563898181603738e-01 9.009349109077113490e-03 -2.459693164228081430e-03 -1.392131444443888604e-03 -9.134567603318445236e-03 9.983428837594759964e-01 -5.681589673246282418e-02 -5.465523346123680321e-02 1.943742918130902074e-03 5.683588721436700492e-02 9.983816423532756446e-01 -7.745844752639421266e-03
9.999568099554818623e-01 8.972412337201812402e-03 -2.423641992434442168e-03 -4.898181987803448996e-03 -9.096493048788628286e-03 9.983177693105447226e-01 -5.726155161215447376e-02 -6.017150609809600315e-02 1.905790615362303302e-03 5.728112512572809678e-02 9.983562694081011823e-01 -7.585447590883673957e-03
9.999562402696058339e-01 8.973543720599856319e-03 -2.644439254149147638e-03 1.190492657279038080e-03 -9.108979734277019083e-03 9.983521879264971588e-01 -5.665629135918305581e-02 -5.469017815373614783e-02 2.131674007659842881e-03 5.667790023872261440e-02 9.983902401318106579e-01 -8.815512714589794629e-03
9.999563363669071725e-01 8.949590233254900093e-03 -2.688902067670808152e-03 -6.466780249645828413e-04 -9.086741076656143848e-03 9.983742512017227400e-01 -5.626975807665425544e-02 -5.432967427035664126e-02 2.180939311055166661e-03 5.629173449145279118e-02 9.984119811639207143e-01 -8.160900161891328913e-03
9.999597213162324527e-01 8.550577069590972051e-03 -2.728255292272688867e-03 3.467122864065916472e-03 -8.688497899679532149e-03 9.984293797722361141e-01 -5.534693859532887478e-02 -6.134945454180704139e-02 2.250721975298862736e-03 5.536841373386839488e-02 9.984634560218942356e-01 -9.695844242409656921e-03
9.999592904451943820e-01 8.662768032004990182e-03 -2.524658861520031900e-03 4.050055791682140305e-03 -8.783861731915528631e-03 9.985702470906699935e-01 -5.272860133127794252e-02 -5.056036326721824459e-02 2.064273581182777834e-03 5.274863102775207563e-02 9.986056882970776316e-01 -8.627180457730325783e-03
9.999586518070793240e-01 8.803899278866569172e-03 -2.277286467671534639e-03 2.153166050378619006e-03 -8.910398697699800641e-03 9.986081055834450382e-01 -5.198515420859210062e-02 -5.269826895090765767e-02 1.816444663703494899e-03 5.200329624678270285e-02 9.986452611955123349e-01 -7.984486680187566701e-03
9.999596981856185840e-01 8.695539216608396543e-03 -2.233741761930624955e-03 -4.942303201390869146e-04 -8.798381926077011167e-03 9.986536030145999332e-01 -5.112308345005028842e-02 -4.937116699333470721e-02 1.786191481742343190e-03 5.114067641017616683e-02 9.986898621375407403e-01 -7.155350338304425697e-03
9.999589874329858352e-01 8.747651865490353382e-03 -2.345642521333874721e-03 1.598968043883138967e-03 -8.855286303422199232e-03 9.986762507251104592e-01 -5.066882811079048005e-02 -4.635370999590539276e-02 1.899304210001542294e-03 5.068752138817394365e-02 9.987127554102036564e-01 -6.971323619865760907e-03
9.999599411467825494e-01 8.619901404734918449e-03 -2.411099644503607482e-03 2.922295266614897795e-03 -8.730163376852305424e-03 9.986991963732470001e-01 -5.023643509290925957e-02 -5.465981151875669297e-02 1.974930159915331586e-03 5.025547197274408961e-02 9.987344427762868682e-01 -8.365194750348718331e-03
9.999625726298042583e-01 8.306538952354202907e-03 -2.419659111635805854e-03 4.765059872619882911e-03 -8.416085654479774428e-03 9.987402453703525529e-01 -4.946808849980344203e-02 -5.430090729311329301e-02 2.005702330845631973e-03 4.948660109768045212e-02 9.987727736927749511e-01 -7.292464094902697050e-03
9.999590997087386413e-01 8.777077383274023079e-03 -2.182160007199517287e-03 2.198472969910804375e-03 -8.873819997633041953e-03 9.987497254425238280e-01 -4.919594746656243828e-02 -4.429243769221852256e-02 1.747635070204671490e-03 4.921329943309209892e-02 9.987867624926605181e-01 -6.872220568029673710e-03
9.999622276297360779e-01 8.435802788344409775e-03 -2.092975177138098851e-03 3.173666788619432678e-03 -8.527198086657812592e-03 9.987925898237636213e-01 -4.838025843182230945e-02 -5.556888387906765842e-02 1.682321778630622728e-03 4.839627820871326980e-02 9.988267968216401060e-01 -9.187592433296096553e-03
9.999598191049431373e-01 8.704817645676156748e-03 -2.141570770481906333e-03 4.703243313211337255e-03 -8.795605605558415654e-03 9.988632791164024916e-01 -4.684855339131811097e-02 -3.917870449162499935e-02 1.731328288028250416e-03 4.686550738638427943e-02 9.988997080386878835e-01 -7.607758486996544708e-03
9.999606085275760670e-01 8.502988359715992622e-03 -2.545698747754268545e-03 1.015235045361074367e-02 -8.611013973602164862e-03 9.989064447437224770e-01 -4.595394529094355002e-02 -4.560120368174900435e-02 2.152169023615843873e-03 4.597405614486434894e-02 9.989403156996331523e-01 -9.973827631202584337e-03
9.999640836434294799e-01 8.133977954018043952e-03 -2.381139601075505773e-03 7.174443123665373914e-03 -8.232448432862587637e-03 9.989633360367387027e-01 -4.477141998139118340e-02 -5.156124554210687189e-02 2.014501416360857822e-03 4.478941456408426502e-02 9.989944194674212907e-01 -1.002509141383555596e-02
9.999649659834072279e-01 8.114102651315307016e-03 -2.056245113561918064e-03 2.952901179083437713e-03 -8.196501932259537063e-03 9.990038989449946394e-01 -4.386373500710311069e-02 -5.048744402416404514e-02 1.698282037117222233e-03 4.387905230132956025e-02 9.990354070838828315e-01 -7.006925395348960819e-03
9.999651685108827959e-01 8.082999040486647455e-03 -2.080118148857901424e-03 9.926350232213689700e-03 -8.165688165845128368e-03 9.990240704343876788e-01 -4.340769781370458491e-02 -5.040663204217657456e-02 1.727223720278555502e-03 4.342317145510227183e-02 9.990552761879599730e-01 -7.729125628101651303e-03
9.999662378754435865e-01 7.957903781696838014e-03 -2.048139798238516555e-03 1.005995248510209959e-02 -8.036519047756107009e-03 9.990950386912916814e-01 -4.176742778818686580e-02 -5.202800453475756731e-02 1.713905139418923397e-03 4.178247754558848254e-02 9.991252609654734940e-01 -8.768727693191518541e-03
9.999667453436316134e-01 7.991791984843376814e-03 -1.624643879645453750e-03 6.164215319586711928e-03 -8.050354855693614073e-03 9.991683356579377229e-01 -3.997285085209787564e-02 -4.245952007807608092e-02 1.303838012211067316e-03 3.998460052842400109e-02 9.991994454196920783e-01 -6.636061472656209700e-03
9.999696459389351144e-01 7.661008035670320397e-03 -1.419914306642612546e-03 8.607485501089456176e-03 -7.709963982915971938e-03 9.992301241127901079e-01 -3.846707060487256774e-02 -4.540996449990401806e-02 1.124124611843397561e-03 3.847685046122547442e-02 9.992588595166127519e-01 -5.165711248656178894e-03
9.999708788269324744e-01 7.518135636292120130e-03 -1.311157750519590780e-03 8.872176596115860514e-03 -7.561615800269726184e-03 9.992827008055894522e-01 -3.710668184001308934e-02 -4.256844591004775580e-02 1.031244191035441977e-03 3.711551572107223140e-02 9.993104497743318104e-01 -5.014788395232774518e-03
9.999683803755731182e-01 7.881804521462020333e-03 -1.056128088163949593e-03 4.499204041628152018e-03 -7.915024936666634550e-03 9.993060781506882817e-01 -3.639662829634775915e-02 -3.267266019517171133e-02 7.685241083357744092e-04 3.640383672878475668e-02 9.993368651471429276e-01 -3.245598882305248106e-03
9.999692601413885384e-01 7.776782358667020008e-03 -1.000214192047712289e-03 1.145633286132117720e-02 -7.807811601870194747e-03 9.993182965846030275e-01 -3.608296258952679858e-02 -3.488018840086206523e-02 7.189229957021907140e-04 3.608966288833154179e-02 9.993482973329833596e-01 -2.987731874200925605e-03
9.999730464165951238e-01 7.255395305675842697e-03 -1.125024120805760220e-03 8.079878981272655553e-03 -7.291460884179931136e-03 9.993141083987925333e-01 -3.630629908570576214e-02 -4.459280297621507488e-02 8.608359242572511446e-04 3.631352357021584709e-02 9.993400757336947660e-01 -5.827451082221607112e-03
9.999703736369738305e-01 7.600510954428059580e-03 -1.218228862975345933e-03 4.717231406117805732e-03 -7.640328218422654145e-03 9.992883175145247376e-01 -3.693892071657138565e-02 -4.132428764603515714e-02 9.366071992792156329e-04 3.694713401905472261e-02 9.993167826343818394e-01 -5.864220606505109873e-03
9.999696821450665407e-01 7.635973834958406994e-03 -1.525350545416342268e-03 5.173632044586410142e-03 -7.690440159889530211e-03 9.991845631480159584e-01 -3.963667363510223196e-02 -4.610801206239175526e-02 1.221442115586989733e-03 3.964720255327329468e-02 9.992129940152189027e-01 -7.497104148095945324e-03
9.999682126150474248e-01 7.781200369517995465e-03 -1.739735691621865097e-03 7.015184747285404393e-03 -7.846156577087214784e-03 9.991237029486107479e-01 -4.111282078894560460e-02 -4.652702162967567445e-02 1.418304070050229728e-03 4.112516415852391499e-02 9.991529959353068202e-01 -7.826817953381446508e-03
9.999682438196191292e-01 7.808931104701776621e-03 -1.591209385601733382e-03 9.336961433109003047e-03 -7.868301308973549291e-03 9.991057352226807575e-01 -4.154298592611815888e-02 -4.962210872386708937e-02 1.265380108114197693e-03 4.155418679445510577e-02 9.991354504635663325e-01 -6.928637448754413480e-03
9.999688077998147850e-01 7.683677608060504594e-03 -1.828804481742548260e-03 7.928914626997567161e-03 -7.753460130016527271e-03 9.990947092788335926e-01 -4.182876697985865588e-02 -5.097307326253645160e-02 1.505750121798478348e-03 4.184164181122031201e-02 9.991231204046437941e-01 -5.962414343020290206e-03
9.999643208279218598e-01 8.235136668895158552e-03 -1.881381194128490305e-03 5.684892268897614662e-03 -8.308687258608577625e-03 9.990332839446917079e-01 -4.316785015174748330e-02 -4.070990011986796997e-02 1.524069287019943694e-03 4.318194176654992222e-02 9.990660624393556954e-01 -5.794177048263777705e-03
9.999634779546086039e-01 8.229336030039689776e-03 -2.306682775704971614e-03 1.297668206438591133e-03 -8.325454076024977473e-03 9.989374505012893479e-01 -4.532832227660923974e-02 -5.012823993115432530e-02 1.931209815385810658e-03 4.534587097508262221e-02 9.989694802215731695e-01 -9.840722916304108642e-03
9.999622017989695522e-01 8.377228594400147610e-03 -2.327448051833345966e-03 1.048827143733590747e-02 -8.477561017829253476e-03 9.988545022612232982e-01 -4.709367549547151255e-02 -4.939638271082662235e-02 1.930267480376785276e-03 4.711162652213311819e-02 9.988877658245161051e-01 -1.041878548259910463e-02
9.999602975674797278e-01 8.653294500222953947e-03 -2.126918674963873199e-03 7.671746115422805115e-03 -8.748101352669518035e-03 9.987324092224784122e-01 -4.956859380078540434e-02 -5.202859759261224681e-02 1.695290972346828609e-03 4.958523230717237773e-02 9.987684570137178586e-01 -9.439133797763661279e-03
9.999577563517284551e-01 8.903112105702557302e-03 -2.284755315248708507e-03 5.627638403354173757e-03 -9.009478765476230597e-03 9.986182550445894535e-01 -5.177267603740211277e-02 -5.007097127359723399e-02 1.820660427344304895e-03 5.179107342518254886e-02 9.986562821657287703e-01 -8.612335667739081518e-03
9.999590656579359083e-01 8.700177455641004004e-03 -2.484737561222753917e-03 5.171107375371649002e-03 -8.819873069437465102e-03 9.985500358929704223e-01 -5.310400792018001720e-02 -5.410543485271618325e-02 2.019120488432260899e-03 5.312374921245568288e-02 9.985858953650733616e-01 -8.874189514096360309e-03
9.999587383160324361e-01 8.738404411172092864e-03 -2.482328293225667497e-03 1.057741948696491220e-03 -8.860537136334929384e-03 9.984795943704470877e-01 -5.440579479690607623e-02 -5.372824108094739065e-02 2.003134310067640998e-03 5.442554468422186598e-02 9.985158223777735875e-01 -7.822761405414550145e-03
9.999577147118065001e-01 8.787579368307445529e-03 -2.710578755013647034e-03 2.013696525402066187e-04 -8.925646709152712868e-03 9.983899142997336718e-01 -5.601706753654513149e-02 -5.611982767920073445e-02 2.213960063963524641e-03 5.603889250704517655e-02 9.984261319233481702e-01 -9.098759836204780432e-03
9.999564571093912946e-01 8.953167162963066375e-03 -2.631479239176843198e-03 1.088093109877529430e-03 -9.088516697063670283e-03 9.983358746690775831e-01 -5.694629235494640118e-02 -5.495513770725177216e-02 2.117250453152331839e-03 5.696772899177104943e-02 9.983737752485483119e-01 -6.122337073563782935e-03
9.999544843515906223e-01 9.146263589156619286e-03 -2.715711233224873868e-03 1.881116000306001486e-03 -9.287152718783662705e-03 9.983065004734095194e-01 -5.742717045887292537e-02 -5.121878033183933226e-02 2.185868139340770792e-03 5.744977784893624817e-02 9.983460046524877951e-01 -6.217283018060923948e-03
9.999561938149342799e-01 8.997150788484876982e-03 -2.581032514088128001e-03 -2.604683225092854944e-03 -9.131157728917128902e-03 9.982908997491422021e-01 -5.772262499728934154e-02 -5.524085027890539290e-02 2.057282109763049465e-03 5.774366420428583141e-02 9.983293228361989069e-01 -6.715734533395014902e-03
9.999591302726036357e-01 8.610306818940888923e-03 -2.756882467882218208e-03 9.177317480118466625e-05 -8.756319574947876022e-03 9.982631792581261321e-01 -5.825763301885586443e-02 -6.287995987373330709e-02 2.250478162391481973e-03 5.827939218919497844e-02 9.982977751122651400e-01 -8.611075562932685862e-03
9.999569463034165828e-01 8.837301798564276001e-03 -2.829776752187652001e-03 4.028375713454860133e-03 -8.987896550047832361e-03 9.982429366559554262e-01 -5.856839704226057125e-02 -5.621527013813015783e-02 2.307218054663957591e-03 5.859130919697332768e-02 9.982793873617911151e-01 -8.909133074315086706e-03
9.999578680927384555e-01 8.747341077026255657e-03 -2.783175076727895016e-03 4.539018749179470763e-03 -8.897451139582908397e-03 9.981891593151265285e-01 -5.949149173604270646e-02 -6.250860720118996128e-02 2.257742820669576215e-03 5.951374841028812812e-02 9.982249327418708518e-01 -8.951272265078882157e-03
9.999531384975161030e-01 9.271227750669439743e-03 -2.786600969405653595e-03 -1.300924970431449786e-03 -9.422482092877316334e-03 9.981340905414245457e-01 -6.032871729328144472e-02 -5.220739109312830944e-02 2.222080146367801535e-03 6.035214689668037813e-02 9.981746744557210560e-01 -7.632207820854650972e-03
