1.000000000000000000e+00 0.000000000000000000e+00 0.000000000000000000e+00 0.000000000000000000e+00 0.000000000000000000e+00 1.000000000000000000e+00 0.000000000000000000e+00 0.000000000000000000e+00 0.000000000000000000e+00 0.000000000000000000e+00 1.000000000000000000e+00 0.000000000000000000e+00
9.986383641112845932e-01 -5.216313616343290493e-02 6.518824530302058011e-04 1.539882340016950346e-01 5.216460923084877133e-02 9.986353826420856228e-01 -2.495211231165269869e-03 6.619814578702716557e-02 -5.208348397116800395e-04 2.525818855429757398e-03 9.999966744795600881e-01 1.711865944063268793e-02
9.941891734975046857e-01 -1.076400192364599939e-01 -1.230267907003889695e-03 3.139681937181572069e-01 1.076228003438400027e-01 9.941428696140850452e-01 -9.863449783025010978e-03 1.247145984688095011e-01 2.284763991845630351e-03 9.673730110294863696e-03 9.999505981793573861e-01 -5.438034554797334386e-03
9.884309283388882372e-01 -1.516573639767267445e-01 -2.084191630882897134e-03 4.886955377150103419e-01 1.515827767103302137e-01 9.882286901695854775e-01 -2.065714720118749792e-02 2.133369295123289655e-01 5.192466457261132352e-03 2.010223563029716470e-02 9.997844459756084490e-01 -1.885281931677578598e-02
9.807687286571346030e-01 -1.951709180461627391e-01 1.006795553232417125e-03 6.608016229655747642e-01 1.951270449907482052e-01 9.804096064218400519e-01 -2.687824304062991568e-02 2.730144043782403163e-01 4.258779337615771141e-03 2.655779329670814384e-02 9.996382077600689531e-01 -1.713284220901425611e-02
9.750534069083381938e-01 -2.218698747956406592e-01 6.679246560018581649e-03 8.076834543950603962e-01 2.219657451068960119e-01 9.743968376569800416e-01 -3.580517788277902402e-02 3.116381845247747640e-01 1.435853607874454287e-03 3.639452461900996583e-02 9.993364683139372984e-01 -5.107815213171338492e-02
9.698449713553738416e-01 -2.434066929886064545e-01 1.240618172704197747e-02 9.883554028641844402e-01 2.437134394617931354e-01 9.689936620828275560e-01 -4.068221071935393396e-02 3.819604932741369474e-01 -2.119189089487887208e-03 4.247899070907054653e-02 9.990951127825327127e-01 -4.810993339180715672e-02
9.672166747686083976e-01 -2.530791780862949869e-01 2.104361349011616214e-02 1.159540261586212484e+00 2.537535398830157440e-01 9.664148477046062835e-01 -4.063844402682474655e-02 4.355421897647737683e-01 -1.005211651319049687e-02 4.464607211444260315e-02 9.989522927539419284e-01 -9.721990951781747659e-02
9.671187906573124327e-01 -2.525708884000678611e-01 2.981930734168705341e-02 1.320724859568341403e+00 2.536653764650037002e-01 9.663963989112202002e-01 -4.161582576729367516e-02 4.388238857833477446e-01 -1.830632514748547698e-02 4.781157291102517554e-02 9.986886061007045345e-01 -7.230186564549341555e-02
9.664531599608326973e-01 -2.551313988309757974e-01 2.960167110604820448e-02 1.515561034557679987e+00 2.561347322031104490e-01 9.659187055140200373e-01 -3.736379661331002550e-02 4.759445656379507339e-01 -1.906013014021598964e-02 4.369237540657954638e-02 9.988631977254786021e-01 -7.056307243928300332e-02
9.695976716300945819e-01 -2.435019266517888803e-01 2.423152670316547699e-02 1.886963772228653413e+00 2.442960976580300647e-01 9.689409832765721875e-01 -3.837691488496195596e-02 5.520043397785721062e-01 -1.413406659661772466e-02 4.312983473068510848e-02 9.989694917851826839e-01 -7.690633990682127497e-02
9.679797188539076558e-01 -2.499807465520020033e-01 2.291048320777348130e-02 2.076981107874633636e+00 2.507531327672487542e-01 9.671557963981242123e-01 -4.162369398456462755e-02 6.134570181469326533e-01 -1.175288453616647050e-02 4.603576703840059348e-02 9.988706512147934591e-01 -4.829556852203534950e-02
9.664923228928329335e-01 -2.564584451835215106e-01 1.102976351816645911e-02 2.290047837277353615e+00 2.566810417566149360e-01 9.650888940651798364e-01 -5.213702479799729034e-02 6.823158075382400600e-01 2.726278040641350910e-03 5.322116539590970169e-02 9.985790279001188763e-01 -5.181296507225230386e-02
9.615501829610336726e-01 -2.745168192355321168e-01 7.858855158915038774e-03 2.481574455025505888e+00 2.745068754256290711e-01 9.598736637154330342e-01 -5.734566286625223525e-02 7.311839373706171541e-01 8.198840873000021873e-03 5.729804239516294445e-02 9.983234512651805170e-01 -1.085560633693143373e-01
9.602429179788685154e-01 -2.789046296584012929e-01 1.207253190254951522e-02 2.680526407902230623e+00 2.790969856740725397e-01 9.581480939456845647e-01 -6.369538959687955082e-02 7.952676726552515563e-01 6.197665614938992727e-03 6.453245403176412209e-02 9.978963630144984664e-01 -1.405845069257833369e-01
9.593253061457452935e-01 -2.815579763004824043e-01 2.049543778378692255e-02 2.885722220133931870e+00 2.822948656269378409e-01 9.573158340394599675e-01 -6.209672083131449749e-02 8.414872593895516006e-01 -2.136780063828922632e-03 6.535671257728704886e-02 9.978596766540116514e-01 -1.359857287258058600e-01
9.611547136995403084e-01 -2.749842048873811229e-01 2.377610976609763338e-02 3.088446545821763145e+00 2.759518940268102516e-01 9.591499015371173220e-01 -6.230584695158444125e-02 8.815347235678174798e-01 -5.671729557271935548e-03 6.644662101110150598e-02 9.977738611729795037e-01 -1.500663491073858102e-01
9.641241475264884508e-01 -2.624745331587033936e-01 3.964527209444527328e-02 3.505583752855564672e+00 2.643755177158958469e-01 9.628808994852714465e-01 -5.446061915629242522e-02 9.853302097561696948e-01 -2.387914966605601125e-02 6.298803735278170335e-02 9.977285669768459764e-01 -2.624573155620290588e-01
9.635192940301251507e-01 -2.454019017060646013e-01 1.068104707916607554e-01 3.937608632750797533e+00 2.498468390233995751e-01 9.678133213366549858e-01 -3.023130948748409957e-02 1.022173868587338497e+00 -9.595377565111579132e-02 5.581470847688448783e-02 9.938196975588357018e-01 -1.274427975952990844e-01
9.696339474444868323e-01 -2.367422812488372830e-01 6.134411326540283732e-02 4.155321587574282383e+00 2.393633616002620035e-01 9.701247886009172205e-01 -3.953575173748297145e-02 1.103792476607945661e+00 -5.015166085629025466e-02 5.301874018799489219e-02 9.973333565574920012e-01 -3.028283459074069262e-01
9.702302059010534663e-01 -2.386645800102315806e-01 4.114080463164392076e-02 4.405389128129369780e+00 2.403853538726521688e-01 9.696936128506666863e-01 -4.369415109761333460e-02 1.191826395449831155e+00 -2.946572925822675201e-02 5.228303209609250213e-02 9.981975031796662678e-01 -1.273795987235945004e-01
9.680068848820491123e-01 -2.489582951765103858e-01 3.134386835980729202e-02 4.609199309671595302e+00 2.500875529864511337e-01 9.674135649197602715e-01 -3.958800639700944812e-02 1.223831965267834221e+00 -2.046672084630059285e-02 4.616017409029339602e-02 9.987243622069872373e-01 -9.329312616602522534e-02
9.682155396363532063e-01 -2.461037636283006091e-01 -4.462741684963236755e-02 4.866134415115769052e+00 2.431994980815024299e-01 9.680031217617082184e-01 -6.183817908454958961e-02 1.336969929958458980e+00 5.841808743523370373e-02 4.901932055397206084e-02 9.970879766965582425e-01 -1.693027741377465811e-01
9.684272398177112828e-01 -2.483196440667856664e-01 -2.204621395146957874e-02 5.071455875611696307e+00 2.469917238182276764e-01 9.677123064367286753e-01 -5.027902481360592424e-02 1.366261241487018108e+00 3.381966209691392167e-02 4.324634483342766622e-02 9.984918548061365584e-01 -1.797857782773391033e-01
9.674209070281426515e-01 -2.523456596226847370e-01 -2.045621456765456259e-02 5.287846563615047124e+00 2.511968513694160521e-01 9.668064107719753775e-01 -4.674939520787389780e-02 1.409415049425277067e+00 3.157420635482801469e-02 4.008780562468645947e-02 9.986971699836042493e-01 -3.111863081633567396e-01
9.633797928827768642e-01 -2.680932819649640142e-01 -5.036549452980211908e-03 5.698641089375760416e+00 2.676853558917455245e-01 9.626686051467705507e-01 -4.017097093524934354e-02 1.540181012572909625e+00 1.561809547440336753e-02 3.735169112671318098e-02 9.991801270360249898e-01 -2.176927541763301055e-01
9.568232882121320282e-01 -2.904483317386171159e-01 -1.135613161149466588e-02 5.910991196520162028e+00 2.896205547353749021e-01 9.559573352842366534e-01 -4.759734647052479839e-02 1.614671797575606638e+00 2.468054719201040470e-02 4.225328042313064580e-02 9.988020478972734484e-01 -2.421260347355295717e-01
9.514200552118072807e-01 -3.077409641125878892e-01 -9.766142934472447565e-03 6.101624249275905854e+00 3.068398443887948579e-01 9.503045420782502140e-01 -5.263636766445124737e-02 1.690267328366859889e+00 2.547917652165744562e-02 4.708265405116894564e-02 9.985659894324842023e-01 -2.286362288034936574e-01
9.471616493024471728e-01 -3.205554219049385756e-01 -1.135920675112524203e-02 6.296383798635124762e+00 3.195372405523239090e-01 9.460540859553754345e-01 -5.364343713209874381e-02 1.761096700321208353e+00 2.794211858242488800e-02 4.717931680817289558e-02 9.984955433424025362e-01 -2.143119031017565179e-01
9.448882325704324181e-01 -3.270504082508289279e-01 -1.497526002747734918e-02 6.485134892992599376e+00 3.258949550280447194e-01 9.439508539789335240e-01 -5.243342025569969894e-02 1.840794529827987303e+00 3.128428099210769919e-02 4.466336009984279293e-02 9.985121321383123583e-01 -2.244231880000505386e-01
9.433542345860475020e-01 -3.313026701805141805e-01 -1.792564698508694598e-02 6.705037213780558503e+00 3.300802525142393362e-01 9.426034687769052622e-01 -5.045520339748729016e-02 1.915464210350747098e+00 3.361272063830172269e-02 4.168022769860135063e-02 9.985654428380166259e-01 -2.300403450478471779e-01
9.391457223298652623e-01 -3.430617220919398025e-01 -1.771911580266468528e-02 6.906719857922798411e+00 3.420165120337275710e-01 9.386123867198776782e-01 -4.507208662018954287e-02 2.020418074544580112e+00 3.209388922830429952e-02 3.626902716268309151e-02 9.988265815159675931e-01 -2.316848908661303663e-01
9.341310829267596150e-01 -3.564657844666239694e-01 -1.820067072043625098e-02 7.140676087704738606e+00 3.553788432359809568e-01 9.336101793932327642e-01 -4.558410593169281294e-02 2.119532810649594534e+00 3.324150553653421047e-02 3.611339693147271740e-02 9.987946860450022113e-01 -2.314954282311156852e-01
9.257209719700536521e-01 -3.777319400441033204e-01 -1.895424821344991392e-02 7.359637238661225211e+00 3.765793717004226049e-01 9.252231225430919137e-01 -4.636971340568764310e-02 2.218778863866844642e+00 3.505223052152441066e-02 3.578763728061117033e-02 9.987445049427492449e-01 -2.303586897175392556e-01
9.189609248763995764e-01 -3.939618271150532869e-01 -1.746130941485274368e-02 7.574026953514321647e+00 3.927107128325231789e-01 9.182780047333085616e-01 -5.043611850237290917e-02 2.331446010307059336e+00 3.590424176728808370e-02 3.949157883882023490e-02 9.985746344785317863e-01 -2.420799862347800258e-01
9.155105521825256387e-01 -4.020217193049918092e-01 -1.479750146157652983e-02 7.786258248922668379e+00 4.006698307881428334e-01 9.144993100182390311e-01 -5.616670430393506941e-02 2.447841595166007522e+00 3.611253990856867768e-02 4.549229806487106731e-02 9.983117425324260497e-01 -2.381126838827297143e-01
9.160006020413864469e-01 -4.008609383697869233e-01 -1.591870437916988873e-02 8.028489400821394284e+00 3.992982697425793703e-01 9.148287152153735668e-01 -6.040954889726674049e-02 2.534616607460197457e+00 3.877871633254319911e-02 4.897887204379874904e-02 9.980467330004729742e-01 -2.088332312050370232e-01
9.166541748418890467e-01 -3.992762706984774868e-01 -1.798842411251049683e-02 8.261384250299640186e+00 3.974131033387675593e-01 9.153166530541976265e-01 -6.525526749858263920e-02 2.614374334917350495e+00 4.251998400264817707e-02 5.266767793227331018e-02 9.977064531522470414e-01 -2.142211664314033481e-01
9.164565575363508021e-01 -3.997082419265871045e-01 -1.845804660787058599e-02 8.498584054661600717e+00 3.977532392012042561e-01 9.150583005278976056e-01 -6.678822755505257891e-02 2.704475633955903735e+00 4.358599377748569037e-02 5.386676128145059805e-02 9.975964280085791724e-01 -2.201267243344728064e-01
9.177414810734400019e-01 -3.968547000944082082e-01 -1.602875322993473073e-02 8.722695395772156246e+00 3.949930644795516810e-01 9.161762110302376083e-01 -6.783531053463517924e-02 2.806331077487829617e+00 4.160592421977397926e-02 5.592403200105438427e-02 9.975677669785464330e-01 -2.271839247301413456e-01
9.180835442625210341e-01 -3.961681000625170146e-01 -1.316974742442255167e-02 8.965614682334914320e+00 3.944375144059606431e-01 9.163550873828523180e-01 -6.864693042527586497e-02 2.909800573671441626e+00 3.926388905362214465e-02 5.782897474813642608e-02 9.975540871030323942e-01 -2.377126171312012592e-01
9.180744608319437727e-01 -3.963514085278257992e-01 -6.696665300302537260e-03 9.206789663362613396e+00 3.949477000405258176e-01 9.160106493808847228e-01 -7.029085611591789906e-02 3.004513639757839805e+00 3.399409655858736529e-02 6.188740727174138478e-02 9.975040602525621081e-01 -2.438733441308065797e-01
9.177135942930361168e-01 -3.972426581555255076e-01 -1.714388782078912765e-04 9.461115392410885505e+00 3.962953277982617095e-01 9.155546805286798318e-01 -6.862681784328353296e-02 3.092715780453237695e+00 2.741846120818882543e-02 6.291182324141644799e-02 9.976423860689840328e-01 -2.602978287797544366e-01
9.177187621114328842e-01 -3.972050111848950404e-01 4.522472583294278800e-03 9.721669204121115015e+00 3.966581102846471474e-01 9.157252892922269627e-01 -6.410567912501903554e-02 3.207220930106639223e+00 2.132175447921515893e-02 6.062485991962883458e-02 9.979328680555888953e-01 -2.568239201008593042e-01
9.171468115870715643e-01 -3.985423449697715337e-01 2.392751901951341992e-03 9.983961729226912496e+00 3.980156178774861275e-01 9.155910109393157192e-01 -5.724219259187077191e-02 3.318667505278346308e+00 2.062265553394085696e-02 5.345184705057005881e-02 9.983574540842627965e-01 -2.420889519810257573e-01
9.163628585031378115e-01 -4.003433475323707191e-01 -2.077412461125438883e-03 1.023949953768377163e+01 3.997562973411414311e-01 9.152766867558530528e-01 -4.963355132698882982e-02 3.425252518604603669e+00 2.177186928261066329e-02 4.465188425815184298e-02 9.987653352715729627e-01 -2.464960561440547038e-01
9.145909116910826420e-01 -4.042645473430479530e-01 -9.676777025165176488e-03 1.049671027024100844e+01 4.036508775197468202e-01 9.141163415355449962e-01 -3.817437904156682771e-02 3.563043067812081688e+00 2.427824807544015293e-02 3.100790059309671554e-02 9.992242374818557371e-01 -2.496120905914620824e-01
9.098424270510307998e-01 -4.146375961927489251e-01 -1.619943707011429340e-02 1.075750928762212411e+01 4.141797178182244354e-01 9.098362226152126864e-01 -2.555796089865538384e-02 3.675398439083742641e+00 2.533612610297237416e-02 1.654423889999393632e-02 9.995420795911066358e-01 -2.485887100357255242e-01
9.042919425215216744e-01 -4.263517238508369722e-01 -2.191552554862647925e-02 1.101689196375710544e+01 4.260849182811722313e-01 9.045434152960357688e-01 -1.590132880957326883e-02 3.823343577765263568e+00 2.660310327724266580e-02 5.041568605406991643e-03 9.996333615291245200e-01 -2.684976289042365072e-01
8.963536741229765070e-01 -4.425309168006288374e-01 -2.676711717454285933e-02 1.128591674233109998e+01 4.425597404484885589e-01 8.967241765897271399e-01 -5.160160234167343075e-03 3.988623747177358236e+00 2.628625154728691377e-02 -7.220719844360790930e-03 9.996283780408207198e-01 -2.646197663431120728e-01
8.868727878093678463e-01 -4.610643127364538185e-01 -2.960334042133504900e-02 1.154369809312061435e+01 4.613487300269961122e-01 8.872130361906838125e-01 3.221446225865476701e-03 4.149391157165778665e+00 2.477917564645295417e-02 -1.651447650305104542e-02 9.995565339289781415e-01 -2.772387380205772467e-01
8.749399725274278339e-01 -4.831852317991294776e-01 -3.181314578795128162e-02 1.182390346157870731e+01 4.835718666832741763e-01 8.752883596004963351e-01 5.342031479314337042e-03 4.322021742023238744e+00 2.526448547185657437e-02 -2.005789916949868301e-02 9.994795577973311085e-01 -2.524862604254867748e-01
8.557649428034272976e-01 -5.160850703057864308e-01 -3.636705756750782670e-02 1.207586647320468209e+01 5.165055953557702306e-01 8.562799038856956368e-01 2.587695439064598146e-03 4.541912129215728733e+00 2.980490957591154511e-02 -2.099824775964700269e-02 9.993351494649811428e-01 -2.541801599059297367e-01
8.305500651164388071e-01 -5.555435516149733743e-01 -3.947089553203206314e-02 1.228440376829619751e+01 5.556699525801758188e-01 8.313574155660825582e-01 -8.703527033853608250e-03 4.733132828044033680e+00 3.764961001955298425e-02 -1.470407570387152925e-02 9.991828146155589119e-01 -2.413715625145556043e-01
8.058199858025978379e-01 -5.910084333321538042e-01 -3.692129753101918571e-02 1.250696584820990154e+01 5.904925705147289205e-01 8.066632521378600540e-01 -2.475725787075844925e-02 4.933842676198920252e+00 4.441480212731856864e-02 -1.851858699904802147e-03 9.990114593793940623e-01 -2.485284075327821585e-01
7.825903752425071858e-01 -6.217995731231683587e-01 -3.029183787156817728e-02 1.269802514526137749e+01 6.206268675692893089e-01 7.830738176741784962e-01 -4.022048388967264243e-02 5.122806751551636673e+00 4.872982483986186553e-02 1.267623512850600195e-02 9.987315541395711538e-01 -2.425158677697537013e-01
7.683205021323300521e-01 -6.398066995208505636e-01 -1.819321992832262022e-02 1.291151914891353414e+01 6.382145623713665339e-01 7.679493342965388880e-01 -5.418479796610782551e-02 5.313627778695220627e+00 4.863926788356541520e-02 3.002011328657837319e-02 9.983651708758732868e-01 -2.479966728709468715e-01
7.588138415329421793e-01 -6.513062953860583315e-01 -1.289762965668458244e-03 1.313657555126252952e+01 6.498333969675970101e-01 7.572280111421525461e-01 -6.574416572787052104e-02 5.497257917862346410e+00 4.379623366880433522e-02 4.904945190508048364e-02 9.978356784482296238e-01 -2.541824777133235291e-01
7.481982349923139708e-01 -6.634092120763600553e-01 9.360474699997369669e-03 1.335430441825920234e+01 6.620924896059633413e-01 7.456542182213713454e-01 -7.505545986837258710e-02 5.700451831151145399e+00 4.281280604869845685e-02 6.235386259806771636e-02 9.971354268389714948e-01 -2.324800774495826838e-01
7.477247660430277332e-01 -6.638938225947511595e-01 1.235583127225900642e-02 1.360381324234124634e+01 6.625951938885640269e-01 7.447902100418006821e-01 -7.908951929090574096e-02 5.902583453786065526e+00 4.330454112071389222e-02 6.732410672574487553e-02 9.967909416582320103e-01 -2.276442497417557331e-01
7.554348133043159441e-01 -6.551498483969985243e-01 9.844744448855909796e-03 1.385230634575564856e+01 6.537556354418999627e-01 7.526517435009230095e-01 -7.822353950684267365e-02 6.093645476012375717e+00 4.383847597523216066e-02 6.552884212627939353e-02 9.968872347832317127e-01 -1.996524387076499263e-01
7.634094834842499733e-01 -6.459148167706528776e-01 1.000122219529595013e-04 1.409580057227921834e+01 6.440701552939068764e-01 7.612175581886109210e-01 -7.564036068826913983e-02 6.279240279130113400e+00 4.878109865504540177e-02 5.780898357091844575e-02 9.971351592600192770e-01 -2.061931668041641630e-01
7.630399828792656658e-01 -6.462246526684628511e-01 -1.279385833649991297e-02 1.458997964987418605e+01 6.438892183609387088e-01 7.617105372859747092e-01 -7.213689670377605723e-02 6.689839177456422092e+00 5.636185772443445818e-02 4.680550898170313112e-02 9.973126818219120171e-01 -2.112302856360935566e-01
7.553793222472270363e-01 -6.550789861336360209e-01 -1.654090225614663831e-02 1.484107300708941324e+01 6.523033276275550518e-01 7.541057899014009802e-01 -7.632055033346159256e-02 6.923982044603953945e+00 6.246957889515848683e-02 4.686128000077900702e-02 9.969461229922859102e-01 -1.874200106281366240e-01
7.483842660743063036e-01 -6.631177798409263469e-01 -1.399286787125676723e-02 1.508415755654232271e+01 6.603120453894507635e-01 7.468747544949735362e-01 -7.852454273456785372e-02 7.138513404855171274e+00 6.252194019719609086e-02 4.952687307829619495e-02 9.968139725330221745e-01 -1.921186569813392864e-01
7.425505969647361315e-01 -6.696935192360143896e-01 -1.136667236248694798e-02 1.531387553638607990e+01 6.667725301556449713e-01 7.407079614226735886e-01 -8.225636093887578326e-02 7.359475579769292786e+00 6.350593655048070163e-02 5.350052502872335025e-02 9.965463811807744321e-01 -1.945414961851383850e-01
7.356654423420855293e-01 -6.773061446553857445e-01 -7.262462094995432438e-03 1.555629205092741607e+01 6.743884163040120283e-01 7.334128183039347881e-01 -8.547456874676868932e-02 7.575920492203450429e+00 6.321883341687173363e-02 5.798296611537869655e-02 9.963138836440414980e-01 -1.900906920110259080e-01
7.299321574356507636e-01 -6.834222106484356685e-01 1.153809055873304679e-02 1.601790934480445117e+01 6.809277332480919709e-01 7.255920409334022381e-01 -9.926536267860625040e-02 8.002063639441681531e+00 5.946820692564627753e-02 8.031358618879669287e-02 9.949941006048946823e-01 -1.674262813187350762e-01
7.343081024155526659e-01 -6.783127222570545234e-01 2.614309758032342182e-02 1.627633368714914397e+01 6.767030406277104726e-01 7.284423930819778903e-01 -1.069797867179243661e-01 8.201077812260667343e+00 5.352200979112789470e-02 9.624723780569137410e-02 9.939174330308796490e-01 -1.627058975300834376e-01
7.387096625154689900e-01 -6.730988335664861433e-01 3.529865093339685372e-02 1.652084551203669349e+01 6.721266094822505588e-01 7.316930937372416732e-01 -1.134505945472223248e-01 8.414650018520561048e+00 5.053568375095158355e-02 1.075322129813194166e-01 9.929163951910372488e-01 -1.654461456829706967e-01
7.412254980070481780e-01 -6.701022444086459640e-01 3.934136681279383485e-02 1.677288236760614026e+01 6.693611800209278151e-01 7.334618120393954221e-01 -1.182767135190933572e-01 8.627997536207432816e+00 5.040210099980459157e-02 1.140032995942747984e-01 9.922010259500961826e-01 -1.530448110062627709e-01
7.475653094364259621e-01 -6.630864190860654706e-01 3.824276337870304715e-02 1.704787581141764718e+01 6.620419072059968713e-01 7.392880512178001684e-01 -1.231003266836990517e-01 8.864597789419214280e+00 5.335373679759399662e-02 1.173438458130888207e-01 9.916570983054208144e-01 -1.332885648851694360e-01
7.606525204261249673e-01 -6.483276248421204757e-01 3.284865348775051208e-02 1.732651907094587784e+01 6.470320056885418003e-01 7.530954729280898707e-01 -1.191502927813425788e-01 9.038972861735711462e+00 5.251025408476264755e-02 1.118861006639860906e-01 9.923326930491417341e-01 -1.268771003548508358e-01
7.811268952590226800e-01 -6.239141273682347055e-01 2.391516617826980329e-02 1.761804017314641158e+01 6.223244773574585498e-01 7.748939638361480586e-01 -1.106868993696572961e-01 9.210918585138605508e+00 5.052740231563564166e-02 1.013435073432768091e-01 9.935675493566590299e-01 -1.505135189898706427e-01
7.996656771390618923e-01 -6.003195716628012546e-01 1.229701932650789642e-02 1.788949876412464590e+01 5.986345893946430907e-01 7.954973382425660766e-01 -9.391811981348237304e-02 9.400123547121582490e+00 4.659863931525095454e-02 8.246451799157795970e-02 9.955039779359918795e-01 -1.682492137480053052e-01
8.126402490465736150e-01 -5.827587907814770762e-01 2.831500738753354313e-03 1.815469366294546560e+01 5.811809225373518739e-01 8.100627491981462480e-01 -7.763425558459363662e-02 9.605662077519500741e+00 4.294835163490678953e-02 6.473433500432337895e-02 9.969778858948640243e-01 -1.691071693945990773e-01
8.142190341183594970e-01 -5.805437564436499720e-01 -4.038729213709325860e-03 1.845270155719897787e+01 5.792389941559414890e-01 8.128184115153176403e-01 -6.171237761526389420e-02 9.791116914566806884e+00 3.910948898386204520e-02 4.790800304763043194e-02 9.980858034835529136e-01 -1.699811312597587498e-01
8.085629817320221235e-01 -5.883487796784557800e-01 -8.462743260519860894e-03 1.873375782453711480e+01 5.872064343680644116e-01 8.077454302464086577e-01 -5.230605464750726769e-02 1.000072531429106348e+01 3.760994561768903066e-02 3.732336221344433741e-02 9.985952426402393556e-01 -1.539386199178862935e-01
8.020555041526188367e-01 -5.970924506668330300e-01 -1.369575171956362650e-02 1.902133314686908250e+01 5.958137028227245002e-01 8.015060526890436243e-01 -5.093210217045931326e-02 1.022806061371510111e+01 4.138840160192970574e-02 3.269025633890653565e-02 9.986082051301871099e-01 -1.526385041447738122e-01
7.933090281324853832e-01 -6.085557347617553958e-01 -1.790819845968903701e-02 1.929368634813771521e+01 6.071497084307544423e-01 7.929681731731782479e-01 -5.070214873989543902e-02 1.043310432508314634e+01 4.505571479780921818e-02 2.934951486775488894e-02 9.985532477244696281e-01 -1.519173208215450765e-01
7.862623401768400466e-01 -6.176810748702274978e-01 -1.617473853883122023e-02 1.954244793942762115e+01 6.162040813398776962e-01 7.857787836855477659e-01 -5.333135334621072476e-02 1.063800926155764692e+01 4.565153403464589088e-02 3.196549478455637527e-02 9.984458646233465018e-01 -1.544255154088697291e-01
7.805647993672503171e-01 -6.248686018302030964e-01 -1.605691239097143189e-02 1.981897008171886299e+01 6.232274668385465732e-01 7.799745358775084236e-01 -5.680887220033194879e-02 1.086147923352169897e+01 4.802206333314587572e-02 3.433589709665827577e-02 9.982559429343734747e-01 -1.423091812110065801e-01
7.604931919260653483e-01 -6.490529867080421234e-01 -1.950193527512292940e-02 2.035173496718473629e+01 6.473894974057516905e-01 7.601894832129502122e-01 -5.476119302166505831e-02 1.134675954976311907e+01 5.036808198485539373e-02 2.902016639852411303e-02 9.983090134118638437e-01 -1.451370432041903247e-01
7.432744599624030446e-01 -6.685248956361082850e-01 -2.485037388709953471e-02 2.062615485437690310e+01 6.669070540364612221e-01 7.433792363329885244e-01 -5.120832222785133558e-02 1.161348171577862765e+01 5.270729023585580403e-02 2.148894840873677436e-02 9.983787691313752433e-01 -1.229189017320215099e-01
7.282707292428396428e-01 -6.848365266320465272e-01 -2.491338432763949909e-02 2.087326909132822550e+01 6.829156989891987939e-01 7.282915852031452975e-01 -5.672314339300575659e-02 1.185658533097981326e+01 5.699028866566935303e-02 2.429606373147398524e-02 9.980790591355775954e-01 -1.215961865422687249e-01
7.035873239476182484e-01 -7.101084621182444101e-01 -2.666176303793804658e-02 2.134582167187503643e+01 7.079791120739192811e-01 7.037148866887676935e-01 -5.958972327205270397e-02 1.237663482071129195e+01 6.107744630593445190e-02 2.305060260983806536e-02 9.978668324341024576e-01 -1.033967343886674356e-01
6.966064510144474031e-01 -7.170288912600635278e-01 -2.467836103594149566e-02 2.160699429913643499e+01 7.148814634563200876e-01 6.966084041812814487e-01 -6.067309478309491910e-02 1.264534730188228551e+01 6.069551558069602448e-02 2.462316637583764067e-02 9.978525713080170778e-01 -9.939283335265217123e-02
6.913732750467509458e-01 -7.221260605706290026e-01 -2.317212109138669374e-02 2.184523112747660889e+01 7.200766641872455853e-01 6.913254205973995425e-01 -5.965534786418881519e-02 1.290979084863008275e+01 5.909815770477393204e-02 2.455840956928877217e-02 9.979500449798720529e-01 -9.379514960726828554e-02
6.820681186004267094e-01 -7.309196780592487341e-01 -2.322726446739976219e-02 2.209626898429175057e+01 7.286567195025238641e-01 6.819627578445052185e-01 -6.313621810765279729e-02 1.316724795297966821e+01 6.198763354649571705e-02 2.613849917039990506e-02 9.977345900330529815e-01 -6.072219861720852541e-02
6.719664626094945525e-01 -7.404353669787029357e-01 -1.471531362887494934e-02 2.234061854490119714e+01 7.377842158094896075e-01 6.710215109497283947e-01 -7.351586730169183681e-02 1.343323652686521363e+01 6.430804016963263814e-02 3.854347117031665937e-02 9.971854776317612412e-01 -4.796341447604510200e-02
6.597410305148780907e-01 -7.514825057318120782e-01 -3.976962937183990687e-03 2.258000175823316624e+01 7.483786823422674539e-01 6.574790193334849597e-01 -8.746820537732966083e-02 1.370653478891362731e+01 6.834559584068577998e-02 5.473008967027268717e-02 9.961593731998236168e-01 -3.167786609984022533e-02
6.503925426534733489e-01 -7.594650010200174606e-01 1.422858694371748750e-02 2.279489694824711066e+01 7.565306317226969668e-01 6.459705123203323129e-01 -1.018994625985075314e-01 1.398088281390590026e+01 6.819782786868716640e-02 7.703901244351772648e-02 9.946929409801400501e-01 -1.512621228553587271e-02
6.458857929836550049e-01 -7.629280187168092642e-01 2.779173759805287844e-02 2.303330134808780016e+01 7.604170997653674213e-01 6.396737906104508209e-01 -1.121752022083507550e-01 1.423904580719783475e+01 6.780395863297702941e-02 9.358568193319397044e-02 9.932997248216656194e-01 -1.780609929283877985e-02
6.492626562100498600e-01 -7.598118951693260126e-01 3.382140166030539463e-02 2.324415912659936723e+01 7.576561850580736390e-01 6.422553382302711444e-01 -1.160395870294534809e-01 1.451936483079789042e+01 6.644628277275370365e-02 1.009651646555239785e-01 9.926685887202063574e-01 4.550318900482852591e-03
6.590438187203818687e-01 -7.513107243695361648e-01 3.454620751658921129e-02 2.350704858713760714e+01 7.491431228262609432e-01 6.516838503926933868e-01 -1.187128495971313952e-01 1.477930972912873209e+01 6.667703149191672729e-02 1.041170235104535019e-01 9.923274756282572939e-01 7.390114707970851793e-03
6.712609479908007160e-01 -7.405249664391252429e-01 3.211718827705757617e-02 2.377887475386593152e+01 7.381549500376843875e-01 6.639192278639565181e-01 -1.197435952666844605e-01 1.503513374222042565e+01 6.734990302409632479e-02 1.040866607825437218e-01 9.922852198888102437e-01 2.782909091183220773e-03
6.854502030315727801e-01 -7.274505234705904710e-01 3.120504873157204859e-02 2.402982618117191294e+01 7.252560306067318274e-01 6.783300964182541470e-01 -1.177793290937315385e-01 1.527506141075455481e+01 6.451131088842633476e-02 1.033635148181702712e-01 9.925493814273880222e-01 1.277641040621897706e-02
6.976859086399961329e-01 -7.159637210834162158e-01 2.510623383885522350e-02 2.430961287395505721e+01 7.135967581927864511e-01 6.914260992088400171e-01 -1.127369328551794114e-01 1.552526793154419593e+01 6.335644862150081880e-02 9.657069651418920264e-02 9.933076366326977213e-01 1.013815159092465445e-02
7.077307439982112314e-01 -7.062313883375987977e-01 1.882604914702706855e-02 2.459542121115630664e+01 7.039045630214364468e-01 7.026238075779834835e-01 -1.041064415980952895e-01 1.577336179014087136e+01 6.029560645137556352e-02 8.693107126548449415e-02 9.943879668878219391e-01 1.514025846242757906e-02
7.157526946490182507e-01 -6.982503601118326131e-01 1.202142696876642297e-02 2.487697958064483572e+01 6.958686217253484685e-01 7.116489356382877940e-01 -9.655389014926268887e-02 1.601698078129487257e+01 5.886375285974496802e-02 7.747404086910750221e-02 9.952551590374594248e-01 1.893506417404013098e-02
7.204995367505323545e-01 -6.934213393643867684e-01 6.874856825286511375e-03 2.517046786585748208e+01 6.911214523084675543e-01 7.172265548983023375e-01 -8.909100463990318741e-02 1.625234057394053266e+01 5.684677388650114654e-02 6.894138860519458123e-02 9.959997636726047876e-01 3.003489685170568010e-02
7.225902982974015121e-01 -6.912616589064255468e-01 4.536488995768535315e-03 2.545106600249830464e+01 6.888975534323111827e-01 7.195440607818999190e-01 -8.761566908076076632e-02 1.649925635287012327e+01 5.730114904125540448e-02 6.643540862695088145e-02 9.961440231207141505e-01 4.672258041491721831e-02
7.189119272556832030e-01 -6.950809410777674113e-01 5.303413991448610587e-03 2.570579055340530417e+01 6.926523526815786536e-01 7.157184974076737927e-01 -8.932945087246270399e-02 1.675208720737362711e+01 5.829544728530113018e-02 6.789342986583531137e-02 9.959880134855336742e-01 5.239052463275907512e-02
7.151450405594441673e-01 -6.989087946097408688e-01 9.698854591651168838e-03 2.596474885234044194e+01 6.964697786680124070e-01 7.113381481058225209e-01 -9.448749362486458248e-02 1.700694031456570343e+01 5.913897501107688581e-02 7.432722157149451725e-02 9.954788022695918448e-01 6.268845216640887841e-02
7.125801676453000777e-01 -7.014197779305798575e-01 1.548547081660890667e-02 2.624506653167740922e+01 6.991284874263056226e-01 7.080588621692134321e-01 -9.935796783673096766e-02 1.726359921603646441e+01 5.872701888911086021e-02 8.162685116709407496e-02 9.949312511027800232e-01 7.154946916091135811e-02
7.073857013443618502e-01 -7.065673771942411197e-01 1.918361327790879881e-02 2.651593253138894468e+01 7.043446988427535249e-01 7.023680945983167279e-01 -1.028474836952309179e-01 1.753049066080271245e+01 5.919471890005099934e-02 8.626471570219826357e-02 9.945121337013254070e-01 6.762911435216906186e-02
7.043875863221062961e-01 -7.094779071902589385e-01 2.189126410803465123e-02 2.676300632739753738e+01 7.073443058697194141e-01 6.990300559367236266e-01 -1.049810166210343315e-01 1.778978688436365374e+01 5.917906039303216098e-02 8.943198592243976897e-02 9.942332516592705671e-01 8.399840784080389589e-02
7.056966136643635368e-01 -7.082696509187872413e-01 1.861158375930171277e-02 2.702721912515015390e+01 7.059731643364571818e-01 7.007003675091058037e-01 -1.030576838929239541e-01 1.802867085937402436e+01 5.995148621527073701e-02 8.586673721519609559e-02 9.945012432071649311e-01 9.407602766081053780e-02
7.164585235369116401e-01 -6.974804004034622640e-01 1.443173947708987354e-02 2.727944508017349179e+01 6.952350409404597364e-01 7.121338978758946503e-01 -9.753742535356506316e-02 1.828422532884454554e+01 5.775311160297794816e-02 7.991497074460358896e-02 9.951272157624185821e-01 9.308417677977856575e-02
7.285608403123648991e-01 -6.849598445194969853e-01 5.395679676108496026e-03 2.752871847112989201e+01 6.826071248312158835e-01 7.253580614275656480e-01 -8.889992042575131648e-02 1.851583892865383163e+01 5.697907592267208859e-02 6.845213011930639802e-02 9.960259488533056427e-01 1.099497163182364678e-01
7.312186350917531108e-01 -6.820965123792330775e-01 -7.978439361219048093e-03 2.783233438217329336e+01 6.794935378289175265e-01 7.293584442246019428e-01 -7.952856019701286250e-02 1.876470610602584443e+01 6.006529566476340176e-02 5.273146725016385206e-02 9.968006584158888295e-01 1.280529456327232640e-01
7.295813473348587985e-01 -6.838083680667947917e-01 -1.082466548578036453e-02 2.810753144918547974e+01 6.809372410090224204e-01 7.278062573784478406e-01 -8.137890099895050966e-02 1.903772665117812579e+01 6.352583276174106341e-02 5.200161038471153713e-02 9.966244533871944089e-01 1.339558830489534502e-01
7.182087080119463618e-01 -6.958151858768187870e-01 -4.180770146616288874e-03 2.837043835319336793e+01 6.934815783794469057e-01 7.162671400001110467e-01 -7.774756976531425889e-02 1.929032188090423361e+01 5.709248798363776578e-02 5.293969455209789066e-02 9.969643105731361699e-01 1.197457834730858151e-01
7.072205239294544477e-01 -7.069857255034314170e-01 -3.211614443650895323e-03 2.861865220231163676e+01 7.037703915625176387e-01 7.044228314402092295e-01 -9.217217858822313037e-02 1.956991333235844976e+01 6.742674909031762254e-02 6.292581727832638472e-02 9.957379047856750320e-01 7.465549848015284873e-02
7.008475403771645684e-01 -7.132486681371476012e-01 9.437295579974185056e-03 2.889406422612837844e+01 7.106610376877658952e-01 6.970432899377401181e-01 -9.534957506627653179e-02 1.983213613859185287e+01 6.142975386428461276e-02 7.353223343103834631e-02 9.953991139170341729e-01 1.688075799045315462e-01
6.972818527750455075e-01 -7.165551998360879526e-01 1.861889842240240303e-02 2.915691502443517891e+01 7.144158426250317717e-01 6.926154831279816015e-01 -9.946756424965201571e-02 2.007463528338406888e+01 5.837826305197527099e-02 8.265856349620871735e-02 9.948665942144090391e-01 1.812423309831575347e-01
7.047206275438149259e-01 -7.087622767964166792e-01 3.201362373445454379e-02 2.971775214612612359e+01 7.074592299347156610e-01 6.985855202740187675e-01 -1.071434031737720088e-01 2.058299359304603016e+01 5.357494838476845045e-02 9.815449991639753347e-02 9.937280407896977863e-01 1.480516661692649061e-01
7.059284691026872505e-01 -7.072447002809454375e-01 3.833967181461173102e-02 2.999063903379115459e+01 7.062600158667853290e-01 6.987916551578513547e-01 -1.135209789844974920e-01 2.083877379409524622e+01 5.349566803194906461e-02 1.072154681296796780e-01 9.927955765894351803e-01 1.684346308665534975e-01
7.107027708927430298e-01 -7.024470002769686028e-01 3.833775224586938313e-02 3.027768796512879490e+01 7.011930161093208325e-01 7.029245886302402102e-01 -1.192701842814088420e-01 2.108209317222976864e+01 5.683243444452110160e-02 1.116478145818183831e-01 9.921213836493057991e-01 1.859818500159653443e-01
7.209607626959216864e-01 -6.922208415636146306e-01 3.234014777140048480e-02 3.057806271452585278e+01 6.907949072563333015e-01 7.142089695937077209e-01 -1.127295163681992646e-01 2.131272037281652487e+01 5.493609707313398816e-02 1.036139674795600457e-01 9.930992754913859910e-01 1.928184749352729599e-01
7.381380173558262925e-01 -6.741105615332544376e-01 2.696698283698539811e-02 3.084631760763682351e+01 6.725806880060075654e-01 7.321580446353483929e-01 -1.076095525365138444e-01 2.155978181508044500e+01 5.279664246308936326e-02 9.756817362779580949e-02 9.938274327264069452e-01 1.850778697097146819e-01
7.636033553268180007e-01 -6.454981605790697241e-01 1.555764836544869072e-02 3.144698428220360853e+01 6.440582913033345847e-01 7.597481245813859640e-01 -8.928440288480328502e-02 2.203966624339647851e+01 4.581302366199478671e-02 7.819790204413622214e-02 9.958846594756046722e-01 1.979738302039057152e-01
7.727739602816419140e-01 -6.345754525165691051e-01 1.159316065698950612e-02 3.171842783176867897e+01 6.330260197690075197e-01 7.693115014563461918e-01 -8.624309840439597918e-02 2.228804353747851152e+01 4.580900136474734541e-02 7.398519304816114639e-02 9.962066686203173704e-01 2.025036311763729890e-01
7.720971213488627694e-01 -6.354623844874002225e-01 7.320731274058925320e-03 3.200411358644311122e+01 6.337370703198698108e-01 7.690401051289040835e-01 -8.339449865376348525e-02 2.254187217581754865e+01 4.736413101902909456e-02 6.902807113712354503e-02 9.964897212153773776e-01 2.071605642648499668e-01
7.699393649050956245e-01 -6.380776528593699037e-01 7.091071217769834290e-03 3.229146842960297192e+01 6.363532939631801888e-01 7.669381887546562471e-01 -8.282692733608849889e-02 2.278640164243017807e+01 4.741159807207825927e-02 6.828413835734382931e-02 9.965387181725789967e-01 2.244012690168691870e-01
7.645070727686151812e-01 -6.445426643841660752e-01 9.679332380052908108e-03 3.256965186734047535e+01 6.428313497562658796e-01 7.611889649012932857e-01 -8.578586994974762847e-02 2.303408800594868566e+01 4.792485218861586294e-02 7.180608261879961596e-02 9.962665783020332455e-01 2.031932756362352932e-01
7.560400263780705510e-01 -6.543169321377082515e-01 1.651759159636179836e-02 3.286775658986964288e+01 6.527336793248257329e-01 7.518643276633492079e-01 -9.294501956756694161e-02 2.328365406389792369e+01 4.839651216071331336e-02 8.105174338185165694e-02 9.955342246781073712e-01 2.207716945667690112e-01
7.499386086151147435e-01 -6.612230597835559998e-01 1.939454869023538031e-02 3.315009960211577322e+01 6.597595280123857986e-01 7.455055804414134624e-01 -9.454519938942033963e-02 2.354322132683476454e+01 4.805672174940570085e-02 8.369883357122341605e-02 9.953316315447413576e-01 2.252232450321747792e-01
7.471197340483801685e-01 -6.644915814177493329e-01 1.621854557031312746e-02 3.347674794941406162e+01 6.627950663130414144e-01 7.429277011153956334e-01 -9.360091338488364665e-02 2.379001193638125855e+01 5.014781218127908891e-02 8.068066150157650329e-02 9.954776882447436970e-01 2.346978316889750671e-01
7.548579293054158423e-01 -6.557792044030614775e-01 1.196418142738957593e-02 3.381607522645070674e+01 6.540534008100840069e-01 7.512573577281033144e-01 -8.846768533285015446e-02 2.401699999063465896e+01 4.902708897643652530e-02 7.460574731129138160e-02 9.960071922504477593e-01 2.332933514007265452e-01
7.637690954703303392e-01 -6.454799401708499751e-01 3.523583611813894956e-03 3.409208002958046535e+01 6.436674189808937463e-01 7.611918473839889288e-01 -7.924156244436782182e-02 2.427660887729850359e+01 4.846671586674663329e-02 6.279027244077013681e-02 9.968492158495716460e-01 2.248128386865050066e-01
