1.000000000000000000e+00 0.000000000000000000e+00 0.000000000000000000e+00 0.000000000000000000e+00 0.000000000000000000e+00 1.000000000000000000e+00 0.000000000000000000e+00 0.000000000000000000e+00 0.000000000000000000e+00 0.000000000000000000e+00 1.000000000000000000e+00 0.000000000000000000e+00
9.999699936707511227e-01 -2.713789942092286432e-03 7.255832293282533929e-03 3.938865746523727562e-01 2.719737068284273050e-03 9.999959735441400488e-01 -8.098924539505272238e-04 -1.005521944205324016e-02 -7.253605199998370071e-03 8.296021081001923479e-04 9.999733481308112903e-01 1.306765097923255625e-02
9.999837263977212620e-01 1.024724907034575781e-03 5.612207996165032541e-03 8.580381532658789556e-01 -1.038894168438682982e-03 9.999962791211880475e-01 2.522388290039942558e-03 -1.717349343380674895e-02 -5.609602359713195853e-03 -2.528177731855399141e-03 9.999810701601915541e-01 1.220850886775466937e-01
9.999536316151506066e-01 9.628798309409372300e-03 1.444395662614426608e-04 1.253938532422236518e+00 -9.629221149445985409e-03 9.999482353674192803e-01 3.287048165026694013e-03 -3.729678510255356183e-02 -1.127817655860088305e-04 -3.288286590438620812e-03 9.999945872111370981e-01 -3.949651537315446159e-02
9.997683967558151918e-01 2.003720427796209375e-02 -7.852597852305343712e-03 1.699664132997414701e+00 -2.002025471928495226e-02 9.997970850575246260e-01 2.231168180980545174e-03 -5.998666324555002732e-02 7.895710815484655726e-03 -2.073440425980245180e-03 9.999666787426060299e-01 -5.588760869209213888e-02
9.996441299963879645e-01 2.268149634773597434e-02 1.404147738638251118e-02 2.100797105203055182e+00 -2.279566379953724270e-02 9.997079377729144456e-01 8.024765776343522131e-03 -8.490149827149344464e-02 -1.385536270557789947e-02 -8.341994800666488116e-03 9.998692114707016243e-01 -3.398185878651317771e-02
9.996609352874010757e-01 2.368846141757080526e-02 1.081070099424100150e-02 2.527111788897617117e+00 -2.378518878533479597e-02 9.996774018403760120e-01 8.908257075402589709e-03 -1.019784748166536192e-01 -1.059619057796753680e-02 -9.162371163827388171e-03 9.999018810362803045e-01 -1.160342488480736178e-01
9.996651601187983571e-01 2.280607802712466756e-02 1.222499282936255309e-02 2.959693795730845345e+00 -2.294865996110975401e-02 9.996687333295822819e-01 1.165257950918013874e-02 -1.120301655243729211e-01 -1.195519345918845573e-02 -1.192922496430963777e-02 9.998573732993643048e-01 -7.488298066796841845e-02
9.998206481501996645e-01 1.710522052809884674e-02 8.129142833023506737e-03 3.405041309792999016e+00 -1.724182129367292371e-02 9.997061044357380410e-01 1.704184122676257254e-02 -1.142283921435688215e-01 -7.835249261615009897e-03 -1.717894596901228463e-02 9.998217304521852533e-01 -1.088131609099732139e-01
9.999435483009871950e-01 1.009902580705518589e-02 3.303012107120387349e-03 3.844847393989182294e+00 -1.016128924958051814e-02 9.997599561705050597e-01 1.941077635583428676e-02 -1.281809955251690669e-01 -3.106189308092779239e-03 -1.944324344594515822e-02 9.998061371447386492e-01 -1.035365606268569966e-01
9.999552066326337085e-01 6.132785603663102117e-03 -7.209276595212231638e-03 4.281196940856458077e+00 -5.965550760139274461e-03 9.997178001717715867e-01 2.299417804232175080e-02 -1.281226941300195044e-01 7.348260502661427794e-03 -2.295014075018479358e-02 9.997096048889055897e-01 -9.015933339460030504e-02
9.998251426529530805e-01 5.563031292416482703e-04 -1.869156616847259672e-02 4.712595616413937094e+00 -8.714728710975433077e-05 9.996851596509703786e-01 2.509131281866618102e-02 -1.314767800394195940e-01 1.869963968509401331e-02 -2.508529649898937064e-02 9.995104058363801780e-01 -1.367781504001256421e-01
9.998097187729955149e-01 -2.469226125446363079e-03 -1.935017233528034397e-02 5.126962672999687776e+00 2.920971504401666773e-03 9.997230276906214907e-01 2.335242665264854883e-02 -1.572275695455108979e-01 1.928715045137847917e-02 -2.340450442624816829e-02 9.995400117053981903e-01 -1.487436988961239048e-01
9.999379838358459782e-01 -3.766014124065663379e-03 -1.048072611610788817e-02 5.984687707702668114e+00 3.952197292191175944e-03 9.998337439073543553e-01 1.780069326645739372e-02 -1.692098892455896897e-01 1.041194596927609746e-02 -1.784101123311800444e-02 9.997866220845889051e-01 -1.921727428836531582e-01
9.999685573866834432e-01 -6.223892486026530620e-03 -4.914000439320230333e-03 6.403789210013338895e+00 6.306712365127082991e-03 9.998352213072017047e-01 1.702220939603587418e-02 -1.760644930819515175e-01 4.807246315595870879e-03 -1.705266536062094440e-02 9.998430361746587502e-01 -1.953737786562556034e-01
9.996621435798169752e-01 -8.202334414410539232e-03 -2.466415219624463681e-02 6.845191712401581974e+00 8.575655670725362140e-03 9.998496848214999400e-01 1.506870572293159301e-02 -1.889198730404238469e-01 2.453684623627288078e-02 -1.527512594060461033e-02 9.995822195818991895e-01 -1.546929545722584565e-01
9.998582396639945635e-01 -1.018413590642060738e-02 -1.340835380863781255e-02 7.272205044995767587e+00 1.041296558790986808e-02 9.997994152116205235e-01 1.710846253076516929e-02 -1.817541443054417061e-01 1.323142938926337268e-02 -1.724565795616813876e-02 9.997637303673182485e-01 -1.613649952081340211e-01
9.997354940442398918e-01 -1.297912316969756022e-02 -1.898642435703217987e-02 7.685598382777795834e+00 1.321082911775033411e-02 9.998391595439701796e-01 1.212967585836055226e-02 -1.782007165044667274e-01 1.882593801490605248e-02 -1.237729389459242199e-02 9.997461611097617773e-01 -2.399650894512091737e-01
9.998656889327254271e-01 -1.488774877198867537e-02 -6.852666020499697738e-03 8.106915314703430298e+00 1.495412435084597820e-02 9.998407505900608339e-01 9.738974504696348150e-03 -1.865356342229747555e-01 6.706583331756700572e-03 -9.840142072441833421e-03 9.999290941581849834e-01 -2.155300343349343395e-01
9.998276951487130582e-01 -1.854713157522317260e-02 7.641491630765509524e-04 8.521282212574917025e+00 1.854111210280368419e-02 9.998018263398811278e-01 7.248117647327139042e-03 -1.891144020763437794e-01 -8.984295205177008411e-04 -7.232700586197939908e-03 9.999734400805988521e-01 -2.489727210239360278e-01
9.997738059675660427e-01 -2.110280473106800753e-02 2.647363520557645400e-03 8.937199350788509022e+00 2.110990822979701836e-02 9.997735566690701958e-01 -2.684615392740093056e-03 -2.028732996631365526e-01 -2.590111128332854736e-03 2.739893749728758866e-03 9.999928921280306637e-01 -3.168211565658555773e-01
9.998029487141335547e-01 -1.794009880604969034e-02 8.498034911245363685e-03 9.358421791246325228e+00 1.806150454205915704e-02 9.997327171637954146e-01 -1.443178041586443486e-02 -2.172224650996288642e-01 -8.236855965764301388e-03 1.458242391112418365e-02 9.998597437224260309e-01 -3.352932671845251233e-01
9.998856178176391829e-01 -7.035346576566801728e-03 1.338862128770084911e-02 9.766832755798716903e+00 7.248514811967665152e-03 9.998466721211247688e-01 -1.594024094337368608e-02 -2.545597610131570820e-01 -1.327442331924712920e-02 1.603546528354295175e-02 9.997833032906089379e-01 -3.264191226023583359e-01
9.999381512393127336e-01 8.967893986134182344e-03 6.578037211725461936e-03 1.019781313548869761e+01 -8.861620700101078413e-03 9.998325488539833161e-01 -1.601080668531615694e-02 -2.769910339229653129e-01 -6.720518928842221865e-03 1.595152436604360333e-02 9.998501805249256913e-01 -3.229409822540839636e-01
9.997217399595444975e-01 2.358416302184481589e-02 4.794859954572985492e-04 1.064020945258939754e+01 -2.357991028190065813e-02 9.996938564264646887e-01 -7.495415550894221797e-03 -3.049275166361111733e-01 -6.561123061699491305e-04 7.482023639505488467e-03 9.999717940216611423e-01 -2.957301350889313674e-01
9.993287592637724037e-01 3.621017349009537228e-02 -5.554659678731413072e-03 1.107349273073786833e+01 -3.619638713694300208e-02 9.993414100727915361e-01 2.562746955390263291e-03 -3.100468934006848087e-01 5.643798947683823994e-03 -2.359968123091831915e-03 9.999812888668948574e-01 -3.505008013906084630e-01
9.992074450808812180e-01 3.940450741533793599e-02 -5.636176921672676234e-03 1.149841011229578669e+01 -3.931053684560481543e-02 9.991003585009272658e-01 1.591085592383051014e-02 -3.527936318539103278e-01 6.258065823252776001e-03 -1.567668455615292902e-02 9.998575289377376052e-01 -3.718340723657571067e-01
9.991211702189755073e-01 4.190752112450468747e-02 -8.042968756319733136e-04 1.194612049780909757e+01 -4.185969188195265422e-02 9.986009563499967934e-01 3.230938211138984634e-02 -3.623071353565289199e-01 2.157177742548166757e-03 -3.224732004478828712e-02 9.994775920120050339e-01 -3.930926765696304281e-01
9.990036743352094240e-01 4.418516017001226232e-02 6.271386250366963594e-03 1.237408294136588260e+01 -4.445062554098940660e-02 9.976759105879939860e-01 5.164222421073468711e-02 -3.617017950168842644e-01 -3.974991039696888773e-03 -5.186953877920463113e-02 9.986459584823176305e-01 -3.965255979373089046e-01
9.989685293861234605e-01 3.477529523768965736e-02 -2.919856395882111655e-02 1.281973919593075628e+01 -3.297770186005448412e-02 9.976571437695316291e-01 5.993909129816227949e-02 -3.831081299857665989e-01 3.121455551750189350e-02 -5.891436434989002352e-02 9.977748990614532243e-01 -4.354639053180348052e-01
9.996722933127654143e-01 1.777579737850857461e-02 -1.842083088121889561e-02 1.323657474469420059e+01 -1.656104934079569158e-02 9.978047377375998117e-01 6.412048809180617703e-02 -3.483703355800166213e-01 1.952018513047432124e-02 -6.379440708994743581e-02 9.977721363099463225e-01 -4.094258594508334292e-01
9.996732723185117742e-01 -1.482941343298181495e-02 -2.081915246190993440e-02 1.365873169368509643e+01 1.589436704812671741e-02 9.985229184970172422e-01 5.195527242098188503e-02 -3.333128066855565175e-01 2.001793466214673439e-02 -5.226920444614319150e-02 9.984323775591561478e-01 -5.576694314416698051e-01
9.989668867107932559e-01 -4.442072875985077218e-02 -9.589479224069514390e-03 1.407712768566569039e+01 4.476977252964077503e-02 9.981995985616297640e-01 3.991527150158650367e-02 -3.361854049043744297e-01 7.799148863133504445e-03 -4.030335330769522356e-02 9.991570512132543769e-01 -4.505017665536483196e-01
9.981048842348164696e-01 -6.146062097287578740e-02 -3.038443060527744755e-03 1.449750106033409836e+01 6.152088611035326504e-02 9.977304299027356382e-01 2.737096670377571830e-02 -2.846174123830691460e-01 1.349310490773367958e-03 -2.750602326274660323e-02 9.996207270987675919e-01 -4.114986633039485753e-01
9.973130624167665381e-01 -7.115063342289994208e-02 -1.744255991564445593e-02 1.492039574980833372e+01 7.147730365554642862e-02 9.972635244304297597e-01 1.888009276276299622e-02 -2.918781861433951130e-01 1.605149821741083324e-02 -2.007611028356437802e-02 9.996695950167028277e-01 -4.802799531050087611e-01
9.976713679062299001e-01 -6.706487254178984669e-02 -1.241549560289377171e-02 1.534629233157814276e+01 6.720544276335961575e-02 9.976754647444378010e-01 1.127366444200126640e-02 -2.830821307285552035e-01 1.163056847676784480e-02 -1.208180110428624769e-02 9.998593700911061477e-01 -4.969379177999198594e-01
9.982038182212414901e-01 -5.967318145402885493e-02 -5.314950958316215154e-03 1.576574557500472196e+01 5.972767402544800625e-02 9.981566764470570785e-01 1.076355980495912086e-02 -2.517237479265384548e-01 4.662857926699397193e-03 -1.106167615326242824e-02 9.999279459424242900e-01 -4.533969740632500800e-01
9.981781936937504929e-01 -5.944985713301298436e-02 -1.029602453113937811e-02 1.619392597158652691e+01 5.955081397967082468e-02 9.981772368203479795e-01 9.793081642343097470e-03 -2.383830324892523556e-01 9.695060012197992752e-03 -1.038837718603347060e-02 9.998990386188000290e-01 -4.960204269021827317e-01
9.978719887482734308e-01 -6.399997990908549983e-02 -1.246982931729248394e-02 1.658889789352010879e+01 6.407649200104457987e-02 9.979279276132096976e-01 5.835620142253039773e-03 -2.137092559785545298e-01 1.207051135643488586e-02 -6.622224795433405246e-03 9.999052199555480414e-01 -5.054319965757911870e-01
9.974899862689261543e-01 -6.938469683037087887e-02 -1.412413321145861329e-02 1.700309276207332232e+01 6.928822276003523961e-02 9.975706319595818439e-01 -7.209468670871365531e-03 -2.149106257849610346e-01 1.459004729167255425e-02 6.212736717265776240e-03 9.998742583057674826e-01 -5.583077237402911397e-01
9.976621727649594984e-01 -6.720064686828580713e-02 -1.242022924039863814e-02 1.740987441811958547e+01 6.691660600221172039e-02 9.975155086874137877e-01 -2.202221081624066226e-02 -2.106676588129085259e-01 1.386927810107167237e-02 2.113960710548174957e-02 9.996803289734078612e-01 -5.605359526257239766e-01
9.987701267770452418e-01 -4.933619926495941971e-02 -4.916635013206860881e-03 1.822642146350892034e+01 4.915368592487991822e-02 9.982750164869860221e-01 -3.210773454957709105e-02 -2.474884771025057939e-01 6.492227488553928803e-03 3.182657537335839559e-02 9.994723208184610463e-01 -5.850398784693690013e-01
9.993119187161051409e-01 -2.866759890463168800e-02 -2.353418545392323841e-02 1.864476551839987195e+01 2.791824874220459954e-02 9.991114079868385067e-01 -3.157476552130556585e-02 -2.948857234142743255e-01 2.441844587816520418e-02 3.089600627265918706e-02 9.992242872835381817e-01 -4.774361855789127640e-01
9.996882615172657527e-01 -1.695853775128387461e-02 -1.832451314292493985e-02 1.903853188425222598e+01 1.661715091534765945e-02 9.996884518910658102e-01 -1.862443156450244511e-02 -2.940988178702451661e-01 1.863464730129093735e-02 1.831412441211848277e-02 9.996586131109829187e-01 -5.552272049262547693e-01
9.997081333284077997e-01 -7.490149264294429857e-03 -2.296836565864040017e-02 1.944582483031859255e+01 7.201615093232681744e-03 9.998944390375343882e-01 -1.261933127639454019e-02 -2.946874028425939263e-01 2.306046177073098682e-02 1.245023878538302833e-02 9.996565443476612689e-01 -6.285971786056427923e-01
9.999876381195675901e-01 -2.246024952197300285e-03 -4.436099634006701077e-03 1.988280225563770642e+01 2.229592062028153306e-03 9.999906478147171374e-01 -3.705833555248672952e-03 -2.968287672794336918e-01 4.444381541414768773e-03 3.695897051647013126e-03 9.999832937692999524e-01 -4.859832381126920620e-01
9.992808769741903241e-01 4.175592334541127978e-03 -3.768677941067404003e-02 2.073812412196196320e+01 -4.130539679853380969e-03 9.999906587174173245e-01 1.273232052272745603e-03 -3.378991807923927837e-01 3.769174386581550240e-02 -1.116649704025086867e-03 9.992887898589637441e-01 -5.356209960191519182e-01
9.989351176770016050e-01 1.179086899043197030e-02 -4.460500061748152306e-02 2.116082949262312241e+01 -1.175935091533978662e-02 9.999303869869649031e-01 9.689407352726393807e-04 -3.570427316067553147e-01 4.461332018226119717e-02 -4.433830725717015169e-04 9.990042317596887766e-01 -5.530950555971327898e-01
9.987525665478698134e-01 1.741154048236314561e-02 -4.679902853771449045e-02 2.157678642707388050e+01 -1.719818715328819830e-02 9.998398087207461815e-01 4.957747059115298789e-03 -3.570365901486625138e-01 4.687785375508629615e-02 -4.146704148202870303e-03 9.988920220284192020e-01 -5.662428508438045460e-01
9.990166743641524238e-01 2.068806750552848114e-02 -3.921336768597956379e-02 2.196450929270711327e+01 -2.033041686684409002e-02 9.997482031741885544e-01 9.497599696853400303e-03 -3.816988609198667670e-01 3.939998086813584210e-02 -8.691036351783667374e-03 9.991857221731715866e-01 -5.863678527991363909e-01
9.993078091860864154e-01 2.606602679712288761e-02 -2.654175477838631447e-02 2.236150439754210950e+01 -2.563867932819781370e-02 9.995381167145396262e-01 1.631598471000966777e-02 -3.783172196900451145e-01 2.695478848015994688e-02 -1.562419539570273491e-02 9.995145441144049903e-01 -6.164013470670647310e-01
9.996943295786845374e-01 2.136744368039728698e-02 -1.243703175156832610e-02 2.276249586260041013e+01 -2.107146256484943719e-02 9.995026455983525571e-01 2.346177545012586088e-02 -3.964271731924001729e-01 1.293216430465594577e-02 -2.319253743036819512e-02 9.996473704931846394e-01 -6.513442999825470592e-01
9.999107423381964344e-01 1.205030092720904729e-02 -5.770407632098455142e-03 2.315693722297269730e+01 -1.187776276268310248e-02 9.995072354575909035e-01 2.905520641257350323e-02 -3.738610732780915380e-01 6.117688160595794941e-03 -2.898407347988785770e-02 9.995611523944306631e-01 -6.118559876944822395e-01
9.999516031052789744e-01 -3.525767778096734577e-03 -9.184792254463239325e-03 2.358180823312814667e+01 3.813124394075727112e-03 9.994977749911377884e-01 3.145882817461950060e-02 -3.778913558306993270e-01 9.069262899377088238e-03 -3.149232842042429953e-02 9.994628465936701289e-01 -6.078778937564037754e-01
9.998353909293037356e-01 -1.421851389913720252e-02 -1.127053271795244900e-02 2.398070193329579070e+01 1.456967433518659670e-02 9.993908155360977652e-01 3.171312680673351453e-02 -3.551600989150039966e-01 1.081275335023412949e-02 -3.187211452968561481e-02 9.994334658597308074e-01 -6.515267304827209172e-01
9.991600327481271471e-01 -2.714919405251700613e-02 -3.069446564220084175e-02 2.439279383963980763e+01 2.809306724130054139e-02 9.991322523157953883e-01 3.074934073019424882e-02 -3.628346069918371164e-01 2.983301077225091261e-02 -3.158581397818634173e-02 9.990557180776246105e-01 -5.504327165254432330e-01
9.988468144963966733e-01 -3.710371201769400995e-02 -3.046893048515042154e-02 2.477048796288234556e+01 3.797074925600175954e-02 9.988755207084276666e-01 2.838866552702566312e-02 -3.896809118766206836e-01 2.938134393350211662e-02 -2.951285624902344820e-02 9.991324876835332436e-01 -5.700790751596354067e-01
9.980568979314576872e-01 -3.593658344305047936e-02 -5.090177267911798198e-02 2.516672613603026321e+01 3.670453774620119347e-02 9.992247969219743009e-01 1.423313475931618430e-02 -4.043470052939023285e-01 5.035082323332581988e-02 -1.607380436237275390e-02 9.986022368355913503e-01 -6.549074298780507286e-01
9.987903514865598131e-01 -3.382299476957302542e-02 -3.569087841692634988e-02 2.553411740660703089e+01 3.425051108548923806e-02 9.993478533479360770e-01 1.143549296072428507e-02 -3.972179630196129851e-01 3.528082011145947106e-02 -1.264409086053367402e-02 9.992974485600237822e-01 -5.715036473603540834e-01
9.987377008724374061e-01 -3.043817054875795972e-02 -3.995650922793906462e-02 2.592132696522957858e+01 3.069618603256986031e-02 9.995115846138313831e-01 5.859725744575559718e-03 -4.236787472238893182e-01 3.975863452247221236e-02 -7.078841458353337703e-03 9.991842377582405010e-01 -6.269967565181747693e-01
9.987218678919199677e-01 -2.341166002440361535e-02 -4.479424928912258824e-02 2.631564216942206968e+01 2.372034771376300630e-02 9.996983253300827377e-01 6.372082592552701617e-03 -4.027163118713081857e-01 4.463155496744983936e-02 -7.426473397910791398e-03 9.989759115184198013e-01 -5.554046150570566276e-01
9.981837516560181367e-01 -2.722519509273866462e-02 -5.373999145961008000e-02 2.669432775548436609e+01 2.800046028431694978e-02 9.995136635104545642e-01 1.372627698162482909e-02 -4.060134114120115822e-01 5.334015517209370755e-02 -1.520609115033226197e-02 9.984606164682434670e-01 -5.590040689616504466e-01
9.979893349620456711e-01 -2.408729156620763659e-02 -5.862669773250273053e-02 2.708369317007828769e+01 2.517570366418369135e-02 9.995228132854632186e-01 1.789775591872408769e-02 -4.316433499910888316e-01 5.816761338603249065e-02 -1.933773789556362740e-02 9.981195222246960208e-01 -5.706196775326102255e-01
9.981528162749438993e-01 -1.718611541865882469e-02 -5.827171525890270654e-02 2.745799638134975851e+01 1.865118046614674258e-02 9.995211054646654381e-01 2.469196626257824656e-02 -4.280623337999081013e-01 5.781945027079835042e-02 -2.573319194172409008e-02 9.979953476859865225e-01 -5.437291965305861563e-01
9.978904967489544697e-01 -1.541719069595136847e-02 -6.306240345221203469e-02 2.783351313930049997e+01 1.759111065200682014e-02 9.992648346539210191e-01 3.406380850845519559e-02 -4.191424022584509523e-01 6.249087392694829823e-02 -3.510128851077297385e-02 9.974280877440386828e-01 -5.515506690722850047e-01
9.977332984931212012e-01 -1.818525456164879830e-02 -6.478859154638511031e-02 2.821222096775805355e+01 2.058796357220300452e-02 9.991174297019994599e-01 3.661280406660678138e-02 -4.010479420761535740e-01 6.406559789766996804e-02 -3.786367893110926391e-02 9.972271260770115830e-01 -6.148639513510552046e-01
9.978051390026587697e-01 -3.446766996486353568e-02 -5.654099669335486272e-02 2.857981581380079206e+01 3.656987263758369050e-02 9.986615063276580440e-01 3.657649784552860495e-02 -3.623718885672868595e-01 5.520461027084267586e-02 -3.856391456486614466e-02 9.977300614386027666e-01 -6.364282802806768835e-01
9.973036184139293381e-01 -6.481216822308839831e-02 -3.442202127571272752e-02 2.928884206629913578e+01 6.516619394164739620e-02 9.978314275531983135e-01 9.263333865623227942e-03 -3.081950234004490197e-01 3.374699787600558831e-02 -1.148150849707894536e-02 9.993644555901457505e-01 -6.718112297117524445e-01
9.970335002228069010e-01 -7.378768449029049492e-02 -2.189924772724821667e-02 2.962294386712925132e+01 7.387450856174290759e-02 9.972624706543928852e-01 3.181447635466004044e-03 -3.052967445592154050e-01 2.160454623960000875e-02 -4.789806035486570031e-03 9.997551206870227691e-01 -6.939623200016251658e-01
9.975475740702370864e-01 -6.932039020770079663e-02 -9.670623973502167486e-03 2.997389137306612383e+01 6.927425405721181206e-02 9.975849862073099539e-01 -5.027227722927929757e-03 -3.046469552951797666e-01 9.995758670638576343e-03 4.344973557273246884e-03 9.999406012425863244e-01 -6.461438004131851987e-01
9.981212999675878050e-01 -6.102114091744386543e-02 -5.503718029302690808e-03 3.034677165732590609e+01 6.102103880475464454e-02 9.981364626102885440e-01 -1.866306743125528645e-04 -2.867224914100292565e-01 5.504850061649400363e-03 -1.495625401778344311e-04 9.999848370134646336e-01 -9.473605702288527830e-01
9.983875416628827937e-01 -5.676495941781237176e-02 2.367163694769762916e-04 3.072894436809282226e+01 5.675923331971625962e-02 9.983311996591871518e-01 1.063979417122946566e-02 -3.024013441284325587e-01 -8.402888214626344759e-04 -1.060920210676711758e-02 9.999433677690723332e-01 -4.217679572664680965e-01
9.989468865784479901e-01 -4.484840395136646674e-02 -9.681862333267697573e-03 3.108450421585790835e+01 4.503872346387265135e-02 9.987763891084366907e-01 2.042640321391436115e-02 -2.909037597082634874e-01 8.753923918454972058e-03 -2.084095061477908573e-02 9.997444791512990481e-01 -5.027625486172258018e-01
9.984531479185908553e-01 -3.664093853078177060e-02 -4.181809458882509295e-02 3.145061883726452479e+01 3.788910692191483492e-02 9.988477256974582774e-01 2.945566916019554116e-02 -2.759790082384351306e-01 4.069062530996735844e-02 -3.099455585419253617e-02 9.986909484516645064e-01 -4.771180933298211357e-01
9.986711799701281089e-01 -3.275023928270171664e-02 -3.979065372669603196e-02 3.179236938117685440e+01 3.458226595639864870e-02 9.983306109668513839e-01 4.626076186007151841e-02 -2.773757611105137633e-01 3.820917662542544502e-02 -4.757534060287028216e-02 9.981365867395743940e-01 -5.740020144283726200e-01
9.991520415363264185e-01 -3.142042995494363777e-02 -2.660741391487638635e-02 3.211156549846940322e+01 3.309595070482095058e-02 9.973318470372251054e-01 6.506800236876107701e-02 -2.602321151307815938e-01 2.449195665387186860e-02 -6.589342506474767103e-02 9.975260400573517927e-01 -7.436131064752403708e-01
9.989155220310993455e-01 -3.505079754895459865e-02 -3.064671983293580301e-02 3.246797371214263705e+01 3.723565406186463145e-02 9.965705373146238610e-01 7.389634783280514541e-02 -2.224521076777776218e-01 2.795149212334479064e-02 -7.495735952942832181e-02 9.967949178945760824e-01 -7.286174760333261613e-01
9.980046937803137563e-01 -5.261970721198594436e-02 -3.489695696457131152e-02 3.282667436112642179e+01 5.480780592965581177e-02 9.963769757553749828e-01 6.503096642177481901e-02 -1.236405159309977853e-01 3.134861403059874957e-02 -6.681383537485101332e-02 9.972728692794479155e-01 -6.863941582366724914e-01
9.941408803497830959e-01 -1.004946798331215058e-01 -3.980865914090454122e-02 3.316369873258371825e+01 1.025845117687941982e-01 9.932309091779489840e-01 5.448650290395854606e-02 -1.468158563244492676e-02 3.406358704711592161e-02 -5.825101182626240409e-02 9.977206481068235933e-01 -6.450930645312422662e-01
9.877506366972862439e-01 -1.519573514066229203e-01 -3.546326349322394267e-02 3.348308807122824504e+01 1.533018462925244130e-01 9.874138015259387169e-01 3.889123910853725663e-02 3.599312332183030039e-02 2.910710613250530251e-02 -4.385142996047358688e-02 9.986139536692909546e-01 -7.982728139882220297e-01
9.854906487359735845e-01 -1.662814892293536240e-01 -3.403891293238091309e-02 3.381187414989354068e+01 1.671356192658210726e-01 9.856420260867309047e-01 2.398918890405890916e-02 9.765481449499069377e-02 2.956122505209055062e-02 -2.933023612779968661e-02 9.991325593844427866e-01 -7.038332234698991829e-01
9.851539496746791746e-01 -1.687231895596742470e-01 -3.168881104096419460e-02 3.414451041842527701e+01 1.691887941226206671e-01 9.855028992341646754e-01 1.261695464006287390e-02 1.356358263640068396e-01 2.910064232475268256e-02 -1.779103442372452840e-02 9.994181465785082485e-01 -7.201856153377979020e-01
9.845697369655779241e-01 -1.730415263652103075e-01 -2.605884120084474981e-02 3.447159058047639490e+01 1.731631206969003745e-01 9.848900687367094786e-01 2.467009183303917226e-03 2.157691190807596027e-01 2.523819886686307773e-02 -6.941372846780441246e-03 9.996573666316668216e-01 -6.656691061284611965e-01
9.826205505145680918e-01 -1.834469621058880118e-01 -2.835605403733187577e-02 3.479091712914597423e+01 1.833399587263863095e-01 9.830290571227864316e-01 -6.350778416263785225e-03 2.693777182613081855e-01 2.903985607151237172e-02 1.041607606737551209e-03 9.995777117427836478e-01 -7.241641440325157220e-01
9.816998664812721653e-01 -1.877624955082518587e-01 -3.179020967477269588e-02 3.513219337888901350e+01 1.873377261582698239e-01 9.821672362110172028e-01 -1.587754614104337075e-02 3.295815748211897711e-01 3.420451006082995959e-02 9.631479332145968797e-03 9.993684436169539831e-01 -6.988541945088606600e-01
9.834667942696599940e-01 -1.785810790174042484e-01 -3.003103038421727627e-02 3.545670381044857322e+01 1.778463493066816115e-01 9.837252699780569820e-01 -2.559822737778508911e-02 3.302002221290254447e-01 3.411364253849109157e-02 1.983409749846506975e-02 9.992211306658689285e-01 -6.512753094586207769e-01
9.856652446881477569e-01 -1.652566496521351846e-01 -3.397447806229283995e-02 3.578895083583311276e+01 1.643780082014261457e-01 9.860216465653700579e-01 -2.722467491538306528e-02 3.748404785722682098e-01 3.799862936456575857e-02 2.124975882846358299e-02 9.990518264415247929e-01 -6.456746648042512859e-01
9.879856481971418525e-01 -1.514779693252600867e-01 -3.063957841695932535e-02 3.610616783049295719e+01 1.507937400016333696e-01 9.882848751345790772e-01 -2.354259026847426578e-02 3.874216369663850967e-01 3.384681569650590388e-02 1.863948468507165002e-02 9.992532024856771722e-01 -6.977743714382556028e-01
9.899542687294411447e-01 -1.380958651197172482e-01 -3.033278525282902607e-02 3.643909847082678510e+01 1.373671510942997276e-01 9.902064094248970161e-01 -2.493055422747282590e-02 4.270445681601525156e-01 3.347852482701717952e-02 2.051338028434122884e-02 9.992288975028278397e-01 -7.043421807936780521e-01
9.914470611589546456e-01 -1.273470096887143466e-01 -2.855633104260089233e-02 3.676265227308882544e+01 1.265336035938638137e-01 9.915473971087501726e-01 -2.868808896412307005e-02 4.387396365237695717e-01 3.196829805953159409e-02 2.482938602150685029e-02 9.991804289060970401e-01 -7.488646027558121254e-01
9.929461235672660813e-01 -1.164825941294265754e-01 -2.213144725540747149e-02 3.709086451484970581e+01 1.156234931526458065e-01 9.926117620523031704e-01 -3.678447589135774853e-02 4.569435639986145214e-01 2.625268603247431914e-02 3.396608750358348638e-02 9.990781257618340794e-01 -7.082773280669885096e-01
9.946312939498765937e-01 -1.022484348985282093e-01 -1.593256590746246898e-02 3.742701150006366362e+01 1.014755873282073700e-01 9.938876513373097188e-01 -4.347460978090057077e-02 4.681535545437689461e-01 2.028039131746609686e-02 4.162444089723797008e-02 9.989274806751503588e-01 -7.176230069602237416e-01
9.960421597251336578e-01 -8.777044091366571765e-02 -1.401305648001726668e-02 3.773206585970036997e+01 8.696046730928709556e-02 9.949266247731850532e-01 -5.058545683087330158e-02 4.938470122450370758e-01 1.838187083628454316e-02 4.916666573257182093e-02 9.986214226649154924e-01 -6.474199303373749936e-01
9.965494714300210388e-01 -7.750928435353338086e-02 -2.968942289012635113e-02 3.807534657319077098e+01 7.594990403711954219e-02 9.958333933033968188e-01 -5.047241680952568171e-02 4.906234042038378762e-01 3.347779964839365380e-02 4.804335147390597499e-02 9.982840644375010619e-01 -7.300616117447449316e-01
9.968528806448012647e-01 -6.938696026857409105e-02 -3.833776330002715282e-02 3.841692210839254784e+01 6.751356212898639020e-02 9.965547428161004584e-01 -4.817222746968845282e-02 5.027925036800978686e-01 4.154820427909107494e-02 4.543230475579279615e-02 9.981030269495027030e-01 -7.074784995157891165e-01
9.970431576507334803e-01 -6.189372049288461436e-02 -4.554238844640669942e-02 3.876797822153226036e+01 5.971633084244291206e-02 9.970745108756863262e-01 -4.771141994037515072e-02 5.039096057412597585e-01 4.836219197441968959e-02 4.485072045753114162e-02 9.978223846265775743e-01 -5.901922957163314720e-01
9.974604652260301574e-01 -5.168517667067867860e-02 -4.900268180000061369e-02 3.909868402068654092e+01 4.905570278175085119e-02 9.973662316719997811e-01 -5.342413260862066693e-02 4.966382463929375213e-01 5.163485582104301863e-02 5.088459917220236606e-02 9.973688381092645772e-01 -6.966587303470010983e-01
9.974305662802107619e-01 -3.887315649694567110e-02 -6.017593500646228888e-02 3.942814143144720873e+01 3.542662661774641231e-02 9.977271792679458517e-01 -5.731866952847885360e-02 4.944694488137840738e-01 6.226732350458612231e-02 5.503956262537120642e-02 9.965407302110551591e-01 -6.419706697641461846e-01
9.968094652135323086e-01 -2.532143336260288605e-02 -7.569488141991544128e-02 3.976509569602954741e+01 2.040160285516197727e-02 9.976716940315043525e-01 -6.507661276717396914e-02 4.844984888099794218e-01 7.716647368936878360e-02 6.332468666145710245e-02 9.950051856134098927e-01 -6.963660013709730423e-01
9.978137654116592259e-01 -1.224212620665016647e-02 -6.494474498330726764e-02 4.009915779817766435e+01 7.142581636311194984e-03 9.969136769493321948e-01 -7.817994780588623238e-02 4.495992331041235301e-01 6.570139330771451736e-02 7.754515495698564853e-02 9.948216301730286037e-01 -7.051556539168291060e-01
9.983280925199519151e-01 8.989759660388618734e-03 -5.709819530180230279e-02 4.042992220996846697e+01 -1.416950018995157337e-02 9.957528087849097931e-01 -9.097015478347790507e-02 3.947338816756800206e-01 5.603788852054716191e-02 9.162711399040905647e-02 9.942153826168388386e-01 -7.593371599598698340e-01
9.976304417772945410e-01 4.463066428627153470e-02 -5.236034228885609598e-02 4.077327390747930735e+01 -5.027282286008177836e-02 9.924445919235309610e-01 -1.119212903938069242e-01 2.927834252892795863e-01 4.696961699778788579e-02 1.142883885926393867e-01 9.923366461599505417e-01 -6.806133829786806810e-01
9.943906080903742728e-01 8.329947983620647478e-02 -6.518063516623022469e-02 4.109697989508756422e+01 -9.077086754338131724e-02 9.884180673460720712e-01 -1.216156805238436944e-01 1.747915069106680819e-01 5.429519451183225515e-02 1.268499933104969557e-01 9.904348090864178999e-01 -6.742680753093532875e-01
9.882159508199804820e-01 1.332066895440890963e-01 -7.540034751688264036e-02 4.140995000366373802e+01 -1.421568960925581604e-01 9.813437391320699588e-01 -1.294445153709399277e-01 8.752731441831085313e-03 5.675078359187323007e-02 1.386378142030252336e-01 9.887157857719860443e-01 -6.790878388261740728e-01
9.777888302503977558e-01 1.902736845463818272e-01 -8.789157187525326043e-02 4.170440229601626925e+01 -2.012253953562544440e-01 9.695294246891932310e-01 -1.397176972525714100e-01 -9.574035762912752601e-02 5.862886406266051842e-02 1.543004200609514875e-01 9.862829394589242016e-01 -6.350720532462191814e-01
9.649112627511212681e-01 2.428022645045900818e-01 -9.996657124999167032e-02 4.201489616755165457e+01 -2.549217003482620592e-01 9.574909740285915127e-01 -1.350035604913074339e-01 -2.462469370761869447e-01 6.293791947298127409e-02 1.557501043505984117e-01 9.857893909386478137e-01 -6.300929627669404898e-01
9.457712234450464939e-01 3.027441788657418975e-01 -1.177402015717977091e-01 4.231692034808948932e+01 -3.162450886703781494e-01 9.409488219679489340e-01 -1.208484932839206938e-01 -4.153915613599457046e-01 7.420132610084920199e-02 1.515297878307655111e-01 9.856636782416396958e-01 -5.444685280105243663e-01
9.166292017644288581e-01 3.692874884739994479e-01 -1.530282893104142061e-01 4.260467995139000408e+01 -3.833816374317575160e-01 9.205412211809372858e-01 -7.498253254494095799e-02 -5.876267143505373713e-01 1.131787371940972953e-01 1.273994150821518567e-01 9.853730067765582579e-01 -5.173673864484273910e-01
8.819757350290906572e-01 4.415868744044173511e-01 -1.646810103613427223e-01 4.285517220546475414e+01 -4.550118990556110132e-01 8.888843031551838525e-01 -5.337478170568708130e-02 -7.625726170548121630e-01 1.228127621125013197e-01 1.220070815898019190e-01 9.849016689518997891e-01 -5.166740793776625207e-01
8.479281486906756760e-01 5.056910247363186617e-01 -1.590422653232007599e-01 4.306495992944642381e+01 -5.173948376923900305e-01 8.547830140160976864e-01 -4.060272009140769578e-02 -9.552806537768311346e-01 1.154141957788075712e-01 1.167158363320404957e-01 9.864365042728515665e-01 -5.437408287513367799e-01
8.161387136686789612e-01 5.612467302345611753e-01 -1.375489289389331682e-01 4.329361250087936952e+01 -5.701587614492009681e-01 8.208438406496132433e-01 -3.368049896164698742e-02 -1.165567598663624693e+00 9.400312119258172339e-02 1.059126860607641218e-01 9.899221768085847417e-01 -5.287790350786333304e-01
7.824255664922995512e-01 6.084848054069315060e-01 -1.325008471221707784e-01 4.350939185759931860e+01 -6.149827882918984523e-01 7.884690481229782444e-01 -1.061745057755341531e-02 -1.421324611582224895e+00 9.801225945730593359e-02 8.979310519707736638e-02 9.911260239016733697e-01 -5.093089261067199613e-01
7.504608982124181260e-01 6.496050848479332229e-01 -1.217442975827623397e-01 4.373217053502451535e+01 -6.540659956687385757e-01 7.564251187274991794e-01 4.325860371125922477e-03 -1.653353234797451776e+00 9.490054564686256633e-02 7.638241615580398935e-02 9.925520706432128248e-01 -4.800182505299971369e-01
7.144825118539319675e-01 6.889530861069389500e-01 -1.218949769212036016e-01 4.391907819113976075e+01 -6.908811619056342002e-01 7.222364025408137822e-01 3.252382155935105990e-02 -1.896722854463954500e+00 1.104443768546719273e-01 6.097724156296739639e-02 9.920099876677425099e-01 -4.311962974433481977e-01
6.904668864768233050e-01 7.137245775038841833e-01 -1.176975197100756515e-01 4.407909051059634464e+01 -7.136031377045602975e-01 6.987122337093297775e-01 5.071268404576221439e-02 -2.131989495249179356e+00 1.184315858933244342e-01 4.897389030719400543e-02 9.917537585161807501e-01 -4.205089063717719067e-01
6.774687404973759319e-01 7.265189047932555377e-01 -1.149190437956543187e-01 4.426886144489743913e+01 -7.251804384379435531e-01 6.858579910860511664e-01 6.092739753475549108e-02 -2.366697598914141221e+00 1.230830506440712679e-01 4.206063529494812742e-02 9.915046472925552745e-01 -3.549268087683296047e-01
6.733176795956459237e-01 7.308301305303638307e-01 -1.119402637700420700e-01 4.445252526127048753e+01 -7.283817282092909240e-01 6.816653675422998937e-01 6.922705182418124881e-02 -2.597481883256150148e+00 1.268990163664863724e-01 3.492344488152185344e-02 9.913006570374225390e-01 -2.957533170744992002e-01
6.690277408183229468e-01 7.352287968234638704e-01 -1.088140539500880577e-01 4.464188873738840613e+01 -7.322138185442832459e-01 6.771247217943530128e-01 7.324639969117749394e-02 -2.800124386446596780e+00 1.275335483248640489e-01 3.067128064561321782e-02 9.913599077001387094e-01 -3.754411569087694467e-01
6.639967579650265517e-01 7.405685449813816934e-01 -1.032789213542307238e-01 4.483913173753580139e+01 -7.371865805158792639e-01 6.714738324347999665e-01 7.535806435032384176e-02 -3.030902813809902341e+00 1.251569051999902593e-01 2.609832445735888254e-02 9.917936411075033432e-01 -3.982142656815572113e-01
6.604284914428548703e-01 7.451785218464606064e-01 -9.242931498847659078e-02 4.501900601823678016e+01 -7.420147440238198389e-01 6.665288143055891901e-01 7.178759887090849223e-02 -3.251167806361966228e+00 1.151013785398773692e-01 2.117333887485259997e-02 9.931280694749848870e-01 -3.355656667068025456e-01
6.545811661728999642e-01 7.506027351729485098e-01 -9.010566487527252311e-02 4.519144117016481488e+01 -7.477978796428244035e-01 6.603716357091529154e-01 6.861219973527789284e-02 -3.467305077734719632e+00 1.110037300878767286e-01 2.246857142112958575e-02 9.935659692264381393e-01 -3.164609176951292402e-01
6.440425452083069491e-01 7.596637947822726389e-01 -9.011170211799893193e-02 4.533577474980944544e+01 -7.568470602886516740e-01 6.498921814610482128e-01 6.944551683316965707e-02 -3.682098337576384495e+00 1.113181355127363381e-01 2.347490943107326256e-02 9.935075245478369732e-01 -3.011842483719243124e-01
6.186872059354349140e-01 7.798248236408630296e-01 -9.539069999377178255e-02 4.547289211696470801e+01 -7.770078603089417557e-01 6.253111009912810658e-01 7.242107424770791169e-02 -3.917624983060068455e+00 1.161246150905350938e-01 2.931333161837570978e-02 9.928019955456909296e-01 -3.347589741799898988e-01
5.524327341553532111e-01 8.294578150428685293e-01 -8.257001452071710546e-02 4.569933395291675282e+01 -8.259043257554471440e-01 5.580609025048011151e-01 8.031235144090367872e-02 -4.397977647253393130e+00 1.126948043703928648e-01 2.382776027740629576e-02 9.933439076714979388e-01 -3.477457544906943365e-01
5.135608094887973429e-01 8.549431222614554127e-01 -7.299008600519336920e-02 4.580054216143810919e+01 -8.507152749378334988e-01 5.184244444726600065e-01 8.671572153110738979e-02 -4.654583462890039769e+00 1.119768545042138935e-01 1.755998493872351629e-02 9.935556506730228721e-01 -3.297622297091375443e-01
4.801019215228358172e-01 8.749837764082215585e-01 -6.249428751884648220e-02 4.589508779612746991e+01 -8.698869472715982099e-01 4.840706743446370197e-01 9.472212627484817571e-02 -4.898468627112159801e+00 1.131319756593187342e-01 8.886690156399590368e-03 9.935402270776374500e-01 -2.599062081612696917e-01
4.204668583915902591e-01 9.059519216228233418e-01 -4.958565016433679612e-02 4.607768707119078044e+01 -8.993601738391783229e-01 4.233786585690645365e-01 1.090953215322373465e-01 -5.388640429809405497e+00 1.198286222330420259e-01 -1.275608158153612726e-03 9.927937721992204922e-01 -2.153676226627516399e-01
4.126632449336892217e-01 9.100296871403124044e-01 -3.943367601560008456e-02 4.615079800784283748e+01 -9.045026917973064684e-01 4.145035422301529549e-01 1.003079957435245861e-01 -5.609569932535235282e+00 1.076286523757739311e-01 -5.725556912744393656e-03 9.941746784070764065e-01 -1.652702670154755360e-01
4.038810649635884431e-01 9.143295713876647968e-01 -2.969040669858079989e-02 4.623908592940358631e+01 -9.097200932199812629e-01 4.048410512412731199e-01 9.226632766990183754e-02 -5.820677682032092903e+00 9.638172729156954666e-02 -1.025466313002728475e-02 9.952916178328757857e-01 -2.061171019608602772e-01
3.981305869449434098e-01 9.170790659708010217e-01 -2.140146016042578786e-02 4.631531942691525927e+01 -9.138938112088310639e-01 3.985489081334236960e-01 7.718075964807066813e-02 -6.046096915403130545e+00 7.931038754836819415e-02 -1.116935914809750324e-02 9.967873935013165099e-01 -2.027301774277857349e-01
4.018695059163231997e-01 9.156353768764969869e-01 -1.061870174764943664e-02 4.642929275636927855e+01 -9.130480009565024035e-01 4.015614426016381744e-01 7.135653974952968492e-02 -6.270845912912099251e+00 6.960063335850599775e-02 -1.898063296959734067e-02 9.973943489955054975e-01 -1.668772393910596397e-01
